AA1,0.46272110941088324,0,0.5372788905891167,0
AI1,0.08333414743314785,0,0.8454140827110755,0.0712517698557767
AE1,0.10142615545974232,0.24300966801032498,0.1680118347894209,0.4875523417405117
AO1,0.10231961380028028,0.016511071762090285,0.4379428377986852,0.44322647663894427
IA1,0.22093026891812068,0.06400028694690729,0.4795319249028135,0.23553751923215846
II1,0.04997677367149232,0.011417004955699422,0.541782312131531,0.39682390924127714
IE1,0.1106960692183406,0.30094381913033214,0.15379958475723926,0.43456052689408814
IO1,0.048348716671110986,0.027165317820043465,0.3834247522925485,0.541061213216297
EA1,0,0.6489207877061096,0,0.35107921229389033
EI1,0,0.0753716408223166,0.09473777419831199,0.8298905849793714
EE1,0.15909280814307317,0.0525313684968975,0.41348806539669775,0.37488775796333146
EO1,0.015721526397155742,0.03329361536666745,0.30868457227107654,0.6423002859651001
OA1,0.06660236884886582,0.21261526757588534,0.1683273392609407,0.552455024314308
OI1,0.014560966886738696,0.04064512163049232,0.2409316922107161,0.703862219272053
OE1,0.16264558101554077,0.15666256721572897,0.2650816772804299,0.41561017448830023
OO1,0.01720649398129903,0.03077882796461135,0.2945981558483422,0.6574165222057474
AA2,0.3283682368938135,0.02665177187082416,0.4677590169247089,0.17722097431065353
AI2,0.026642161722954607,0.02054458302232416,0.5200111079502618,0.4328021473044593
AE2,0,0.5751457314220414,0,0.42485426857795855
AO2,0,0.0851286046113443,0.13251109469120068,0.782360300697455
IA2,0.4750741131594308,0.01922217883777272,0.40415045090915414,0.10155325709364227
II2,0.058528460470177054,0.0048835463632386335,0.7045773013838194,0.232010691782765
IE2,0.2456748836807372,0.18525395087769755,0.19809709583692034,0.37097406960464485
IO2,0.07214261735748119,0.015297511920322885,0.504535709364856,0.40802416135733993
EA2,0,0.5751457314220414,0,0.42485426857795855
EI2,0,0.06017862766469095,0.1664093648351877,0.7734120075001214
EE2,0.2834122086703889,0.02740176958366261,0.46288454772487025,0.22630147402107822
EO2,0.02119793814946547,0.02313351430639203,0.4642851376545332,0.4913834098896093
OA2,0.37802942707260484,0.14903826692674563,0.21691529392071374,0.25601701207993577
OI2,0.0524090100886149,0.011333348001378515,0.6141779972319243,0.32207964467808226
OE2,0.34229357648917497,0.023002716517258274,0.4634695400444382,0.1712341669491285
OO2,0.06968841820292355,0.005591258454211673,0.6660188755584902,0.25870144778437465
AA3,0.15214450868999435,0,0.7330776429535697,0.11477784835643602
AI3,0.32112379542401226,0,0.6195199316065603,0.059356272969427415
AE3,0.08669054149267,0.5057554679550162,0.10657991798872594,0.3009740725635879
AO3,0.30975531275470664,0.1522739383978496,0.2848781076462669,0.2530926412011769
IA3,0.036223517247466155,0,0.7409697661999493,0.22280671655258452
II3,0.12445775887446746,0.0653298734682997,0.4584098626747911,0.3518025049824417
IE3,0.09545264816071361,0.5796236875550816,0.086852830696988,0.2380708335872168
IO3,0.16536388311669678,0.24403041810018214,0.24242405168086964,0.3481816471022515
EA3,0,0.1625146152486023,0.0914048358917038,0.746080548859694
EI3,0,0.19529509987682664,0.07874502150508707,0.7259598786180863
EE3,0.29265259782001823,0.09680095095738916,0.3143796251821156,0.29616682604047706
EO3,0.06339350989772599,0.19963648552713992,0.2186921429125462,0.5182778616625877
OA3,0,0.028291797144906188,0.20797076683210325,0.7637374360229906
OI3,0.05030534864451665,0.12101142882510856,0.20632172604940047,0.6223614964809743
OE3,0.2288458466051383,0.31758028132882626,0.17804762119383066,0.27552625087220467
OO3,0.08616909409865044,0.2728185491966015,0.18003779325712616,0.4609745634476219
AA4,0.005382588661386881,0,0.7066952516278977,0.2879221597107155
AI4,0.05290838198848466,0.04620153945292564,0.3858287936507654,0.5150612849078242
AE4,0,0.7002042293390445,0,0.29979577066095564
AO4,0.041205387543815274,0.2686408826173576,0.14899927202648508,0.5411544578123422
IA4,0.04926607147127379,0,0.7794757297961001,0.17125819873262602
II4,0.1669725685658677,0.01091215380789168,0.512273374036131,0.3098419035901096
IE4,0.24974437859712798,0.27958628828588844,0.1466910256168132,0.3239783075001704
IO4,0.26074068011485657,0.08373392911048815,0.2969690503164345,0.3585563404582209
EA4,0,0.07631677994370228,0.12093517723749646,0.8027480428188012
EI4,0,0.08593121634468372,0.1070446739517112,0.807024109703605
EE4,0.42765666416663656,0.03915717368425197,0.3017945072323421,0.2313916549167694
EO4,0.09845267060249634,0.09972352922177903,0.27384777352334994,0.5279760266523746
OA4,0.0549352510577379,0.012590449627028804,0.4405757998409846,0.49189849947424874
OI4,0.16101534969331366,0.01865412706888545,0.42431855023854215,0.3960119729992588
OE4,0.5547905046122228,0.02874333897671564,0.2615119024047715,0.1549542540062901
OO4,0.4265501735434607,0.027204152999214262,0.327224704891993,0.2190209685653321
