AA1,0.6245015753679699,0,0.37549842463203,0
AI1,0.4149727977956416,0,0.5663529945451161,0.018674207659242343
AE1,0.30506045607807836,0.08794470616111873,0.35078126010506216,0.2562135776557406
AO1,0.22510849931278584,0.006743164209340824,0.6120926978436076,0.1560556386342658
IA1,0.5153786733152339,0.0016353502769960073,0.4652218971211695,0.01776407928660061
II1,0.3160304868155111,0.0012611256440909157,0.632099649950138,0.050608737590259814
IE1,0.3197983861459232,0.09095294284950659,0.34051194770947274,0.24873672329509755
IO1,0.17078007149418023,0.008202275470778623,0.6368918866521434,0.18412576638289763
EA1,0,0.3501167079611027,0,0.6498832920388973
EI1,0,0.06540115243263651,0.2709008746591598,0.6636979729082036
EE1,0.3551349049205017,0.025515388243480392,0.4869652220818585,0.1323844847541595
EO1,0.08268833308804185,0.026142646396892517,0.5217567157807353,0.36941230473433034
OA1,0.292670719542627,0.023877425783827934,0.4884483736632558,0.19500348101028928
OI1,0.16317607413357954,0.011030936282797001,0.5746096795168968,0.2511833100667267
OE1,0.3635738206263879,0.06031127968225436,0.40410061895436505,0.17201428073699274
OO1,0.06080971565930692,0.010557037126402803,0.5877589859520577,0.3408742612622327
AA2,0.4995281420176521,0.0011369466052301319,0.47691111406313286,0.022423797313984903
AI2,0.2717077365858427,0.0015271948575950327,0.6458526418035222,0.08091242675304011
AE2,0,0.30167779630189395,0,0.698322203698106
AO2,0,0.021823792367904847,0.480448916764491,0.49772729086760426
IA2,0.5196337423639236,0.001091804120655761,0.4627987346890157,0.016475718826404973
II2,0.3282447383222852,0.00092679424194305,0.6242172020576968,0.04661126537807476
IE2,0.3734451375070595,0.07315201108245546,0.3295374627032284,0.22386538870725667
IO2,0.18736202402449215,0.007010036432560503,0.6296299946071676,0.17599794493577975
EA2,0,0.30167779630189395,0,0.698322203698106
EI2,0,0.0603356244162633,0.31007613320996397,0.6295882423737728
EE2,0.4094263910368993,0.022867385558148323,0.44919760329203234,0.11850862011292007
EO2,0.08607993613661066,0.02551683683324272,0.5235276284595936,0.3648755985705531
OA2,0.5569107644825467,0.0051258837409072526,0.417962150901032,0.020001200875514068
OI2,0.3611607018917438,0.0014204366118563375,0.5934819638990652,0.04393689759733465
OE2,0.43344790410525313,0.020924075680390963,0.44472860080925114,0.10089941940510472
OO2,0.2760508382722004,0.005236822013809772,0.62315405027826,0.09555828943572994
AA3,0.4251440940804259,0,0.5478366857826461,0.027019220136927948
AI3,0.47012194245162064,0,0.5133923444212884,0.01648571312709088
AE3,0.2862233881715158,0.15294286801256599,0.314947921213349,0.24588582260256908
AO3,0.5251176851447888,0.007309816847728524,0.44228847234232505,0.02528402566515755
IA3,0.2978788884641022,0,0.6411289807121018,0.06099213082379605
II3,0.3736998548663867,0.002131815671419218,0.5766555387671655,0.04751279069502858
IE3,0.298845074416033,0.16511005457082018,0.2999295714874189,0.23611529952572805
IO3,0.4435910624219097,0.016111660802719904,0.4885307736505808,0.051766503124789594
EA3,0,0.08876094043289591,0.2632784305127866,0.6479606290543175
EI3,0,0.09523834059644938,0.25631218202923367,0.648449477374317
EE3,0.38114625538808444,0.028699422829371914,0.4545350050411653,0.1356193167413783
EO3,0.2436750450203082,0.06461841472875975,0.4286582161529422,0.2630483240979898
OA3,0,0.00812703158313943,0.5027834687369339,0.4890894996799266
OI3,0.22757405399468228,0.02066387916426833,0.5047711432737461,0.24699092356730326
OE3,0.3655260999570602,0.09118866622935337,0.3717266456848132,0.17155858812877323
OO3,0.3031517395874848,0.0569773855851809,0.46170501747806253,0.17816585734927162
AA4,0.20716979175083242,0,0.6682625841782087,0.12456762407095895
AI4,0.2843872920251959,0.002182018371452019,0.6246848150976447,0.08874587450570758
AE4,0,0.35656827840034183,0,0.6434317215996582
AO4,0.3478612657777309,0.027080260457099777,0.5164978786542757,0.10856059511089368
IA4,0.29977569383489133,0,0.6388169558181401,0.06140735034696848
II4,0.368073898517816,0.0010165482866697543,0.5820533535521313,0.04885619964338287
IE4,0.3526699221260258,0.09353414354870847,0.2985901114379473,0.2552058228873183
IO4,0.450004396683048,0.007352019727425204,0.4893853405222182,0.05325824306730862
EA4,0,0.05684502805141367,0.25473407082041166,0.6884209011281748
EI4,0,0.058681836390691945,0.2489752643995004,0.6923428992098076
EE4,0.41586579525158646,0.025294780447651787,0.4205640217791774,0.1382754025215843
EO4,0.23832658461462558,0.05197837686940246,0.42110241943415744,0.28859261908181455
OA4,0.35994119744759356,0.0007870721143151834,0.5726098931702968,0.06666183726779455
OI4,0.431893708645059,0.0014078283487530905,0.5222941449098398,0.04440431809634815
OE4,0.4487369512430874,0.022866316394606706,0.41101616265781277,0.11738056970449313
OO4,0.5272439379454604,0.002890694838141057,0.4424907223410082,0.027374644875390396
