AA1,0.5021783363737047,0,0.49782166362629526,0
AI1,0.31593512215156294,0,0.55215629544067,0.13190858240776715
AE1,0.2562605060566984,0.10417529558279671,0.3999768913869342,0.23958730697357056
AO1,0.2495974609338346,0.04769495619135119,0.48677523469169864,0.21593234818311546
IA1,0.27110305344397234,0.08188195639963988,0.42195791230615143,0.22505707785023646
II1,0.20193489252514923,0.05122300262815324,0.47509103066159963,0.2717510741850978
IE1,0.2772644706058054,0.11188665976500249,0.38596492802928445,0.22488394159990774
IO1,0.19693406713921494,0.053788606929981046,0.47196349288132383,0.27731383304948015
EA1,0,0.4293276464397121,0,0.5706723535602879
EI1,0,0.09845375842922563,0.32551666162775617,0.5760295799430183
EE1,0.2829161536845323,0.06568114971262391,0.4511560316007743,0.20024666500206945
EO1,0.12622274033406677,0.06209981119795869,0.4431048020432366,0.3685726464247379
OA1,0.1615834683502104,0.14429986885237917,0.33752504068450484,0.35659162211290574
OI1,0.09079586481584011,0.07667880289172745,0.4175866811393337,0.41493865115309886
OE1,0.29232211978737316,0.09064914253821839,0.41573415083834514,0.20129458683606327
OO1,0.1369507097846792,0.05966694414492514,0.4514988989496316,0.351883447120764
AA2,0.2937625665754113,0.058358061005679786,0.44995136255832524,0.19792800986058373
AI2,0.16338782275504132,0.059439564012258014,0.47374698977021296,0.3034256234624877
AE2,0,0.3770036376393954,0,0.6229963623606045
AO2,0,0.12042408522931417,0.3362542339011501,0.5433216808695357
IA2,0.3244485924788444,0.055641094884127835,0.4469094650664146,0.17300084757061313
II2,0.2444039485551272,0.03756221542695255,0.5058897130019816,0.21214412301593866
IE2,0.3382351891270511,0.08440668093951394,0.39993282049710105,0.17742530943633383
IO2,0.24126251053242342,0.042187958276131685,0.49813977659823216,0.2184097545932128
EA2,0,0.3770036376393954,0,0.6229963623606045
EI2,0,0.0867828734401088,0.40648219623079435,0.5067349303290969
EE2,0.3377798828527892,0.051180232510935085,0.4564476518034857,0.15459223283279006
EO2,0.15968828728686366,0.05307784320146664,0.49092952408058566,0.2963043454310841
OA2,0.3162287178675616,0.10202288097680288,0.36751658787709696,0.2142318132785384
OI2,0.20614368120003845,0.0382563558645342,0.5108500962354068,0.2447498667000204
OE2,0.35696759593713745,0.04885835020819059,0.4540034921337939,0.1401705617208779
OO2,0.2451174199099356,0.03387001402139848,0.5109268792436704,0.2100856868249954
AA3,0.32089050343114367,0,0.5258804743504236,0.15322902221843268
AI3,0.35870916990845614,0,0.5176008192043485,0.12369001088719522
AE3,0.2745383829881794,0.14381121422562002,0.362063938724613,0.21958646406158752
AO3,0.3396815360728789,0.07622839942454683,0.42868081177139794,0.15540925273117637
IA3,0.19956163750014186,0,0.530820426086344,0.2696179364135142
II3,0.22604184004228156,0.07729967954672605,0.4422825721031691,0.25437590830782336
IE3,0.2927887482992385,0.16074285142977848,0.3434387953447821,0.20302960492620087
IO3,0.2584577487580629,0.12149823448415932,0.39083114317813283,0.2292128735796451
EA3,0,0.12857551350965707,0.32330644656968016,0.5481180399206627
EI3,0,0.14782753060804582,0.3061541938113487,0.5460182755806056
EE3,0.3129993761269247,0.08088981915043458,0.4176553991776342,0.18845540554500662
EO3,0.1988889541243551,0.11750855997670429,0.3831728486924638,0.3004296372064768
OA3,0,0.06779701479080262,0.3952925081738276,0.5369104770353699
OI3,0.10458958946646595,0.11850800745110308,0.38856720692441865,0.38833519615801226
OE3,0.31587523540262713,0.1224931202482462,0.3765541496958799,0.18507749465324677
OO3,0.20993159622221652,0.13469524926442514,0.37625126422740457,0.27912189028595386
AA4,0.07191108680021085,0,0.5586444364236848,0.36944447677610437
AI4,0.1757741105867981,0.08563140499303905,0.4309710107291811,0.3076234736909817
AE4,0,0.4833555040511993,0,0.5166444959488007
AO4,0.1684829733056828,0.15928091262257757,0.3364841618716596,0.33575195220008014
IA4,0.23280891005620405,0,0.5425307334173597,0.22466035652643618
II4,0.26772064911616683,0.0511764443942805,0.46335496225778233,0.21774794423177046
IE4,0.357294138986704,0.10680273804682787,0.357184168450164,0.17871895451630415
IO4,0.31098843825847294,0.07805627049852751,0.41204780228614546,0.19890748895685406
EA4,0,0.09956496254877956,0.3815706936233396,0.5188643438278808
EI4,0,0.10835583492494692,0.36680752905966285,0.5248366360153902
EE4,0.3650159419537193,0.0611836046607472,0.41473211206657173,0.1590683413189618
EO4,0.24252320070279576,0.0866557856392561,0.4082283363928035,0.2625926772651447
OA4,0.17338943264641665,0.04241073420705888,0.48827764803037915,0.29592218511614526
OI4,0.23159026429737287,0.04742755646803434,0.4673613321717258,0.25362084706286697
OE4,0.38641226331644385,0.05816775936398421,0.41140546683123247,0.14401451048833952
OO4,0.3338560298010935,0.05309223538706871,0.4344381807984468,0.17861355401339096
