AA1,0.38590199582703216,0,0.6140980041729679,0
AI1,0.08830335243404634,0,0.5551645648945294,0.35653208267142433
AE1,0.039254752387311964,0.3133465066038688,0.16811666393054214,0.479282077078277
AO1,0.04003220974016086,0.20512544996801965,0.308044999832929,0.44679734045889047
IA1,0.11047775055748066,0.2554883639955957,0.270945832406305,0.36308805304061864
II1,0.04346179961306227,0.1754804242851961,0.32356050790049246,0.45749726820124925
IE1,0.048520033108778324,0.32787711893431426,0.15492146565357995,0.46868138230332756
IO1,0.03040838500817994,0.21619012874097784,0.2800072957981104,0.47339419045273184
EA1,0,0.47323555759297026,0,0.5267644424070297
EI1,0,0.22121992506729019,0.2268646081075366,0.5519154668251732
EE1,0.06598321837907999,0.20527414977334604,0.29303398754538823,0.43570864430218575
EO1,0.029332971853108437,0.19013615465679254,0.2779342674482333,0.5025966060418658
OA1,0.06351744684755105,0.31124467196839767,0.19830885446321586,0.42692902672083544
OI1,0.02773091143768186,0.18969220233860698,0.2908963395112237,0.49168054671248745
OE1,0.059908946299577846,0.2745371990543386,0.2142267055273009,0.45132714911878263
OO1,0.02658996104596368,0.20101164645758077,0.28254944102279,0.4898489514736656
AA2,0.13464422026000833,0.21059294048638552,0.30454544493705854,0.3502173943165477
AI2,0.04016515943036848,0.1935548140970579,0.3040873504977888,0.4621926759747849
AE2,0,0.4478011362555183,0,0.5521988637444817
AO2,0,0.2855788155693486,0.20066305783932717,0.5137581265913241
IA2,0.15034295400478806,0.2060856440168129,0.3084992741121198,0.33507212786627916
II2,0.05712760910377652,0.14417773730647218,0.37711363604049,0.4215810175492614
IE2,0.08487181948403676,0.28659751689041335,0.19763693918412892,0.4308937244414209
IO2,0.04812912443646363,0.18726499735191257,0.33046803717576106,0.4341378410358628
EA2,0,0.4478011362555183,0,0.5521988637444817
EI2,0,0.19950148989794417,0.28632336999259855,0.5141751401094573
EE2,0.10676138194350329,0.17170186703298523,0.341635838566781,0.37990091245673047
EO2,0.04230494298619309,0.16679656242577065,0.3398078666129269,0.45109062797510924
OA2,0.1230255345730526,0.27452856829891875,0.2169525527648672,0.38549334436316146
OI2,0.04763345942449482,0.11751931109393893,0.40565002605305095,0.4291972034285153
OE2,0.11939026101269166,0.17005755931152702,0.3420355333916618,0.3685166462841194
OO2,0.06300793807440791,0.132928947123205,0.3931115794277598,0.4109515353746273
AA3,0.11229245949349767,0,0.5158971649711152,0.37181037553538715
AI3,0.14407748391389186,0,0.5155894081422729,0.34033310794383514
AE3,0.052878658810683356,0.36433203824535615,0.14462196683290054,0.43816733611105985
AO3,0.0911150157892902,0.2865705502417875,0.2372048144756738,0.3851096194932484
IA3,0.060321530067667675,0,0.4946520633379436,0.44502640659438863
II3,0.07053306990034118,0.2235799880170769,0.29379836307976603,0.4120885790028159
IE3,0.06611106934427949,0.3811620851290812,0.13118377895921493,0.4215430665674244
IO3,0.07148368309898907,0.30821418591324523,0.21553275129673005,0.4047693796910357
EA3,0,0.2511530985862802,0.2113094541795282,0.5375374472341916
EI3,0,0.25955969903957643,0.20398273820007082,0.5364575627603527
EE3,0.09773674729936359,0.23000403845600537,0.25947002756945664,0.4127891866751744
EO3,0.056228827605831776,0.2485853564297175,0.22795534850647123,0.4672304674579795
OA3,0,0.1863967122751654,0.2989448079117636,0.514658479813071
OI3,0.048500409025791405,0.23164813698745773,0.2655005819492257,0.45435087203752506
OE3,0.08692462286121048,0.3141205802824612,0.18495298176440236,0.41400181509192585
OO3,0.06314764791139268,0.28864221038814886,0.22268912202015087,0.4255210196803077
AA4,0.02819220314192357,0,0.5162941394011259,0.4555136574569506
AI4,0.05162078920171162,0.254717593607243,0.2626260632154527,0.4310355539755927
AE4,0,0.5223360800243376,0,0.4776639199756624
AO4,0.0413331434579153,0.37661488793020204,0.15572753879192036,0.4263244298199624
IA4,0.07265789923063563,0,0.5175104876995551,0.4098316130698093
II4,0.08239366943666293,0.18924909045568433,0.32069837024132447,0.40765886986632816
IE4,0.09186941119975293,0.34859700461053683,0.14843387614729045,0.41109970804241974
IO4,0.08701746987104116,0.2751805540262498,0.2377060286818667,0.4000959474208425
EA4,0,0.2380396681555073,0.23533762397971164,0.526622707864781
EI4,0,0.2442920358895788,0.22786773947635497,0.5278402246340662
EE4,0.12399825013877379,0.2100951266414752,0.27468577238707775,0.39122085083267316
EO4,0.0672813432056851,0.23048226881877545,0.2493008187062217,0.45293556926931766
OA4,0.042843311163278136,0.1405975730471188,0.3540537941605961,0.46250532162900687
OI4,0.07638742782683217,0.14745486786541703,0.3408567905785322,0.4353009137292186
OE4,0.1399119000794273,0.20749475831406414,0.2741475911807825,0.378445750425726
OO4,0.11289567017520936,0.19025213455815038,0.2980744195166163,0.39877777575002404
