AA1,0.5133807082929841,0,0.48661929170701596,0
AI1,0.3426558706431113,0,0.5421748830042842,0.1151692463526045
AE1,0.09018668754212318,0.3900224458855233,0.10794718192425704,0.4118436846480965
AO1,0.08505426510830763,0.2268998955212369,0.30001200112148435,0.3880338382489711
IA1,0.2027436165914733,0.25894093854036987,0.23493619867253182,0.3033792461956251
II1,0.14363992978101478,0.25368764775300306,0.26230343922729277,0.34036898323868936
IE1,0.09123784329555376,0.3931059724142094,0.1071511687109029,0.40850501557933394
IO1,0.0751343583326449,0.21905516389400187,0.2800968384851759,0.42571363928817724
EA1,0,0.5135379455376061,0,0.48646205446239393
EI1,0,0.4393548879588894,0.062083448377357124,0.49856166366375354
EE1,0.11213673981739151,0.36383697418694655,0.13521718166078436,0.3888091043348776
EO1,0.06190841213717288,0.3180366564156679,0.12351291111192625,0.4965420203352329
OA1,0.08191999129327963,0.40238426219755175,0.10723550975905345,0.40846023675011517
OI1,0.07399954697328757,0.36312163050478286,0.14004015463710393,0.4228386678848257
OE1,0.10622018257279378,0.3734911015596817,0.12478035837462365,0.39550835749290086
OO1,0.04894409741844256,0.2920649552287733,0.1831803290367396,0.4758106183160446
AA2,0.20623740991719786,0.22371970839204974,0.2630560278846058,0.30698685380614665
AI2,0.13713086696327242,0.22399577133280443,0.2769594680067507,0.36191389369717236
AE2,0,0.5085479492488895,0,0.4914520507511106
AO2,0,0.2746950087342702,0.20756764041135115,0.5177373508543787
IA2,0.24961524173899996,0.21716574752623655,0.2634303570486635,0.26978865368610006
II2,0.1730545425446487,0.21687557685957992,0.3025904115376844,0.3074794690580869
IE2,0.1388552466175458,0.34975200882157426,0.14612185562998856,0.36527088893089144
IO2,0.11218100290714852,0.1904771801984285,0.3202370706069289,0.377104746287494
EA2,0,0.5085479492488895,0,0.4914520507511106
EI2,0,0.42736913889430006,0.09596213181800428,0.47666872928769566
EE2,0.15618668687872703,0.32276394907267913,0.1770124213255634,0.34403694272303054
EO2,0.07600679549775768,0.30336547421338694,0.1771253447283927,0.4435023855604627
OA2,0.1650354609520204,0.35886050498769295,0.13159660266204082,0.34450743139824574
OI2,0.12088875830456369,0.3194928330684018,0.1993443856909819,0.36027402293605265
OE2,0.16621818074007286,0.31703136456406106,0.180152738677245,0.3365977160186212
OO2,0.12337704102994496,0.2647004258775821,0.22942771469911036,0.3824948183933625
AA3,0.32274901669911116,0,0.5550847329312876,0.12216625036960112
AI3,0.35226033880176977,0,0.5405014507259726,0.10723821047225773
AE3,0.08684338308195887,0.3991890369766565,0.09913085454985951,0.41483672539152505
AO3,0.18665961032810705,0.31170818200374695,0.19721283365452522,0.3044193740136209
IA3,0.2046588398239706,0,0.49758598394232484,0.29775517623370457
II3,0.1551563743209766,0.26281522243994065,0.25764110038189,0.32438730285719275
IE3,0.0876854454136433,0.40434361753730674,0.09797458558426778,0.40999635146478225
IO3,0.16771906266970368,0.29646695154282543,0.20328541847223094,0.33252856731523994
EA3,0,0.41904747716922774,0.057806112578253584,0.5231464102525186
EI3,0,0.41985944816044174,0.05746388673139479,0.5226766651081635
EE3,0.11713479753690227,0.36152880566348966,0.1260120979503276,0.3953242988492804
EO3,0.06992965553757775,0.4022980658627545,0.08080185688004246,0.44697042171962525
OA3,0,0.36284189415216106,0.14586428383283162,0.4912938220150074
OI3,0.07747446430399861,0.34910183898566366,0.13729201840628297,0.43613167830405486
OE3,0.10964679967379007,0.37267821217033736,0.11626855507955357,0.40140643307631896
OO3,0.10071798841688283,0.371161562043983,0.1298873874128069,0.3982330621263274
AA4,0.08412158296092981,0,0.487793164876679,0.42808525216239124
AI4,0.1213035620868913,0.25376059864019546,0.2624750666042935,0.3624607726686197
AE4,0,0.51733735381119,0,0.48266264618881005
AO4,0.1117309103377626,0.31960774578737844,0.18580735979327118,0.3828539840815879
IA4,0.24147045903240277,0,0.5066878558637979,0.25184168510379934
II4,0.18134045512245228,0.23509412137186406,0.27837538572726145,0.30519003777842235
IE4,0.12707314678730544,0.3784450883442738,0.11471345637054287,0.37976830849787796
IO4,0.20644605314292155,0.2694150711821717,0.21880723371963678,0.30533164195526996
EA4,0,0.4267019115633662,0.07290880148396253,0.5003892869526713
EI4,0,0.427312238330644,0.07253255059193263,0.5001552110774233
EE4,0.1484999325138798,0.34681846225386065,0.1407337827134108,0.3639478225188487
EO4,0.08720616050843352,0.3960745751179254,0.09601035677432297,0.42070890759931817
OA4,0.09017581009075705,0.32505840564265764,0.19651316491289264,0.3882526193536926
OI4,0.13055447875158213,0.31973047792501774,0.17766138829615052,0.3720536550272496
OE4,0.15867422019685942,0.3413592429638076,0.14333272577703512,0.35663381106229786
OO4,0.1691456749688605,0.33609521680794685,0.1490623063296145,0.34569680189357804
