AA1,0.5454628175198014,0,0.4545371824801986,0
AI1,0.07974944955345503,0,0.8041802781827337,0.11607027226381122
AE1,0.020796032828081956,0.435675356256812,0.03569032058065239,0.5078382903344537
AO1,0.022354472716613605,0.19822762947392497,0.25828251490002146,0.52113538290944
IA1,0.23252785162637055,0.22052452385392496,0.3322220398599532,0.21472558465975142
II1,0.04446772533132149,0.15166754357703538,0.45266026035755413,0.35120447073408906
IE1,0.02366053243027483,0.45371530334840715,0.03131676969431595,0.4913073945270021
IO1,0.015912386047284205,0.20872109824113205,0.24105292019836805,0.5343135955132157
EA1,0,0.558012516624887,0,0.441987483375113
EI1,0,0.15888430224190878,0.14199795606966967,0.6991177416884216
EE1,0.10615457648587297,0.18532498916609816,0.36922267057619657,0.33929776377183235
EO1,0.037402098152920754,0.14760858119994424,0.32134968216305115,0.49363963848408393
OA1,0.09561982133138207,0.3663138477016272,0.13995070324987013,0.39811562771712056
OI1,0.027288923554810125,0.17081051374809433,0.221883618328572,0.5800169443685236
OE1,0.08800230412285706,0.29525210102028515,0.2051956098888397,0.41154998496801815
OO1,0.030250204488887544,0.1637721801944107,0.2273121795586692,0.5786654357580324
AA2,0.30753438081841883,0.15100672637859705,0.3588976281559574,0.18256126464702682
AI2,0.029834804066459088,0.15061545053550313,0.4648442658924566,0.35470547950558107
AE2,0,0.5112127469824516,0,0.4887872530175485
AO2,0,0.2575459868956026,0.13588663177483098,0.6065673813295664
IA2,0.3720686477389621,0.13025882887621673,0.34454246427965757,0.1531300591051636
II2,0.06351636558420261,0.10702524826508059,0.5419163413417307,0.28754204480898604
IE2,0.056705790905237655,0.41285359852385806,0.04447350103265964,0.4859671095382445
IO2,0.03387308252208986,0.18210250247621637,0.28190564783537225,0.5021187671663215
EA2,0,0.5112127469824516,0,0.4887872530175485
EI2,0,0.16153416486185498,0.1846990328943149,0.6537668022438301
EE2,0.23501474055422525,0.13526867671880097,0.3781403928226539,0.2515761899043199
EO2,0.06199341392459332,0.12726233933630188,0.39983256211555046,0.41091168462355426
OA2,0.22498672117471294,0.3166663515879461,0.15082512781738835,0.3075217994199525
OI2,0.06552428299095854,0.08693774545596178,0.4497857940482388,0.39775217750484076
OE2,0.2942978602364958,0.11981703250019021,0.375303658188337,0.21058144907497697
OO2,0.12141663244946845,0.08441681319752499,0.48180791821366176,0.31235863613934484
AA3,0.1434859776944536,0,0.7001904295785617,0.15632359272698473
AI3,0.25580669808871687,0,0.6477291854459127,0.09646411646537038
AE3,0.027189310991176566,0.5309437765195447,0.02659300031118217,0.41527391217809645
AO3,0.10157158972143882,0.43936042417218707,0.07125282493661055,0.3878151611697636
IA3,0.07679107566974895,0,0.7055295584929702,0.21767936583728098
II3,0.11688494288479928,0.27029249520006504,0.34630308073673965,0.266519481178396
IE3,0.032936177334965004,0.5563041251964925,0.022602161062210083,0.3881575364063324
IO3,0.17189602207910692,0.4087451610904599,0.11934884955537572,0.30000996727505747
EA3,0,0.1874166275312628,0.12147192706732889,0.6911114454014083
EI3,0,0.19249381471574945,0.11829452963837515,0.6892116556458754
EE3,0.29545781438373003,0.16372147787617053,0.25646826385630467,0.28435244388379477
EO3,0.18424120876200478,0.19785876898572977,0.25115776720677935,0.3667422550454862
OA3,0,0.1034667086477509,0.18332074581770447,0.7132125455345447
OI3,0.1154963842039121,0.20504830151583853,0.18714720308116287,0.4923081111990864
OE3,0.21246706593698397,0.2937884152931266,0.1497050751643483,0.3440394436055412
OO3,0.17085357481604768,0.3575245150176185,0.12878841309411299,0.3428334970722207
AA4,0.02739752614605596,0,0.6577134169459232,0.3148890569080209
AI4,0.05961802006051478,0.23148577041849874,0.36568515891267567,0.343211050608311
AE4,0,0.5947576820573597,0,0.4052423179426402
AO4,0.05233000515808057,0.4782604139542589,0.08047452263337997,0.38893505825428054
IA4,0.10025933947457583,0,0.7052197644316616,0.19452089609376252
II4,0.1437886387663881,0.15688482425440636,0.41366594389771505,0.2856605930814906
IE4,0.048915718197333924,0.4715933182071619,0.02787795116300289,0.45161301243250135
IO4,0.1988672711592718,0.3281165402856464,0.13424698960653153,0.33876919894855023
EA4,0,0.17638691412399532,0.12606522959075192,0.6975478562852527
EI4,0,0.17869299014084905,0.12291684853458047,0.6983901613245704
EE4,0.2803352825267829,0.16274150213141647,0.2619014971338535,0.2950217182079472
EO4,0.1714111199052353,0.19589332665914183,0.2551052212574362,0.37759033217818677
OA4,0.09847316078333307,0.09468980892625539,0.3369179640157122,0.46991906627469937
OI4,0.21733106500314678,0.09186551549487053,0.3065132161404018,0.38429020336158093
OE4,0.35653240419470755,0.14300949363336976,0.25317671954875925,0.24728138262316346
OO4,0.3707617676709329,0.1325277729511698,0.27328723043570297,0.2234232289421944
