AA1,0.4652145305592153,0,0.5347854694407848,0
AI1,0.16830363637899515,0,0.6601505872977413,0.17154577632326348
AE1,0.05860960103531165,0.37812813856611777,0.1319822444559782,0.43128001594259247
AO1,0.05790493212695193,0.19256658553476683,0.32880062333939647,0.4207278589988848
IA1,0.099781249894974,0.31893515212833173,0.20196804923624398,0.37931554874045037
II1,0.049286057970962,0.240328067686853,0.24702207072217347,0.4633638036200115
IE1,0.06219996843998021,0.39776550861511617,0.11892791874265239,0.42110660420225127
IO1,0.022506788947477856,0.20212095416973627,0.28798589513187683,0.487386361750909
EA1,0,0.5453115820848221,0,0.45468841791517783
EI1,0,0.33425119266992176,0.0642769386623546,0.6014718686677237
EE1,0.07433020162217362,0.3242703156342407,0.19847355679908246,0.4029259259445032
EO1,0.011288378094401474,0.267847827104138,0.17310480669471598,0.5477589881067445
OA1,0.023736773561164493,0.43478147844461024,0.06972503111581185,0.4717567168784134
OI1,0.014277803700492683,0.28774630071659285,0.12381127168089594,0.5741646239020186
OE1,0.07124687795347995,0.3606668638307882,0.15767574248901975,0.41041051572671206
OO1,0.011276429308264007,0.2347273447863915,0.19298881888334715,0.5610074070219974
AA2,0.1180152268932675,0.25021864439941793,0.25620175449682847,0.37556437421048616
AI2,0.036762473219705424,0.24459460952835854,0.26451150298259746,0.45413141426933856
AE2,0,0.5151143348157536,0,0.48488566518424636
AO2,0,0.27140657507136284,0.1749562376149243,0.5536371873137129
IA2,0.21364673163727985,0.22679840747765442,0.24938456221528013,0.31017029866978557
II2,0.08933772769058704,0.188632861982735,0.33122459510222574,0.3908048152244522
IE2,0.14987083044895774,0.3218555730923113,0.17482273577184318,0.3534508606868878
IO2,0.04833306585357939,0.16463612201781097,0.3717354593959275,0.4152953527326822
EA2,0,0.5151143348157536,0,0.48488566518424636
EI2,0,0.32461547761652393,0.11406810541144118,0.5613164169720349
EE2,0.16701076173345078,0.24749578165887948,0.27619149201131876,0.3093019645963509
EO2,0.02515145586518252,0.23571872575121064,0.29065426983892684,0.44847554854467997
OA2,0.0977301485699732,0.3954089174422522,0.07437163846517228,0.43248929552260224
OI2,0.03450811401598771,0.24200728351565842,0.230810893458818,0.49267370900953583
OE2,0.19357009597425637,0.23817754411392544,0.27676609259594986,0.2914862673158682
OO2,0.04996379698688699,0.18075209223274366,0.35476686491706716,0.41451724586330224
AA3,0.21041845069612614,0,0.596295254049706,0.19328629525416788
AI3,0.26731373243392115,0,0.5766451032544869,0.15604116431159204
AE3,0.06331204363278645,0.40605746599422504,0.11956871645228542,0.41106177392070314
AO3,0.15766196593221532,0.2875293544695666,0.2383881243105025,0.3164205552877154
IA3,0.06903040552333639,0,0.5649113609663663,0.36605823351029737
II3,0.07052708330523173,0.322408240373124,0.21803256373846744,0.38903211258317677
IE3,0.07470834327327891,0.4328141296776047,0.10507425923468008,0.3874032678144364
IO3,0.09009859816087448,0.3542157828400773,0.19270355119115531,0.362982067807893
EA3,0,0.3579295001668353,0.057786180678599454,0.5842843191545651
EI3,0,0.3740116206053963,0.052420558660043866,0.5735678207345598
EE3,0.11454622362199368,0.32458906571197405,0.174450636755619,0.3864140739104133
EO3,0.014869633869044892,0.3989879111312068,0.0847587061489616,0.5013837488507867
OA3,0,0.25750421230010084,0.12129040402494537,0.6212053836749537
OI3,0.01981252957642761,0.3433670766722588,0.10918911737044575,0.5276312763808678
OE3,0.09451960107994803,0.3752117317227448,0.1416223167944302,0.3886463504028769
OO3,0.03661662763437733,0.3908195141389695,0.11433415260566648,0.4582297056209867
AA4,0.021050896192065637,0,0.5739044113659834,0.4050446924419509
AI4,0.04247383148555898,0.3123682081601346,0.21500095835643543,0.43015700199787116
AE4,0,0.5820383824222596,0,0.41796161757774036
AO4,0.04420565170624884,0.3844123095471777,0.1542185895244677,0.4171634492221058
IA4,0.11541237630787665,0,0.6006443411760595,0.2839432825160639
II4,0.1209453666360854,0.22812128670208806,0.2642149562816269,0.38671839038019956
IE4,0.14904992345981333,0.36076305448563145,0.1312699263677514,0.35891709568680397
IO4,0.15110243901772863,0.27202158916639346,0.22285943934447722,0.3540165324714008
EA4,0,0.3435726064959415,0.07830338722284914,0.5781240062812093
EI4,0,0.3518289268759886,0.07172731613178329,0.576443756992228
EE4,0.1818646231222846,0.28380595762537547,0.19811592393974725,0.33621349531259276
EO4,0.02415959193226416,0.3755891437163098,0.1101009545608762,0.4901503097905498
OA4,0.03201133938705413,0.2496046994507907,0.1834100979900796,0.5349738631720755
OI4,0.06194775776171673,0.2691284094080444,0.16247334004897346,0.5064504927812654
OE4,0.21207603946689108,0.27350086932294737,0.19642838189555473,0.31799470931460677
OO4,0.09765983601917658,0.3023753360789948,0.17316323089986674,0.42680159700196185
