AA1,0.4582610164729855,0,0.5417389835270146,0
AI1,0.2290719609565741,0,0.48785144374089734,0.2830765953025286
AE1,0.09030623352844865,0.3434789129438715,0.14002294068912471,0.4261919128385551
AO1,0.08503208204079224,0.24254432114153257,0.2794852936949383,0.392938303122737
IA1,0.22391020635495104,0.20216842549331795,0.30668257851853775,0.2672387896331934
II1,0.1494308576579665,0.1701671583411316,0.32973552991062827,0.3506664540902735
IE1,0.09450861762214283,0.34705943073339984,0.13570000260692605,0.4227319490375313
IO1,0.07969875439440809,0.2475851402513834,0.2725151248865516,0.40020098046765684
EA1,0,0.4640175936818359,0,0.5359824063181641
EI1,0,0.2600497501698586,0.22576851242955687,0.5141817374005846
EE1,0.16248053205347837,0.21236353039193423,0.28026425192177457,0.34489168563281286
EO1,0.08660391679813527,0.20419580498045112,0.28293926146639625,0.42626101675501743
OA1,0.11980006823206966,0.28597996945909715,0.22235878827714292,0.3718611740316904
OI1,0.07789298255789583,0.23141624911563452,0.27669381755584865,0.41399695077062104
OE1,0.14109828062658616,0.27378436411253976,0.22217197017005236,0.36294538509082164
OO1,0.07084066108491557,0.23210244774723382,0.27668693215798096,0.4203699590098696
AA2,0.2296082650734357,0.18545387734365207,0.3223813121464893,0.26255654543642304
AI2,0.13396230550437338,0.16909621233735744,0.33557475424944455,0.3613667279088246
AE2,0,0.4555021462470345,0,0.5444978537529654
AO2,0,0.2994713796967365,0.22804544755381553,0.47248317274944795
IA2,0.24535151095241553,0.1778240294761423,0.329069626203759,0.24775483336768314
II2,0.16489681607190482,0.14939951597592052,0.35650728956870226,0.3291963783834723
IE2,0.11712635210737976,0.3241889734941251,0.15620340698902213,0.40248126740947293
IO2,0.09693611965535133,0.22883028846127734,0.2965737612315412,0.3776598306518302
EA2,0,0.4555021462470345,0,0.5444978537529654
EI2,0,0.24583118585951994,0.2605061116578742,0.49366270248260596
EE2,0.18957742069754321,0.19005583955590452,0.30490522348868326,0.315461516257869
EO2,0.1013152343433788,0.18726050930351137,0.31530848410446677,0.3961157722486431
OA2,0.19826783540137707,0.25589541910103725,0.2344743230890521,0.31136242240853357
OI2,0.14255285504073562,0.15393191938156792,0.35944754344465174,0.3440676821330447
OE2,0.2037309685109982,0.18257957938331243,0.3126049454254186,0.30108450668027076
OO2,0.15559122622132449,0.15555950257969636,0.3564294492771739,0.33241982192180514
AA3,0.2199803102769393,0,0.4690922339603706,0.31092745576269004
AI3,0.2550489263182817,0,0.47102716956569823,0.27392390411602013
AE3,0.09360681064073083,0.3800646584116094,0.1265944638035984,0.39973406714406134
AO3,0.15622812935823385,0.3070151122972982,0.20938552480240166,0.32737123354206626
IA3,0.17349964883088037,0,0.46636618815658665,0.3601341630125328
II3,0.16081992282372726,0.1979240685884272,0.31217491846238926,0.3290810901254563
IE3,0.09849067119734017,0.38354496838995056,0.12235433263834108,0.39561002777436804
IO3,0.15515421329402823,0.30154992677481524,0.21814784346870925,0.3251480164624473
EA3,0,0.2841871071428228,0.21129328582242907,0.5045196070347482
EI3,0,0.28615140918491944,0.2094427287762941,0.5044058620387866
EE3,0.1800606686449477,0.22889529072906914,0.2593507626681496,0.3316932779578335
EO3,0.14955533615487449,0.24332963011008277,0.24210440653696977,0.36501062719807287
OA3,0,0.21879635679415577,0.3009845710582448,0.4802190721475994
OI3,0.0888520793904447,0.2581788750681091,0.25947101983003334,0.39349802571141274
OE3,0.1529600801976574,0.29932149378510653,0.20391560359525776,0.3438028224219784
OO3,0.1451798181991131,0.2940679769098236,0.22127747251253146,0.3394747323785319
AA4,0.10877870264537262,0,0.4812745896015299,0.4099467077530974
AI4,0.13175964418860736,0.21121956119554428,0.3045891630553933,0.35243163156045504
AE4,0,0.5070588991402352,0,0.49294110085976484
AO4,0.10551253798054828,0.3529667176279726,0.17888222642837842,0.3626385179631006
IA4,0.17954212758229887,0,0.47334081527227434,0.34711705714542673
II4,0.1651105172881054,0.187253219798654,0.3226698141573675,0.32496644875587305
IE4,0.10854553846959816,0.37610088072822084,0.1279074195683734,0.38744616123380765
IO4,0.1612206471755968,0.29558142026420386,0.22421413681350844,0.3189837957466909
EA4,0,0.2799230718071426,0.22095868165832344,0.4991182465345339
EI4,0,0.2817173211852713,0.2190659045985682,0.49921677421616045
EE4,0.19042212076001133,0.22120634667939013,0.2652404456663559,0.32313108689424264
EO4,0.15757341528146532,0.23619871815872873,0.2492746424345697,0.3569532241252362
OA4,0.12418292103275519,0.17659421190901348,0.32465952873164156,0.3745633383265899
OI4,0.15003170045559053,0.1796588379328801,0.31963425811364726,0.3506752034978821
OE4,0.20590965960997154,0.21251492700165725,0.27235349020503286,0.3092219231833383
OO4,0.21971200713900027,0.20057263012117535,0.28742081861700236,0.29229454412282196
