AA1,0.4437076881883722,0,0.5562923118116279,0
AI1,0.049006297745509575,0,0.7399805428023805,0.21101315945210988
AE1,0.03262178259516532,0.3295366114444835,0.10423299733813628,0.5336086086222149
AO1,0.033746930714961695,0.11809623013415031,0.3358908227234985,0.5122660164273894
IA1,0.1337541118889744,0.268067098583636,0.3034292061892841,0.2947495833381056
II1,0.012860066085668795,0.12517554534281203,0.3877123800460761,0.474252008525443
IE1,0.03606613572885688,0.3675174924607651,0.09225673232779306,0.504159639482585
IO1,0.02049986998863983,0.14032152915410276,0.2910129637526961,0.5481656371045613
EA1,0,0.5799206974072105,0,0.4200793025927895
EI1,0,0.14945450081869227,0.17686620968859482,0.6736792894927128
EE1,0.038587259944630414,0.18025958102495201,0.3252144676154177,0.45593869141499993
EO1,0.008315948114060223,0.15314225899193973,0.28825566847866685,0.5502861244153332
OA1,0.050062851844652194,0.36427971830498107,0.1772676660988237,0.40838976375154307
OI1,0.0025441187197104546,0.13568819691731357,0.2611012369299898,0.6006664474329863
OE1,0.044477249081953885,0.2858246174414998,0.1673731224504443,0.5023250110261019
OO1,0.009363586094123922,0.1385088458850364,0.24395423410562256,0.6081733339152171
AA2,0.197134178077196,0.16890559273330216,0.3653733361527769,0.2685868930367249
AI2,0.006255940477474506,0.15690468461393078,0.37559267349560266,0.461246701412992
AE2,0,0.5129835590610551,0,0.48701644093894486
AO2,0,0.22973972837757464,0.15308512572729052,0.6171751458951349
IA2,0.24515639485621954,0.16169141885880917,0.3570932621787966,0.2360589241061747
II2,0.016062060405024028,0.08938001700942556,0.4932364921937313,0.4013214303918191
IE2,0.11808069796488528,0.2964084052312688,0.13102030654591254,0.4544905902579333
IO2,0.04506213475484377,0.10659767608910696,0.3651986461861159,0.4831415429699334
EA2,0,0.5129835590610551,0,0.48701644093894486
EI2,0,0.14140032859305823,0.24227947184625429,0.6163201995606874
EE2,0.11734400099130433,0.13742864846945413,0.3841921554418751,0.3610351950973665
EO2,0.02134974547078095,0.12967486535000333,0.38435182007338387,0.46462356910583186
OA2,0.20864217038276855,0.27659432888884017,0.20896323180611664,0.30580026892227474
OI2,0.016536361174828783,0.08064174833516122,0.4738548728260782,0.42896701766393186
OE2,0.18433855943944516,0.13065723308884847,0.37465800296426194,0.31034620450744455
OO2,0.06162287694033918,0.0773713615130804,0.48354835996874984,0.3774574015778306
AA3,0.08374532141429915,0,0.6655769156803567,0.25067776290534427
AI3,0.20177921131098764,0,0.612902024112686,0.18531876457632634
AE3,0.051487781423404794,0.45291515992296,0.07650181278265224,0.4190952458709831
AO3,0.14124362914700173,0.28113827387877033,0.1874069089562999,0.390211188017928
IA3,0.027929848555281498,0,0.643065685218525,0.3290044662261935
II3,0.08893045225239848,0.25492157615480854,0.2958194646361686,0.36032850695662444
IE3,0.0637506623434969,0.5170598736852126,0.0609601121500537,0.35822935182123694
IO3,0.09802723712666314,0.33524171497358146,0.17565962792693846,0.391071419972817
EA3,0,0.18844905276312002,0.1612171731437332,0.6503337740931467
EI3,0,0.21020341125648864,0.15006393242024524,0.639732656323266
EE3,0.11872318208119716,0.20092188170689643,0.266512692426647,0.41384224378525947
EO3,0.04726052533441866,0.22866463464667983,0.22673307134997375,0.4973417686689278
OA3,0,0.09793247132707074,0.2664991835630934,0.635568345109836
OI3,0.06350580493773451,0.21309698436724642,0.2193771160952461,0.504020094599773
OE3,0.11570183495059348,0.35455099580223437,0.1270419643823495,0.4027052048648226
OO3,0.06469743331349907,0.30060322745808205,0.16063363509767697,0.4740657041307419
AA4,0.008611474814719982,0,0.6281228010279893,0.36326572415729075
AI4,0.03559209644756927,0.25368293426982413,0.283936432497799,0.4267885367848077
AE4,0,0.6322409872885446,0,0.3677590127114554
AO4,0.01588069018555149,0.42638982850612944,0.10089830280065426,0.45683117850766486
IA4,0.04059036165706337,0,0.674029450070725,0.28538018827221157
II4,0.09738447862942155,0.13289169037410506,0.3725530745087506,0.39717075648772276
IE4,0.13247959959193087,0.36705741396117747,0.08275949799712648,0.4177034884497653
IO4,0.13809773857422533,0.22209541498273655,0.21339843774965056,0.42640840869338753
EA4,0,0.16659932136746247,0.18095551942970506,0.6524451592028325
EI4,0,0.17498252403755046,0.17075636883345613,0.6542611071289933
EE4,0.16062745059125733,0.17467408076371665,0.27144587358797884,0.39325259505704724
EO4,0.05647177646457104,0.2000993413366535,0.2459207706328336,0.4975081115659418
OA4,0.024476923048233224,0.09092083483082974,0.37816460780781946,0.5064376343131175
OI4,0.14050581538492224,0.09506693337315904,0.3431289258674277,0.421298325374491
OE4,0.25851138653002737,0.16003390787399305,0.25468711205510425,0.3267675935408752
OO4,0.20900940184107222,0.12816540724260697,0.2978936756874531,0.3649315152288677
