AA1,0.6371994062704077,0,0.3628005937295924,0
AI1,0.2258945468377995,0,0.6624162410340477,0.11168921212815273
AE1,0.11134766827415485,0.05431621689275409,0.44657685451167567,0.3877592603214155
AO1,0.11242070011962567,0.009072539104788535,0.6468915769367275,0.2316151838388583
IA1,0.28878265486150867,0.03611028962003019,0.5166281679030068,0.1584788876154545
II1,0.08781633325357947,0.0074212505992921046,0.6131565915860469,0.2916058245610816
IE1,0.13979354744263117,0.06788955110584739,0.4277709898862977,0.36454591156522365
IO1,0.044785480957222096,0.011869040563828908,0.5910836255096266,0.3522618529693226
EA1,0,0.3502307160306226,0,0.6497692839693775
EI1,0,0.035961693286593044,0.25320075541045617,0.7108375513029508
EE1,0.11682056228353184,0.02956244858560736,0.5310329601865724,0.3225840289442884
EO1,0.012074404174884949,0.02281238029844688,0.4019670446510453,0.5631461708756228
OA1,0.09580367758957749,0.07433136963781473,0.4921451529614944,0.3377197998111132
OI1,0.02591803220012106,0.010135236868977016,0.5261120185913803,0.43783471233952165
OE1,0.15458529299160992,0.05508799721382572,0.45538885780063426,0.33493785199393017
OO1,0.016369500611686457,0.013454349326456604,0.5090508748525765,0.4611252752092803
AA2,0.34393708849981053,0.016953842693091158,0.5028646782483547,0.13624439055874368
AI2,0.07011948631424124,0.020002475332879383,0.5846708523449438,0.32520718600793563
AE2,0,0.27476982914133496,0,0.725230170858665
AO2,0,0.03594030852382324,0.40443760905601206,0.5596220824201646
IA2,0.39808913644382404,0.016521441711314443,0.4760763581296071,0.10931306371525426
II2,0.12962253055872183,0.004327396431664957,0.6343105797403453,0.2317394932692679
IE2,0.249559481014768,0.046771554596824166,0.4222087293059798,0.281460235082428
IO2,0.07119412466536042,0.008728484773186149,0.6279309031211328,0.2921464874403207
EA2,0,0.27476982914133496,0,0.725230170858665
EI2,0,0.030649517097946853,0.3165675199180879,0.6527829629839652
EE2,0.2035578173316103,0.022275588000849864,0.5252932597525309,0.2488733349150089
EO2,0.017923105668038404,0.02021996217137153,0.46935200205863853,0.49250493010195157
OA2,0.43909205672275636,0.034495855455624176,0.4113119912015788,0.11510009662004059
OI2,0.14534965713301118,0.0034174821928259582,0.6208209057397668,0.23041195493439615
OE2,0.26368983496595155,0.02158009304662611,0.5095507210948775,0.20517935089254477
OO2,0.10829867938089062,0.006757544104712212,0.6364273074648635,0.24851646904953356
AA3,0.2910280861037002,0,0.5848422933730931,0.12412962052320686
AI3,0.3696925227311332,0,0.542253338605832,0.08805413866303467
AE3,0.1721882003562361,0.11125419681593623,0.38589816620157197,0.33065943662625574
AO3,0.40867938579350244,0.01689592286220381,0.4754183414098221,0.09900634993447185
IA3,0.08642625964997973,0,0.6168226800085437,0.29675106034147664
II3,0.1613374328633033,0.03556236980762532,0.5470916971806843,0.25600850014838705
IE3,0.21340322820707505,0.14973123983034967,0.345816375728934,0.29104915623364125
IO3,0.20137966140870378,0.049053019131879726,0.5145327709199198,0.2350345485394968
EA3,0,0.06903548114692148,0.26023121085950124,0.6707333079935772
EI3,0,0.09003899501610549,0.23898208097445897,0.6709789240094356
EE3,0.19362546666705377,0.04662170524777511,0.4742917979438715,0.28546103014129975
EO3,0.04022244848926913,0.09290706079934352,0.35466593085958614,0.5122045598518012
OA3,0,0.01290115350283921,0.42042291147438715,0.5666759350227737
OI3,0.05687554045240304,0.04163851011835188,0.49371484640513086,0.407771103024114
OE3,0.2419338414059896,0.11372169600772893,0.37315982127467795,0.2711846413116034
OO3,0.09780385851841862,0.06212805908767651,0.4958616953357764,0.3442063870581285
AA4,0.034740650619762614,0,0.6094285291071112,0.3558308202731263
AI4,0.11405409705478062,0.03807975371664262,0.5335701522916322,0.3142959969369446
AE4,0,0.3968703034710127,0,0.6031296965289873
AO4,0.13243453407883368,0.0724730569142233,0.47456439160784414,0.32052801739909886
IA4,0.11830689389119449,0,0.6274661347708861,0.2542269713379195
II4,0.2160780758579622,0.0071434075555953085,0.5572745486888898,0.21950396789755283
IE4,0.3227886747633397,0.05978498159658383,0.3545095802710439,0.2629167633690324
IO4,0.27103263529600247,0.014780355651518683,0.5149730988378994,0.19921391021457943
EA4,0,0.03393823895162585,0.30184277798264286,0.6642189830657315
EI4,0,0.04018434624225224,0.2824149702973414,0.6774006834604064
EE4,0.2727022986356822,0.02603722778978492,0.4577877014075728,0.24347277216696003
EO4,0.05641492041227841,0.042647305028462174,0.4035012404546953,0.49743653410456407
OA4,0.13335162053852337,0.0032584743597524144,0.5791950680848132,0.284194837016911
OI4,0.24481452753276203,0.005043128862377175,0.5340711606974934,0.2160711829073675
OE4,0.35381089211038386,0.02435936875454107,0.4285002857831613,0.1933294533519138
OO4,0.320444421799121,0.009791313488132308,0.49528997885243603,0.1744742858603106
