AA1,0.5939355888044742,0,0.4060644111955258,0
AI1,0.4409561033974136,0,0.533821224366882,0.025222672235704395
AE1,0.380128080512241,0.06727934897190621,0.37588588743110124,0.17670668308475154
AO1,0.29593634814463476,0.009462845171502487,0.5745828882772106,0.12001791840665212
IA1,0.4989169691440242,0.006705921867753561,0.4577199855283111,0.036657123459911116
II1,0.36560935422390556,0.006832746127260175,0.5606172637831007,0.06694063586573352
IE1,0.3889796144131028,0.07055140691960553,0.36877318685809246,0.1716957918091992
IO1,0.2432902709714151,0.012464541948618256,0.5927182209993421,0.15152696608062458
EA1,0,0.35604140763863545,0,0.6439585923613645
EI1,0,0.035572671682755706,0.3894602023986863,0.574967125918558
EE1,0.42717770932388466,0.00921517956163082,0.4791380296843829,0.08446908143010154
EO1,0.1596232469098184,0.009732869168424115,0.5424445162971592,0.2881993676245983
OA1,0.3086239785255418,0.020126641784457364,0.4880059290353975,0.18324345065460337
OI1,0.20847676537407,0.015923682947383083,0.5515826188213634,0.22401693285718347
OE1,0.4176316152994079,0.05124872338089912,0.41021878167224496,0.12090087964744811
OO1,0.11656586765804153,0.014255092118827173,0.5752243992552639,0.2939546409678674
AA2,0.4799400299971481,0.005873921492404131,0.4768148254645665,0.037371223045881224
AI2,0.3268991262568016,0.007003140665069437,0.5753778140026555,0.09071991907547342
AE2,0,0.3057433609904972,0,0.6942566390095027
AO2,0,0.03168877963876094,0.5267521321997249,0.4415590881615141
IA2,0.49365229345436296,0.005795826644322468,0.469665635273722,0.030886244627592485
II2,0.3668872235927856,0.005919359643946314,0.5668178110938661,0.060375605669402
IE2,0.4263056455749006,0.05971424650156717,0.35650766010867607,0.15747244781485603
IO2,0.25774674260424857,0.011402396704851187,0.5870726867196584,0.14377817397124193
EA2,0,0.3057433609904972,0,0.6942566390095027
EI2,0,0.030252737589929978,0.4349331655566858,0.5348140968533842
EE2,0.4538318450926922,0.008077913533937064,0.459453607928417,0.07863663344495385
EO2,0.16257352689679694,0.009031523451171353,0.5503586303802509,0.27803631927178085
OA2,0.52384525005235,0.012246739234840917,0.43126838914547677,0.03263962156733223
OI2,0.39042412203239074,0.0013122800939561277,0.5526810823582672,0.05558251551538616
OE2,0.471212653104849,0.007561552023218957,0.4561170814645562,0.06510871340737576
OO2,0.3491111589592542,0.0013069581888113305,0.573372478457212,0.07620940439472239
AA3,0.4384227006267603,0,0.5260912877475143,0.03548601162572548
AI3,0.46783056589274763,0,0.508801983485823,0.023367450621429184
AE3,0.3607588042805377,0.1152636487334947,0.34925050446432815,0.1747270425216394
AO3,0.5109565022038469,0.009412817399747532,0.4505022112918546,0.02912846910455086
IA3,0.3370930025102922,0,0.583495634768132,0.07941136272157562
II3,0.3906995692173114,0.01143345590203403,0.5325940289511423,0.06527294592951212
IE3,0.3688020802854429,0.12223386031490353,0.3397267524400452,0.16923730695960826
IO3,0.4416736202601855,0.0316003733840632,0.46383070798518117,0.06289529837057017
EA3,0,0.054046115528713114,0.3749723551810911,0.5709815292901956
EI3,0,0.056806744376056484,0.3705861977812575,0.5726070578426861
EE3,0.43629889368752334,0.01064767168639616,0.4655099653187877,0.08754346930729276
EO3,0.32893659054897884,0.029762837858807838,0.46142182982079893,0.17987874177141436
OA3,0,0.0036420145595820416,0.5502468625636865,0.4461111228767315
OI3,0.2529442748926437,0.026689490577268913,0.49407547899706006,0.22629075553302733
OE3,0.4056785566862561,0.08338062818279633,0.3889471374044934,0.12199367772645435
OO3,0.3199890982720047,0.06366335470122762,0.446577260200308,0.16977028682645967
AA4,0.26341973987607054,0,0.6117292516169095,0.12485100850702002
AI4,0.32854618890873677,0.011760053302079052,0.5619119422428627,0.09778181554632152
AE4,0,0.3725564897590486,0,0.6274435102409515
AO4,0.3779059444567558,0.03140558339098555,0.49063980466493456,0.10004866748732406
IA4,0.3280258124333691,0,0.5939753450902402,0.07799884247639073
II4,0.37831822429159284,0.009878707709724939,0.5478468936870555,0.06395617431162678
IE4,0.39805781096830384,0.09035209092055933,0.3328196384147958,0.17877045969634106
IO4,0.4367793070667089,0.022302039054213855,0.4788039723148413,0.06211468156423587
EA4,0,0.030634963032698883,0.3670300060112157,0.6023350309560855
EI4,0,0.03124938590055432,0.36341603964955277,0.6053345744498928
EE4,0.45160462123721407,0.008828969540975215,0.4495405955699619,0.09002581365184896
EO4,0.31922069565318767,0.019558717660480524,0.47216118569255483,0.18905940099377697
OA4,0.37363893597854564,0.0010913265354058714,0.5476216260164403,0.07764811146960836
OI4,0.42464298722523314,0.0013213297858361542,0.5163759773486905,0.05765970564024038
OE4,0.4737334070880252,0.00813794106319847,0.4432810818512125,0.07484756999756388
OO4,0.5003216479043413,0.0025776135949598738,0.4617760056928564,0.035324732807842166
