AA1,0.4344733618108246,0,0.5655266381891755,0
AI1,0.08056960762769921,0,0.7382820648168037,0.18114832755549712
AE1,0.054839308843436955,0.24345931183860678,0.18583363682078666,0.5158677424971696
AO1,0.05452201622017455,0.035536414877157814,0.46136587364975784,0.44857569525290986
IA1,0.16001342695697646,0.11732418381470844,0.4180767785485297,0.30458561067978535
II1,0.04680049301633836,0.029729503273164024,0.4824406634636165,0.4410293402468812
IE1,0.06511592988547085,0.30118204450872654,0.1606967648355132,0.4730052607702893
IO1,0.02888338583544164,0.05528651444785395,0.3921607315372329,0.5236693681794715
EA1,0,0.6216073304478916,0,0.3783926695521085
EI1,0,0.1195335232745355,0.17387055995166306,0.7065959167738015
EE1,0.07864691396412928,0.09784141875241507,0.35874907665568667,0.464762590627769
EO1,0.01701456461939491,0.08043991708050023,0.3065326643860044,0.5960128539141004
OA1,0.07736842207900523,0.23693737818491872,0.22584337212595418,0.4598508276101218
OI1,0.023916589367518646,0.06462840206708408,0.3278192210315502,0.583635787533847
OE1,0.07987525120038522,0.21863193136947218,0.23111172974262012,0.47038108768752246
OO1,0.017462041406096487,0.07016163262412232,0.3288260815016256,0.5835502444681556
AA2,0.24378679469179299,0.060008324667787466,0.44394466940230987,0.2522602112381097
AI2,0.037511507854210153,0.051114474323616974,0.44621618397449986,0.46515783384767306
AE2,0,0.5614442261343998,0,0.4385557738656003
AO2,0,0.14832573967277243,0.19612533265420298,0.6555489276730246
IA2,0.33116287790983345,0.05388143996115962,0.4198198634743499,0.19513581865465715
II2,0.06270105920670405,0.016135975433966145,0.58837761713682,0.3327853482225098
IE2,0.14584835433119617,0.21216183045671963,0.21170504099782209,0.4302847742142622
IO2,0.04635004324097183,0.03569867200645047,0.4900254169602545,0.4279258677923232
EA2,0,0.5614442261343998,0,0.4385557738656003
EI2,0,0.09442768878980286,0.2600106323024688,0.6455616789077283
EE2,0.14981162374428192,0.06305590136116737,0.42625020696053334,0.3608822679340174
EO2,0.022999246078897754,0.05880537599296763,0.4134999643553355,0.5046954135727992
OA2,0.2877342090602472,0.16422819874862815,0.2562545331633917,0.2917830590277328
OI2,0.04880486553862864,0.01667951956554337,0.5629575611540448,0.37155805374178325
OE2,0.18813110786706144,0.061105120631326254,0.43241156505565553,0.31835220644595674
OO2,0.054055028706924635,0.021502516935390723,0.5610718814716731,0.36337057288601154
AA3,0.11525667412761886,0,0.6611347925192241,0.22360853335315714
AI3,0.22738794885455801,0,0.6130002445002742,0.1596118066451677
AE3,0.07118616779399661,0.3973622214427495,0.1400567588120133,0.39139485195124046
AO3,0.21520775308083984,0.12884882580031426,0.3250643694500995,0.3308790516687465
IA3,0.0363108951158431,0,0.647919258518492,0.31576984636566496
II3,0.10421471298959652,0.07694335270257308,0.42073750925219566,0.3981044250556347
IE3,0.09649867984866484,0.4657458193088287,0.11074292309549438,0.32701257774701203
IO3,0.12393822179266659,0.2015718662994237,0.2734098538601966,0.40108005804771313
EA3,0,0.18594321042000556,0.16841384566545584,0.6456429439145386
EI3,0,0.21694260793528353,0.1493887541272134,0.6336686379375032
EE3,0.14897837941409414,0.15862996705722043,0.295298425370465,0.39709322815822035
EO3,0.04081423058954862,0.21837016091958947,0.22181020263496395,0.5190054058558979
OA3,0,0.04657521162894964,0.3213824634679342,0.6320423249031162
OI3,0.04967757050519111,0.14189950857990621,0.28419952837692564,0.524223392537977
OE3,0.143177700913267,0.34294919961738823,0.16813643230176642,0.34573666716757845
OO3,0.0805922262872758,0.23115830470052895,0.23458239024554234,0.4536670787666529
AA4,0.011504300861759544,0,0.6506497060934127,0.3378459930448279
AI4,0.06296765137262744,0.09555543434410901,0.35741651339986996,0.48406040088339364
AE4,0,0.6804526343320062,0,0.31954736566799374
AO4,0.04630643944766103,0.2921043527295015,0.169152799601296,0.4924364082215414
IA4,0.047161580034228975,0,0.6834063816212731,0.2694320383444978
II4,0.13960188248611022,0.029563677101686135,0.46647146625529584,0.3643629741569077
IE4,0.1869715316274092,0.2945502097575235,0.14897902118501047,0.36949923743005686
IO4,0.18263547135049954,0.10324874185270162,0.3189649248279354,0.3951508619688634
EA4,0,0.12249945425810528,0.21220962702398807,0.6652909187179067
EI4,0,0.14074337058516045,0.19192954833004552,0.667327081084794
EE4,0.23045559794791567,0.09420549941342715,0.31523770151264136,0.36010120112601585
EO4,0.060533239388612464,0.14016548388142977,0.27138197267318837,0.5279193040567693
OA4,0.039440162533767524,0.018641613829113175,0.4717754681987514,0.470142755438368
OI4,0.12191174350948597,0.028171922807068317,0.44063980484199305,0.40927652884145266
OE4,0.3211278030440067,0.08499970627977263,0.29732949444501633,0.2965429962312044
OO4,0.225988998832099,0.052490632694078124,0.37350627432798994,0.34801409414583295
