AA1,0.6122006544024258,0,0.3877993455975741,0
AI1,0.4213794069020689,0,0.5724593106320637,0.0061612824658675335
AE1,0.3597683142116113,0.11322741222342601,0.33189758528038116,0.19510668828458153
AO1,0.26837576877850366,0.004493939189339192,0.5951936069007387,0.13193668513141826
IA1,0.5384348503052578,0.00045286416637893963,0.4548624149726571,0.00624987055570594
II1,0.3548528028979015,0.00040947512722795486,0.6268482366924235,0.017889485282446944
IE1,0.3635754589413351,0.11459153098450893,0.3295362198478454,0.19229679022631044
IO1,0.22904031453646803,0.0055242147383786425,0.616105408815908,0.14933006190924533
EA1,0,0.39906520492873315,0,0.6009347950712668
EI1,0,0.07543165230480056,0.3065169385245505,0.6180514091706489
EE1,0.41488937833580347,0.021770276277625258,0.497213207733111,0.06612713765346033
EO1,0.1299667969698505,0.022212043250263266,0.5528625500514649,0.29495860972842136
OA1,0.28616754734327754,0.028876688254733066,0.4647659674304772,0.22018979697151222
OI1,0.19691967798694188,0.016367852983757755,0.5255435829565119,0.2611688860727882
OE1,0.41822267867444446,0.07070446158568999,0.40111450009110505,0.10995835964876059
OO1,0.11617269230511251,0.012716762191999634,0.5391714998459357,0.3319390456569521
AA2,0.5107887640181603,0.00039928887170489336,0.4776533585541086,0.011158588556026054
AI2,0.3119577574983048,0.0005228581104543404,0.644283800687465,0.04323558370377567
AE2,0,0.3479514514165799,0,0.6520485485834201
AO2,0,0.0230103327838679,0.43029672212156855,0.5466929450945635
IA2,0.5225761159772295,0.0003795451732847706,0.4704368453211121,0.00660749352837348
II2,0.35547115214947733,0.00034622555931105686,0.6255749352029835,0.018607687088228148
IE2,0.3980197560480782,0.10082544846265461,0.31707880360359547,0.18407599188567175
IO2,0.2445438554089708,0.004931742318360856,0.596534371004954,0.15399003126771446
EA2,0,0.3479514514165799,0,0.6520485485834201
EI2,0,0.0712308398492798,0.3349245833339992,0.593844576816721
EE2,0.4544232515108315,0.020435468838378375,0.460032224280147,0.06510905537064313
EO2,0.1333120237253882,0.021956297338377746,0.5387771215898802,0.3059545573463538
OA2,0.5690961528373082,0.004577566299272131,0.41445988402537504,0.011866396838044661
OI2,0.4078463386693882,0.0010177773645289566,0.5720650052691024,0.019070878696980414
OE2,0.49467327498421865,0.015536253193333915,0.44564759270177223,0.04414287912067505
OO2,0.3652055012686978,0.0022260548563350475,0.5838430258811278,0.04872541799383928
AA3,0.41480608364053617,0,0.5716830736217615,0.013510842737702339
AI3,0.48552287010754774,0,0.5084321315248398,0.006044998367612539
AE3,0.3305856940541259,0.16889746734541214,0.3024974222380446,0.19801941636241732
AO3,0.5603916819945901,0.0050696479047215815,0.4199818166861269,0.014556853414561444
IA3,0.3158614008300574,0,0.6521835224357274,0.031955076734215146
II3,0.40959447299189605,0.0009067099708662916,0.5710023446285925,0.01849647240864527
IE3,0.3328682959148922,0.17391403985333534,0.29870220094959593,0.1945154632821765
IO3,0.5168522489250543,0.01149785031709387,0.44811484970955007,0.023535051048301777
EA3,0,0.10249125103491698,0.2858066087202269,0.6117021402448561
EI3,0,0.10717171919922208,0.2825687728696352,0.6102595079311428
EE3,0.4376289010150704,0.022454952921717532,0.46868945847866045,0.07122668758455168
EO3,0.33900430687553756,0.04615573213804261,0.47601576323141886,0.13882419775500088
OA3,0,0.014762252712474232,0.49946547598679286,0.4857722713007328
OI3,0.2566266017095467,0.03365809489627063,0.45034772446259336,0.2593675789315894
OE3,0.4128388720024569,0.09217674955706015,0.3789109920353025,0.11607338640518056
OO3,0.3570651382853505,0.09896615933277667,0.36170894069437026,0.1822597616875026
AA4,0.2217525909982584,0,0.6903325524079175,0.08791485659382436
AI4,0.3262474419449307,0.001040835550496329,0.6197553351430851,0.05295638736148787
AE4,0,0.3879421760827265,0,0.6120578239172735
AO4,0.4306067192306652,0.02245075727227664,0.47713344971316585,0.06980907378389228
IA4,0.3020856712688707,0,0.6599062594679901,0.03800806926313923
II4,0.3863446784003651,0.0006793964509949095,0.5902756527989602,0.022700272349679782
IE4,0.3592462438066133,0.12605926355937752,0.2875788876736093,0.22711560496039981
IO4,0.49926610259521265,0.007865725345355536,0.46362612059682484,0.029242051462607017
EA4,0,0.06731173264409002,0.2604842981844204,0.6722039691714896
EI4,0,0.06862311177352574,0.2584155098470176,0.6729613783794566
EE4,0.44923299757425017,0.022280117349927683,0.4457551245320348,0.08273176054378731
EO4,0.3196873412349398,0.04204892207829161,0.4683510906935099,0.16991264599325873
OA4,0.4026084013634821,0.0012015580576619942,0.5610023442319734,0.035187696346882416
OI4,0.48611881756356345,0.00124365545629627,0.49109275673561287,0.021544770244527472
OE4,0.5030890129794818,0.016654055510502756,0.42409290417521295,0.05616402733480242
OO4,0.598762456556956,0.0021455912471794775,0.39208379058692394,0.0070081616089403475
