AA1,0.4079043214695985,0,0.5920956785304016,0
AI1,0.1836093745745164,0,0.5938669440450051,0.22252368138047854
AE1,0.08768541323113443,0.3449603525350952,0.16754216994478777,0.3998120642889826
AO1,0.08963181732264246,0.16787231392437618,0.336777614657791,0.4057182540951903
IA1,0.0908285674975504,0.27182220087288445,0.24334606217872484,0.39400316945084035
II1,0.044289408615884034,0.198987356602793,0.28191842513214044,0.4748048096491824
IE1,0.09170038151691745,0.35646096298435326,0.1612332278604392,0.39060542763829004
IO1,0.05208372282048212,0.17062651118437963,0.30684023268719474,0.4704495333079435
EA1,0,0.5106363495672935,0,0.48936365043270647
EI1,0,0.34239038867435717,0.09508582133519303,0.5625237899904498
EE1,0.10098434910243258,0.3100810875507587,0.20628057327851318,0.3826539900682955
EO1,0.03360667133829395,0.27690711282465164,0.1885322332830172,0.5009539825540373
OA1,0.0472988500418458,0.37754536776626224,0.11692290264905013,0.4582328795428419
OI1,0.020781650461896204,0.26534606394540006,0.178257872024916,0.5356144135677878
OE1,0.09914637690871712,0.33025617879591246,0.18718467793130256,0.38341276636406796
OO1,0.034799715630156686,0.23733325848253253,0.22235933355981105,0.5055076923274998
AA2,0.1211853964690111,0.2113694693254639,0.3031992037221462,0.36424593048337883
AI2,0.04751658271134095,0.2016188968794153,0.2974026778031051,0.4534618426061386
AE2,0,0.49114028875715593,0,0.5088597112428442
AO2,0,0.24860649401637966,0.2059167093366803,0.54547679664694
IA2,0.15891102125840426,0.20401986006783993,0.30495629960579185,0.3321128190679639
II2,0.08016548011837824,0.1549444880400256,0.3579381818103734,0.4069518500312227
IE2,0.1612850294765699,0.29609935913148244,0.2087443558637107,0.333871255528237
IO2,0.08250489088467149,0.14266017859757313,0.3754638617314049,0.3993710687863505
EA2,0,0.49114028875715593,0,0.5088597112428442
EI2,0,0.32861592943400897,0.14435966484314783,0.5270244057228434
EE2,0.172639542468128,0.2520331159165511,0.2606737925833613,0.31465354903195947
EO2,0.05090749978367209,0.25163790949287784,0.2678375199407047,0.42961707078274547
OA2,0.1049953057366689,0.3434923627591409,0.14655447898773144,0.40495785251645877
OI2,0.053478876612179864,0.21835611259316892,0.26386124199133915,0.46430376880331203
OE2,0.18280530011150098,0.24849653278509917,0.2624076931826955,0.30629047392070435
OO2,0.07562198831787507,0.20361895271701952,0.3147924113766616,0.40596664758844386
AA3,0.1927265675444199,0,0.5616425740846535,0.24563085837092657
AI3,0.2340906963890085,0,0.5606428883674641,0.20526641524352743
AE3,0.09591685154587953,0.3661232986315019,0.15792087365933535,0.38003897616328325
AO3,0.15474593104630815,0.26878866319451766,0.25402909889611763,0.3224363068630565
IA3,0.06850799531530637,0,0.5024707208692818,0.4290212838154119
II3,0.0674794961273323,0.25263689853523363,0.25873849903583734,0.42114510630159674
IE3,0.10243284557547438,0.37934751762608526,0.1507041149192811,0.3675155218791592
IO3,0.08656951933492565,0.28469988546639147,0.23032834721976916,0.3984022479789137
EA3,0,0.3576183187288995,0.09180865846699117,0.5505730228041092
EI3,0,0.371704730276062,0.08481023435148989,0.5434850353724481
EE3,0.12042527435191643,0.31989426096455736,0.19396061707362755,0.3657198476098987
EO3,0.04560991555925789,0.37528623937548916,0.1132408163981872,0.4658630286670658
OA3,0,0.2599881634576374,0.1710947128295975,0.568917123712765
OI3,0.038329964558248816,0.30406411524979826,0.164270528894819,0.493335391297134
OE3,0.11581454069058622,0.34426961066372413,0.17630324719190452,0.3636126014537852
OO3,0.05307722629265343,0.342546981632683,0.1548514879157888,0.4495243041588748
AA4,0.028868504411000008,0,0.5328935235875906,0.43823797200140946
AI4,0.0565417246250897,0.2573814829642769,0.25634154037494034,0.429735252035693
AE4,0,0.5440858886058131,0,0.455914111394187
AO4,0.049072330554233934,0.32613023978788186,0.18247373025934124,0.44232369939854305
IA4,0.10889800053628636,0,0.5411999684041041,0.34990203105960965
II4,0.10118179917004648,0.19335459976368624,0.30531058615159296,0.4001530149146743
IE4,0.1637044248289543,0.33241354863263994,0.17401648312935855,0.3298655434090472
IO4,0.1302633519200355,0.23645287004645113,0.2603881380968149,0.37289563993669844
EA4,0,0.35102837073878373,0.11752964977308875,0.5314419794881275
EI4,0,0.36141362535610166,0.10910882793479029,0.529477546709108
EE4,0.18234676745311984,0.28419728014584245,0.21377459021011455,0.31968136219092314
EO4,0.06151887771437807,0.3570520222662932,0.13897299965401017,0.4424561003653187
OA4,0.041797660973048,0.2289834161120545,0.23677707875552606,0.4924418441593715
OI4,0.0775614946807656,0.2474411868479542,0.21398659008626528,0.4610107283850149
OE4,0.19436015311662586,0.28019872483279584,0.21402988698312395,0.3114112350674544
OO4,0.10911161361994108,0.2933125825473507,0.19505517159310204,0.4025206322396061
