AA1,0.45848834393908705,0,0.541511656060913,0
AI1,0.09671873718484827,0,0.839244711743541,0.06403655107161066
AE1,0.11612798053263229,0.1823619784277213,0.2710802556413601,0.43042978539828636
AO1,0.10077113270847214,0.01379401975232017,0.5529628838725621,0.33247196366664555
IA1,0.1189010709059991,0.10987785854578858,0.3395872287461852,0.43163384180202713
II1,0.035112817516795146,0.028209849939855418,0.43624240143107046,0.5004349311122789
IE1,0.13551254908088325,0.24072067576184503,0.2461258805623425,0.3776408945949292
IO1,0.03627492269103851,0.024087814940425372,0.43470675917470536,0.5049305031938307
EA1,0,0.6299720139882374,0,0.3700279860117626
EI1,0,0.15896689098435143,0.1022962107781137,0.738736898237535
EE1,0.1416185132768126,0.11207931723095753,0.39863558630198254,0.34766658319024724
EO1,0.011544950906049331,0.07083936611579698,0.281332631373756,0.6362830516043977
OA1,0.04309784314601354,0.2756997761813692,0.12225265585841517,0.558949724814202
OI1,0.013598340109850759,0.07077104098172464,0.22960472466187073,0.6860258942465539
OE1,0.1514506749769157,0.18182971984460425,0.30522211322003917,0.36149749195844083
OO1,0.012461169991490743,0.04080753734521591,0.3247102630186692,0.6220210296446242
AA2,0.14457084994886918,0.05669495581951486,0.4304480586800521,0.368286135551564
AI2,0.025075853878857923,0.050491036925045904,0.41278488628219484,0.5116482229139013
AE2,0,0.5738441138456373,0,0.4261558861543628
AO2,0,0.1007770602212598,0.18748125059161846,0.7117416891871218
IA2,0.24756850942429223,0.051074052603921186,0.43589542980783946,0.2654620081639472
II2,0.05144976572650657,0.013564389207340408,0.6322716818728537,0.30271416319329947
IE2,0.3601573713838041,0.12214054581557376,0.28188028322601816,0.23582179957460397
IO2,0.05844772604690218,0.01218930032998896,0.6200339947159136,0.3093289789071953
EA2,0,0.5738441138456373,0,0.4261558861543628
EI2,0,0.12748624526063526,0.17734098452063973,0.6951727702187249
EE2,0.34207157021225515,0.050664721144542936,0.42282979466913007,0.18443391397407183
EO2,0.01865283267453248,0.04788549930092163,0.4497136259153286,0.4837480421092173
OA2,0.18902004525043606,0.2366618464307444,0.17154082747896682,0.4027772808398528
OI2,0.041667386858395675,0.03261560811174244,0.49276822830731926,0.4329487767225426
OE2,0.4135838693436067,0.04452650299018591,0.3941108753633816,0.14777875230282586
OO2,0.06312561822091363,0.014416152023698106,0.6192228746699726,0.3032353550854156
AA3,0.18457942695891255,0,0.7220034844408857,0.09341708860020176
AI3,0.3009938433368071,0,0.6438303735707349,0.05517578309245788
AE3,0.1386821924187095,0.3205941293464747,0.2028847392672862,0.33783893896752965
AO3,0.3258177988294223,0.057317358492483594,0.41654784163445685,0.2003170010436372
IA3,0.02532064470851118,0,0.681709861347011,0.29296949394447785
II3,0.06836298971823933,0.09610155102100407,0.37929805518398224,0.45623740407677443
IE3,0.1660048839782844,0.40549005574819796,0.16444234067005098,0.26406271960346656
IO3,0.1096059546169325,0.1784436791642025,0.28665260217229854,0.4252977640465665
EA3,0,0.2557005100246618,0.0985569212350486,0.6457425687402897
EI3,0,0.3205476499995562,0.07919337135644378,0.6002589786439999
EE3,0.21055438343120772,0.1901683711285941,0.3108280210993363,0.2884492243408619
EO3,0.028439451890829533,0.3489997551655299,0.14406676272192748,0.47849403022171305
OA3,0,0.05806687149417256,0.2145669978969628,0.7273661306088646
OI3,0.027232544596338126,0.17946703760683438,0.19150115014587712,0.6017992676509504
OE3,0.20880473188404236,0.3042581010445668,0.21726489451762493,0.2696722725537659
OO3,0.05519760118003908,0.2550316320283296,0.19429052066511648,0.49548024612651487
AA4,0.006576503820937656,0,0.6821344257242679,0.3112890704547945
AI4,0.03943309885842549,0.09672460727327842,0.30327892327379724,0.5605633705944988
AE4,0,0.688062939446003,0,0.3119370605539969
AO4,0.03487210715042087,0.21069661638525913,0.17749981822775857,0.5769314582365614
IA4,0.03530064811310516,0,0.7598352938112672,0.20486405807562771
II4,0.11005521233822727,0.028761973543882616,0.46850029243945823,0.392682521678432
IE4,0.39213780713172,0.1820806070715174,0.1970536136551468,0.22872797214161592
IO4,0.19054007811119172,0.07088866937931855,0.3591976246264216,0.3793736278830682
EA4,0,0.15018633279969817,0.14834606127620195,0.7014676059240998
EI4,0,0.18753414374616456,0.12478458224436306,0.6876812740094723
EE4,0.42059774681783413,0.07979762477780816,0.29935832787249417,0.2002463005318636
EO4,0.054255627374711096,0.207891298284577,0.2172385918644517,0.5206144824762603
OA4,0.03585113581638997,0.029529741758574632,0.39363472200017346,0.5409844004248618
OI4,0.09084710822093639,0.05760602995792477,0.3603765545959424,0.4911703072251964
OE4,0.5074540795012192,0.06785562153467632,0.26876935584854006,0.1559209431155642
OO4,0.21209210767455622,0.0779455719395095,0.34850693023469154,0.36145539015124273
