AA1,0.43385511856181447,0,0.5661448814381854,0
AI1,0.0395788608626372,0,0.6767337627044141,0.28368737643294883
AE1,0.01091634093945973,0.3782750351976707,0.08578713193220368,0.5250214919306659
AO1,0.01115655923711587,0.18676182045021755,0.2888412803689507,0.5132403399437159
IA1,0.11901009977550228,0.2518586545354838,0.3231506084223128,0.3059806372667011
II1,0.021865211970101845,0.14728715263301806,0.36172215420826676,0.46912548118861336
IE1,0.01706698151513331,0.4071649235261247,0.06871129478321907,0.5070568001755229
IO1,0.010142014703534532,0.20969352246330847,0.2499071096755658,0.5302573531575913
EA1,0,0.5540506776359508,0,0.4459493223640492
EI1,0,0.1961657805413051,0.18464854684824036,0.6191856726104545
EE1,0.03069706691613031,0.20904350017605022,0.280537945774182,0.4797214871336375
EO1,0.012127445227646775,0.19149855607733882,0.26632958312013755,0.5300444155748769
OA1,0.059354407113867164,0.34633205745131473,0.18167776599132088,0.4126357694434973
OI1,0.012950895250271993,0.18196146216984121,0.24193384871647014,0.5631537938634167
OE1,0.027420283097241076,0.34105299724360505,0.13207699167208847,0.49944972798706533
OO1,0.01041688953915909,0.21186151294953695,0.21289159820300507,0.5648299993082989
AA2,0.17270267612388598,0.18319305082742843,0.3647274557582106,0.279376817290475
AI2,0.018715063588636578,0.1668935947834016,0.3592735655918697,0.45511777603609216
AE2,0,0.5116119051925692,0,0.4883880948074309
AO2,0,0.27919341174144563,0.15993009389030957,0.5608764943682448
IA2,0.20389796974740657,0.17702206595336167,0.3635632060469646,0.2555167582522671
II2,0.031240873089408913,0.11642191115059052,0.437024220489891,0.4153129952701097
IE2,0.05838993482670905,0.36884654480912055,0.09614190573796791,0.47662161462620256
IO2,0.028754853319542643,0.18490502971746986,0.2974836557715638,0.4888564611914236
EA2,0,0.5116119051925692,0,0.4883880948074309
EI2,0,0.18497257312957374,0.22846030750326748,0.5865671193671588
EE2,0.08708765098318337,0.17634819274436223,0.3194406407563796,0.4171235155160748
EO2,0.027284077421093626,0.17059777651061642,0.32272214797206206,0.47939599809622796
OA2,0.14766327709547358,0.29209224780418575,0.2063683164534892,0.3538761586468515
OI2,0.022367609167243247,0.09591221839543762,0.4188584091109449,0.4628617633263742
OE2,0.1299812912745929,0.17151747703216355,0.32488980330549555,0.37361142838774786
OO2,0.05187130653393026,0.11416731983073462,0.40464411180827364,0.4293172618270614
AA3,0.06896606072062308,0,0.5984567071539921,0.33257723212538476
AI3,0.1721391149882831,0,0.5752895488377153,0.25257133617400157
AE3,0.02701405552220749,0.4661130164317524,0.06657826850412195,0.44029465954191804
AO3,0.075912668371159,0.32799210339626644,0.16973220353579427,0.4263630246967804
IA3,0.02917630831915159,0,0.578131161553101,0.39269253012774746
II3,0.07986988932472289,0.21935053266504104,0.31209943471165075,0.38868014329858525
IE3,0.044718836286799186,0.5030264265636205,0.050257444587312836,0.4019972925622675
IO3,0.0769269345626307,0.3265046863369161,0.18523642618528122,0.411331952915172
EA3,0,0.23476378645668525,0.16871559215671877,0.596520621386596
EI3,0,0.2536743094812551,0.15790079226278336,0.5884248982559614
EE3,0.10272815062921223,0.22983504496812718,0.2304447404263481,0.4369920639763125
EO3,0.04697783725619831,0.2529065032175014,0.20810664521321548,0.4920090143130848
OA3,0,0.12990916055001286,0.2788319499840165,0.5912588894659707
OI3,0.05194950600397349,0.24812192163170393,0.21286942678522164,0.48705914557910096
OE3,0.07983020576740514,0.40087724715702566,0.10388986947168848,0.4154026776038808
OO3,0.06360877625943057,0.3285950783362937,0.16237190012282582,0.4454242452814501
AA4,0.005073863878487743,0,0.5761587462909311,0.4187673898305811
AI4,0.04513564285838581,0.249430198787061,0.286685817547354,0.41874834080719925
AE4,0,0.6194260925769873,0,0.3805739074230127
AO4,0.02036897850816296,0.4210102294315941,0.116341816727263,0.4422789753329798
IA4,0.04984804941883016,0,0.5953543263468727,0.3547976242342971
II4,0.09101187723894985,0.16637092077154197,0.3450091057708738,0.39760809621863435
IE4,0.06719666518582224,0.44923651455146063,0.06068590343122305,0.42288091683149404
IO4,0.09180821058922695,0.28661088739516244,0.20093643879219678,0.4206444632234138
EA4,0,0.22025858208302945,0.1822136276359295,0.597527790281041
EI4,0,0.22923131055976623,0.17209026299703797,0.5986784264431958
EE4,0.12212572921575747,0.21492445271246552,0.2370400100979028,0.4259098079738742
EO4,0.053573513925969506,0.23574633629890673,0.21928848037140208,0.4913916694037217
OA4,0.015019832929709282,0.10936313217981421,0.346558165038646,0.5290588698518305
OI4,0.09637122340090881,0.11921201475755479,0.32369321181764843,0.46072355002388804
OE4,0.18485468448110193,0.20473075023220136,0.23495981827244736,0.37545474701424936
OO4,0.14957554351879276,0.16555028768808078,0.27274478374642286,0.41212938504670354
