AA1,0.5950266220387321,0,0.40497337796126787,0
AI1,0.47707568487728963,0,0.507186434238787,0.015737880883923406
AE1,0.36153825756657587,0.09919706883735353,0.3206724275070807,0.2185922460889899
AO1,0.25032073152563256,0.014221199194677708,0.5937215335328433,0.14173653574684647
IA1,0.5367157133292276,0.004951934981937893,0.43857134028031197,0.019761011408522444
II1,0.43282597249369387,0.004461166528821775,0.522255209164521,0.04045765181296345
IE1,0.36498494987670477,0.09969345631358537,0.3181111291995474,0.21721046461016252
IO1,0.22926826447172294,0.01511936891433536,0.6001028121328196,0.15550955448112216
EA1,0,0.37265052966271617,0,0.6273494703372838
EI1,0,0.08870100605278668,0.38896238071672645,0.5223366132304869
EE1,0.43430724391611314,0.02342713002312115,0.4486031501518454,0.09366247590892053
EO1,0.16014800683724725,0.02546697430432111,0.5312741123615434,0.2831109064968882
OA1,0.266929953583434,0.03659339225408747,0.516711245842508,0.17976540831997054
OI1,0.22291368521965688,0.0301038365037427,0.5468900324378753,0.20009244583872515
OE1,0.42446116351519864,0.06445694965235602,0.37938229008067703,0.13169959675176832
OO1,0.10486747265149794,0.02541688520964579,0.5832328637258446,0.28648277841301184
AA2,0.5011365401316693,0.004917073375952242,0.4697379580403612,0.024208428452017306
AI2,0.38494945260535296,0.005581583878180699,0.55239870995342,0.057070253563046305
AE2,0,0.33006539948430674,0,0.6699346005156932
AO2,0,0.0404134040972583,0.578286023227437,0.38130057267530465
IA2,0.5095709723194177,0.004750548544912386,0.4649135973383042,0.020764881797365742
II2,0.41231288303330627,0.0043025034857039025,0.5390190907183414,0.04436552276264836
IE2,0.36161228431345577,0.09817183657121441,0.31622345344477465,0.2239924256705552
IO2,0.2273654346283969,0.01663199162154178,0.589581189714172,0.16642138403588938
EA2,0,0.33006539948430674,0,0.6699346005156932
EI2,0,0.08278855476548608,0.4000955966642258,0.5171158485702881
EE2,0.43029117150958074,0.023882757326770882,0.4454761748344736,0.10034989632917464
EO2,0.15567557113771865,0.02590734396201629,0.524590699569391,0.29382638533087413
OA2,0.5330592354047033,0.011438076128281583,0.4325550416254683,0.02294764684154665
OI2,0.4508232768335831,0.003931559240009407,0.5101985908878632,0.03504657303854422
OE2,0.45397114556409646,0.020523934749555557,0.44599429795071416,0.0795106217356338
OO2,0.37091962286443025,0.004065067464256488,0.5547464103428161,0.07026889932849693
AA3,0.4496130115630738,0,0.5240332299143818,0.026353758522544367
AI3,0.4793784155257357,0,0.5037140692616989,0.016907515212565418
AE3,0.33288780849560223,0.12755662210708152,0.3034510481524506,0.2361045212448657
AO3,0.5206071193100417,0.010974351911248287,0.44231791005246,0.02610061872624991
IA3,0.3904154509630121,0,0.5573617712598711,0.05222277777711686
II3,0.42843461860667986,0.006606294939544942,0.5205782035840171,0.0443808828697581
IE3,0.33554731855209863,0.12970911414983186,0.3003622172783142,0.2343813500197554
IO3,0.483972579209798,0.02457721862537575,0.4444536680055102,0.046996534159315886
EA3,0,0.09270265632286609,0.3650746320489807,0.5422227116281533
EI3,0,0.09499712260063484,0.3625763730956501,0.5424265043037151
EE3,0.42690014474419224,0.024787007133846337,0.44323127203994217,0.10508157608201926
EO3,0.36079030120225297,0.04808105606659502,0.4294819806102366,0.1616466621209154
OA3,0,0.008028079146051253,0.6192998216095918,0.3726720992443569
OI3,0.2203313266899081,0.041856192625699055,0.5188139230618212,0.21899855762257167
OE3,0.40418013199172853,0.07938277076395367,0.3712150831605401,0.14522201408377766
OO3,0.33279379081861105,0.08577842716950915,0.41455911036042786,0.1668686716514519
AA4,0.31710024507756474,0,0.5958826916331014,0.08701706328933387
AI4,0.3646138600095659,0.00874998944953144,0.5584423984090572,0.06819375213184548
AE4,0,0.35925618289781375,0,0.6407438171021862
AO4,0.4211796430893432,0.033524091040890144,0.47324386304432753,0.07205240282543907
IA4,0.36115014608532714,0,0.5777006473994672,0.061149206515205654
II4,0.3958550650361545,0.006578677739048165,0.5451448952381847,0.05242136198661281
IE4,0.31929377731025377,0.12198459268119041,0.2931451805558784,0.2655764494526775
IO4,0.4504976409944928,0.024219830177052246,0.46936796275250203,0.055914566075952965
EA4,0,0.07877456307203386,0.3367953697981261,0.58443006712984
EI4,0,0.07936960578994721,0.33496755445785414,0.5856628397521988
EE4,0.4094390342547413,0.026063197039044035,0.4411865618086641,0.12331120689755061
EO4,0.332393815540081,0.04647152940775744,0.43306671897608956,0.18806793607607192
OA4,0.41882259903792335,0.003820912653086548,0.5235945834058358,0.05376190490315437
OI4,0.44831426528626644,0.004394870844266406,0.5059000523280756,0.04139081154139169
OE4,0.4381945672127979,0.021941325216173604,0.44100649381432966,0.09885761375669894
OO4,0.5214325653548179,0.007323726711280087,0.4480989757654275,0.023144732168474572
