AA1,0.5240316100173077,0,0.47596838998269236,0
AI1,0.27272614641574455,0,0.6559588344644691,0.07131501911978624
AE1,0.093888332216012,0.3845288495425397,0.12674896252818504,0.39483385571326335
AO1,0.09501444867363965,0.16962433457849077,0.3384463891617189,0.3969148275861507
IA1,0.2053454946933629,0.22961917924092243,0.277220185794594,0.2878151402711208
II1,0.1234263477277563,0.20303668050925597,0.32831312844783894,0.3452238433151489
IE1,0.0974243701814346,0.3897635273492977,0.12207944505082005,0.39073265741844765
IO1,0.06923133552006774,0.17608536797004534,0.32279637231927855,0.43188692419060837
EA1,0,0.5279305242898389,0,0.4720694757101612
EI1,0,0.3417640137535788,0.06936736114200284,0.5888686251044183
EE1,0.17999504192184154,0.25797129236630595,0.26214253510372704,0.29989113060812544
EO1,0.05544178582083088,0.22648627201069846,0.24668502602477632,0.47138691614369443
OA1,0.074640269702729,0.3735521388654636,0.11069787878860403,0.44110971264320337
OI1,0.053211730644002773,0.2562548956591343,0.17312868975326157,0.5174046839436013
OE1,0.15598462641579955,0.304861259127481,0.21506258604463732,0.3240915284120821
OO1,0.04851757023784263,0.19415131275991407,0.2566499439011368,0.5006811731011066
AA2,0.23545842939220019,0.1739104831209306,0.3273992275885926,0.2632318598982765
AI2,0.11339277768706588,0.17470462909996148,0.37052271289278943,0.34137988032018324
AE2,0,0.5038408319131162,0,0.4961591680868839
AO2,0,0.25747532898905395,0.1828720933094294,0.5596525777015168
IA2,0.2978980694096021,0.1561735266499109,0.3298270478234408,0.21610135611704617
II2,0.17590481450367837,0.14278416567790242,0.40894379114197943,0.27236722867643964
IE2,0.16712779658170723,0.3303521581059552,0.16124954706048522,0.34127049825185235
IO2,0.10991081816982406,0.1454893494831189,0.3759893375692116,0.3686104947778454
EA2,0,0.5038408319131162,0,0.4961591680868839
EI2,0,0.3274714946374959,0.10801576314068338,0.5645127422218208
EE2,0.28067912812846846,0.19129069782081004,0.3013787031421802,0.22665147090854137
EO2,0.08513772750079666,0.19584613362240522,0.33377788349578025,0.385238255381018
OA2,0.179534639799736,0.33583307811646185,0.1375243748102316,0.34710790727357066
OI2,0.11511531208571361,0.21356457382900343,0.27972104616135735,0.3915990679239256
OE2,0.2985063717271547,0.1815584643332124,0.3078035335514792,0.21213163038815358
OO2,0.1337924293368544,0.14952811546191278,0.40123376062762084,0.31544569457361205
AA3,0.29549553292770814,0,0.6122844111546878,0.09222005591760407
AI3,0.35860345592409165,0,0.5751711161641619,0.06622542791174636
AE3,0.09613065745532864,0.40419809233841597,0.11702935913341606,0.3826418910728393
AO3,0.2445101283767372,0.2557396992097651,0.2500458001485986,0.2497043722648991
IA3,0.14335550547171153,0,0.6407955850707283,0.21584890945756027
II3,0.14827879286935583,0.24345134591473863,0.29441227241396445,0.31385758880194103
IE3,0.10050911261525042,0.4103173824610357,0.11247505672213612,0.37669844820157766
IO3,0.18345391619106852,0.3143009704240662,0.19800635195293187,0.30423876143193346
EA3,0,0.352946473142221,0.06205065891833651,0.5850028679394426
EI3,0,0.36002691873728987,0.058606494062800454,0.5813665871999097
EE3,0.2088061644577404,0.25231856730780927,0.23878938678328124,0.30008588145116916
EO3,0.08582920099626949,0.3557082640146698,0.13278755309941678,0.425674981889644
OA3,0,0.22769563612302604,0.15700538703698666,0.6152989768399874
OI3,0.07930028153630056,0.28720348979539007,0.1517430171867225,0.48175321148158695
OE3,0.1763098505684783,0.30540087862817517,0.19812823935422352,0.32016103144912295
OO3,0.13724627667101558,0.3369023935187055,0.15738085722043513,0.36847047258984383
AA4,0.054417401778256304,0,0.6261530414620677,0.3194295567596759
AI4,0.1211767639918782,0.21947742136086046,0.30823577052213763,0.3511100441251236
AE4,0,0.5463134321573256,0,0.45368656784267436
AO4,0.12013723921474168,0.3562573867617726,0.16010198921971994,0.36350338480376587
IA4,0.19081196887294763,0,0.6424706459532086,0.16671738517384393
II4,0.20028550548905943,0.17582164210044873,0.33913292641395676,0.28475992599653505
IE4,0.15524649403289276,0.3584484832537409,0.13370537497699855,0.3525996477363678
IO4,0.23987897281322837,0.2570765230294755,0.22160380730816853,0.2814406968491276
EA4,0,0.3343371703639597,0.0782730983120427,0.5873897313239975
EI4,0,0.33882346324305046,0.07412959093446644,0.5870469458224832
EE4,0.2800795933489841,0.2148765111293104,0.24675485939742492,0.25828903612428067
EO4,0.11559728455622387,0.32486524754210244,0.15408082339591758,0.405456644505756
OA4,0.09054890034514168,0.22243708713579366,0.24201596697069258,0.44499804554837197
OI4,0.15346713708723764,0.22565770569236057,0.2191501582072908,0.40172499901311093
OE4,0.3009676986857507,0.20542738206494232,0.24876679162347606,0.2448381276258309
OO4,0.26285275244191947,0.2469773319759277,0.21317490566877967,0.2769950099133731
