AA1,0.6614045427463964,0,0.33859545725360357,0
AI1,0.17826575543408235,0,0.7284756736179065,0.09325857094801114
AE1,0.08987244782061671,0.07724953595520531,0.42631443870598107,0.40656357751819694
AO1,0.08285909398401071,0.012843450174129384,0.6854062797009022,0.2188911761409577
IA1,0.2485019455324591,0.04698132218331008,0.5450115882445559,0.1595051440396749
II1,0.05554296986049203,0.014872693147498018,0.6407086929600739,0.288875644031936
IE1,0.11352564239348717,0.09514512908488428,0.40840095569182683,0.38292827282980174
IO1,0.02551620517100755,0.015496802419400891,0.6085475983017943,0.35043939410779723
EA1,0,0.37300220340795937,0,0.6269977965920407
EI1,0,0.04745401398551886,0.20280935945278916,0.749736626561692
EE1,0.09245090096682225,0.03400015908995418,0.5482642034603052,0.32528473648291834
EO1,0.005966838940060596,0.022295745387731818,0.37417134582353034,0.5975660698486772
OA1,0.05532563338568033,0.09246564139659758,0.5080478363113607,0.34416088890636143
OI1,0.01491490963737417,0.02210879404453722,0.5129868410503786,0.4499894552677099
OE1,0.12593022970207185,0.07388689418483929,0.44876816643144574,0.35141470968164323
OO1,0.007734046566712698,0.015147935049117458,0.5030449242093682,0.47407309417480165
AA2,0.36007397385588585,0.0211542966474639,0.49687415664040135,0.12189757285624876
AI2,0.04708312206849052,0.026474144410470163,0.6009313867814476,0.3255113467395917
AE2,0,0.3044450922257968,0,0.6955549077742033
AO2,0,0.04156523496215789,0.35765758170387935,0.6007771833339628
IA2,0.4281014596550115,0.02027888758286021,0.45563222534515835,0.09598742741697
II2,0.10173770491612516,0.008963024802262423,0.6688192210250027,0.22048004925660972
IE2,0.24967728079999443,0.06421517698697855,0.4041752164143134,0.28193232579871363
IO2,0.05139180371945567,0.011896755340626834,0.6555826024590398,0.28112883848087783
EA2,0,0.3044450922257968,0,0.6955549077742033
EI2,0,0.04046132182240787,0.26917473942163184,0.6903639387559602
EE2,0.19532329643217516,0.023814872647540928,0.5412007121363468,0.2396611187839371
EO2,0.010260975301134762,0.019405038594686407,0.45714414518845675,0.5131898409157221
OA2,0.4804241044584228,0.03750946599087562,0.380786806264657,0.10127962328604452
OI2,0.11483232663647357,0.009638862480419307,0.6574376667617775,0.21809114412132966
OE2,0.26567865503704474,0.02329768950934912,0.5208157618537397,0.1902078935998664
OO2,0.07800059073370172,0.00885486531916203,0.6835463473642558,0.22959819658288047
AA3,0.291969046317872,0,0.6056825123723624,0.10234844130976557
AI3,0.3928127962264223,0,0.5400901867700219,0.06709701700355587
AE3,0.15421748156011836,0.1569009606929331,0.35635990581039495,0.3325216519365536
AO3,0.45322914096731365,0.0198970417722669,0.4466630239304006,0.08021079333001878
IA3,0.06484281870779363,0,0.6603107601498795,0.27484642114232677
II3,0.13771598061393572,0.05090390546809647,0.5624249087472131,0.24895520517075473
IE3,0.19751129099420453,0.20404637339244777,0.3120101020671062,0.2864322335462416
IO3,0.1846744887590136,0.07950356219224203,0.5095507879048157,0.2262711611439288
EA3,0,0.07854631962286893,0.2127167601023309,0.7087369202748002
EI3,0,0.10355583320663364,0.19129178137102065,0.7051523854223457
EE3,0.17800459433969118,0.052962981340845816,0.48554768206431204,0.28348474225515097
EO3,0.022978743824664867,0.1120944001797348,0.3307830688416884,0.5341437871539119
OA3,0,0.015643161145230622,0.3885293752768462,0.595827463577923
OI3,0.034016734779863785,0.05771920609966361,0.48720538029656796,0.42105867882390463
OE3,0.23231355745867616,0.14902651846749485,0.35044948222443734,0.2682104418493917
OO3,0.0722498560473373,0.09194061313929164,0.4951403759534161,0.3406691548599549
AA4,0.022376693051543516,0,0.6397372690825669,0.3378860378658896
AI4,0.09274834844666034,0.045740102641233855,0.5406489544322857,0.3208625944798201
AE4,0,0.41490153832666965,0,0.5850984616733302
AO4,0.11902178405326003,0.09488055029971199,0.4626402303922169,0.3234574352548112
IA4,0.10246269888051612,0,0.6685329400978379,0.22900436102164604
II4,0.2153206650076357,0.012208161216886398,0.5638074066217242,0.2086637671537537
IE4,0.33853242545264123,0.08006370421232555,0.322023848428694,0.2593800219063393
IO4,0.28766494527518427,0.025390791060660067,0.49928460101661554,0.18765966264754017
EA4,0,0.042835027605197584,0.24783654379071404,0.7093284286040884
EI4,0,0.048765913093219114,0.22799155694570467,0.7232425299610761
EE4,0.27868552014695214,0.028064243873058274,0.45660540827763785,0.23664482770235176
EO4,0.03708504939333108,0.05905636155384311,0.3782572629951607,0.5256013260576652
OA4,0.11773185613832403,0.008062783531418935,0.597409040228666,0.2767963201015909
OI4,0.25101809381097484,0.010540359960845704,0.5376796182768926,0.20076192795128686
OE4,0.3838051330983805,0.026025547849037125,0.41438436934101786,0.1757849497115645
OO4,0.3518538284177531,0.017146409646358024,0.4787991288982391,0.1522006330376497
