AA1,0.6032083427413933,0,0.3967916572586066,0
AI1,0.22843329220721012,0,0.635782929962799,0.1357837778299909
AE1,0.11818950883893999,0.07399611418374986,0.4146147879697713,0.39319958900753893
AO1,0.12487331600335401,0.01231422011705839,0.6038520460061708,0.25896041787341684
IA1,0.2970549189426685,0.045687910368820146,0.48461186906597764,0.17264530162253364
II1,0.10400068428287933,0.021197479417042097,0.5659766539304788,0.30882518236959977
IE1,0.14088652488476808,0.08583819585487441,0.3971268149435241,0.3761484643168333
IO1,0.05571022907435994,0.017598646368417993,0.5593963837565721,0.36729474080065
EA1,0,0.3647634150316226,0,0.6352365849683774
EI1,0,0.061865051058465556,0.278459564851577,0.6596753840899574
EE1,0.11965289251538391,0.04350827002887966,0.4924260323461837,0.34441280510955274
EO1,0.012311130519691372,0.036003309291124795,0.40380512345440783,0.547880436734776
OA1,0.10677406874736552,0.07605097800955876,0.4746659231200004,0.3425090301230753
OI1,0.03465329670658356,0.02863599211416729,0.503401681161368,0.4333090300178812
OE1,0.15313691479283775,0.07582519048301255,0.42073815150563515,0.3502997432185146
OO1,0.0186786766096968,0.020688616057557934,0.5013966296133979,0.45923607771934727
AA2,0.33357358280754557,0.025946191276627093,0.4887372795666347,0.1517429463491927
AI2,0.0777876705850882,0.030925825599571903,0.5526806953329354,0.3386058084824046
AE2,0,0.2932653282196142,0,0.7067346717803858
AO2,0,0.038050508440573484,0.4171815592572265,0.5447679323021999
IA2,0.37989714173928285,0.026152562459450465,0.4668484492135092,0.12710184658775758
II2,0.1383221766656431,0.014979479958168687,0.5928063580668416,0.2538919853093467
IE2,0.223170960821231,0.06378105683684968,0.4052877090483476,0.3077602732935717
IO2,0.08088012819375989,0.013612457184293731,0.5950885017144146,0.31041891290753193
EA2,0,0.2932653282196142,0,0.7067346717803858
EI2,0,0.052181024659611185,0.33701463761965883,0.6108043377207302
EE2,0.18679376127015626,0.03369718134575741,0.49911268703207806,0.28039637035200826
EO2,0.01882784846897799,0.0314987727282084,0.4632967404449065,0.4863766383579072
OA2,0.40858896990357824,0.04399364736531663,0.41669390645631715,0.13072347627478806
OI2,0.14837907048822485,0.014149901852778847,0.590519040697291,0.2469519869617054
OE2,0.23467322025915965,0.03358478836320854,0.49049268087025893,0.24124931050737272
OO2,0.11425570052835467,0.01108579267883876,0.6048038462623871,0.2698546605304195
AA3,0.276870504155782,0,0.5701004343843032,0.1530290614599147
AI3,0.3466471617585761,0,0.5396704862013096,0.11368235204011429
AE3,0.16700829111180845,0.12171143760527688,0.3659381416532873,0.34534212962962735
AO3,0.3784167647166819,0.01824678782899411,0.4777337378015768,0.125602709652747
IA3,0.10029496324377828,0,0.5888613667164776,0.31084367003974417
II3,0.16708152810877597,0.04811834993032424,0.5095379838782542,0.27526213808264555
IE3,0.1969566839669353,0.15132868985938946,0.3355415992372202,0.316173026936455
IO3,0.20385638356492086,0.0609944883474723,0.47970124449417706,0.25544788359342974
EA3,0,0.08828063132116251,0.2825994683107356,0.6291199003681018
EI3,0,0.10644910013279864,0.26383062138331786,0.6297202784838835
EE3,0.1792944487543051,0.05980768846699502,0.44801716963883476,0.31288069313986505
EO3,0.0431647992190416,0.10973260584193972,0.3525660828081469,0.4945365121308718
OA3,0,0.01726354244395491,0.4365218075103836,0.5462146500456615
OI3,0.06094747744994601,0.05539341295755352,0.4762550041765202,0.4074041054159803
OE3,0.220591874670587,0.12303535275394924,0.3588482297932547,0.29752454278220913
OO3,0.11033959469013865,0.068936911395526,0.4718032882134904,0.3489202057008449
AA4,0.04369694469840276,0,0.5965706595816205,0.3597323957199768
AI4,0.1180837915324816,0.0496571041745725,0.5049381798000101,0.3273209244929358
AE4,0,0.4012125276800665,0,0.5987874723199335
AO4,0.14006028004186155,0.07202596586462702,0.45845315864382225,0.3294605954496892
IA4,0.12756793940630698,0,0.6030846656628842,0.26934739493080884
II4,0.21264033422346723,0.020626595446295498,0.5249344487055615,0.24179862162467586
IE4,0.28349957201353687,0.0791059379458125,0.3473989515031317,0.28999553853751886
IO4,0.2593357790844181,0.028447631695592338,0.4886545249203906,0.22356206429959904
EA4,0,0.057662883402034876,0.3236609513961446,0.6186761652018204
EI4,0,0.06432423997072112,0.30669663718225737,0.6289791228470214
EE4,0.244536671685267,0.03943694661427531,0.44168159770166293,0.2743447839987948
EO4,0.06078275792037083,0.06863191232001048,0.3938875137711358,0.4766978159884829
OA4,0.13929108444375332,0.012588855302295277,0.5522759294651725,0.2958441307887789
OI4,0.23401180622854703,0.016127361630242133,0.5154967080605383,0.23436412408067256
OE4,0.30963799312857515,0.03836251436875349,0.4224275117205117,0.2295719807821596
OO4,0.2980260809072351,0.019622465343206427,0.4840813333599433,0.1982701203896153
