AA1,0.41504026751676915,0,0.5849597324832307,0
AI1,0.04139676848038787,0,0.7545650667824731,0.20403816473713893
AE1,0.02531241314823613,0.33274234880765013,0.11992927587097627,0.5220159621731375
AO1,0.02503087838932359,0.15161339989142095,0.34078732904603143,0.48256839267322404
IA1,0.09375593637536787,0.3014826753116877,0.24916174102706778,0.35559964728587673
II1,0.020884232437191112,0.1442433612543721,0.32951066500871334,0.5053617412997234
IE1,0.030647223435231737,0.3640957900465457,0.10662144807338261,0.49863553844483993
IO1,0.008831344963934994,0.16624281600971696,0.28647313227427273,0.5384527067520753
EA1,0,0.5634679698330406,0,0.43653203016695935
EI1,0,0.1593735258384877,0.1757720198705134,0.664854454290999
EE1,0.035009566214153943,0.18319958703947808,0.33367179897872584,0.44811904776764205
EO1,0.003251834401163166,0.1493298965174623,0.2798756018597045,0.56754266722167
OA1,0.05238067369458687,0.37521031237551883,0.1262401872072876,0.4461688267226067
OI1,0.016371141848993433,0.14970112025665236,0.22778949138008453,0.6061382465142697
OE1,0.036326841756477796,0.2945307186990799,0.19407482715761806,0.4750676123868242
OO1,0.003438339550748845,0.15391016221300927,0.24510438663553874,0.5975471116007032
AA2,0.14550250124196693,0.20373932415793825,0.32057221899697924,0.33018595560311553
AI2,0.019406275879175226,0.18075997352398476,0.3257580500297278,0.47407570056711223
AE2,0,0.5044845132819518,0,0.4955154867180482
AO2,0,0.2510260599028246,0.1595464516227961,0.5894274884743793
IA2,0.1923940746214966,0.1941468791881233,0.32156288624267004,0.29189615994770995
II2,0.02518006232883767,0.1032381949631173,0.4526163996751352,0.41896534303290983
IE2,0.10581518895326011,0.3008843634465027,0.15927425795424038,0.4340261896459968
IO2,0.025184549317949886,0.1368142621007255,0.3755963622020905,0.46240482637923414
EA2,0,0.5044845132819518,0,0.4955154867180482
EI2,0,0.1508289634535451,0.25105059932499924,0.5981204372214556
EE2,0.13120366165131203,0.1357351486390432,0.3991844382774312,0.3338767514322136
EO2,0.013299675642320007,0.12873317451892477,0.3939184820404163,0.46404866779833887
OA2,0.14427347991272466,0.315784300759944,0.1468553208629686,0.39308689846436273
OI2,0.026486935149951995,0.07632441273534511,0.42554915352112915,0.4716394985935736
OE2,0.18611631816634142,0.12718035186359064,0.3920753187552825,0.2946280112147855
OO2,0.04288004714350202,0.08360484025123713,0.4854522121524636,0.38806290045279723
AA3,0.08775083290170804,0,0.6647736492155019,0.24747551788278996
AI3,0.1946767282365382,0,0.6205276193646901,0.18479565239877163
AE3,0.039433471222078784,0.4400177652055127,0.09212030036571023,0.42842846320669825
AO3,0.12307746375379863,0.2892140856761745,0.20144541333183438,0.3862630372381925
IA3,0.024255709938536665,0,0.6259828483392945,0.34976144172216894
II3,0.06867467064392929,0.27705063465348845,0.2587671144219151,0.3955075802806671
IE3,0.05222003381086679,0.49520100357556146,0.07540702799517185,0.37717193461839993
IO3,0.08003324229633502,0.34623388213395,0.17538378892689094,0.39834908664282404
EA3,0,0.20125553288204634,0.15229278125318474,0.6464516858647688
EI3,0,0.22666228067097144,0.14064328794235278,0.6326944313866758
EE3,0.11563092640031458,0.20530591884108682,0.26896957923822773,0.4100935755203708
EO3,0.020572051814088867,0.2405290669198728,0.21754978916184364,0.5213490921041948
OA3,0,0.11008476551995122,0.25392262753071,0.6359926069493389
OI3,0.04809733038730565,0.23207021350112383,0.18861882798945806,0.5312136281221125
OE3,0.09978927769329192,0.3491769315185594,0.15149518018364935,0.3995386106044993
OO3,0.05639706884023614,0.322576645172108,0.16104166150580826,0.45998462448184757
AA4,0.009328601048333208,0,0.6263914530490058,0.36427994590266105
AI4,0.040180449828116055,0.2854528233632031,0.23691989011227454,0.4374468366964063
AE4,0,0.6224676415771035,0,0.3775323584228965
AO4,0.027759279819971963,0.4243663633834267,0.10596354994531956,0.44191080685128187
IA4,0.04287810415898352,0,0.668504360757388,0.2886175350836286
II4,0.09019893620373318,0.15856840175624776,0.3300229780782768,0.4212096839617423
IE4,0.10898676858650926,0.37684999046188106,0.10237800922674446,0.41178523172486525
IO4,0.10359569686938117,0.2547141935345057,0.21743058943522298,0.42425952016089014
EA4,0,0.17800526666846953,0.18038529565711162,0.6416094376744189
EI4,0,0.188324107191372,0.16935778251961708,0.6423181102890109
EE4,0.16416742208781798,0.17891235589379773,0.27833197817502225,0.37858824384336215
EO4,0.030846325560840514,0.21226101030529695,0.24465598187572488,0.5122366822581376
OA4,0.022990405429870204,0.08889576608372428,0.33645619183820363,0.5516576366482019
OI4,0.09282338433211912,0.0978499098182557,0.30983984394980496,0.49948686189982017
OE4,0.23904630781957353,0.16532687663401238,0.26569182841382605,0.32993498713258795
OO4,0.15938935081497493,0.14115485920556126,0.3033949258102682,0.39606086416919556
