AA1,0.4951519810900364,0,0.5048480189099636,0
AI1,0.10507679119590353,0,0.763641787157363,0.13128142164673354
AE1,0.06884412622172557,0.3087197208530227,0.14609868953301455,0.47633746339223726
AO1,0.0700156579075476,0.05637231150381461,0.4324005284524579,0.44121150213617993
IA1,0.22623302690608021,0.09298449048683588,0.4416961880810252,0.23908629452605873
II1,0.07579596002820019,0.030576718940441058,0.5155138699622968,0.378113451069062
IE1,0.07811423918423403,0.35588048593785027,0.1290130438911945,0.4369922309867213
IO1,0.04583335676736124,0.07587933469438612,0.3772016038469495,0.5010857046913031
EA1,0,0.6058084301731798,0,0.39419156982682035
EI1,0,0.12307695584013527,0.14989870643494171,0.727024337724923
EE1,0.11920580209048767,0.09587264916291718,0.39752576669488515,0.38739578205170994
EO1,0.03134409487643913,0.07132984161176326,0.3399917696213209,0.5573342938904768
OA1,0.10985705264745424,0.2383743687685622,0.22147486320768722,0.4302937153762963
OI1,0.043721615709108756,0.07681913449492035,0.315164673745681,0.5642945760502898
OE1,0.11552129198439398,0.22335371735147225,0.24405910386965707,0.41706588679447676
OO1,0.03090518795592623,0.0795609879116751,0.32458483073827077,0.5649489933941279
AA2,0.3174647375026325,0.053980387462021905,0.43249068876346464,0.19606418627188102
AI2,0.05749081171923967,0.04368099562163155,0.49358894692023375,0.40523924573889497
AE2,0,0.556351571969112,0,0.4436484280308881
AO2,0,0.15665208911347264,0.1827755663701248,0.6605723445164025
IA2,0.39824538151971656,0.044365706822657364,0.41109423377313176,0.14629467788449452
II2,0.09670356031279652,0.01859174099758724,0.6028623661154927,0.2818423325741236
IE2,0.15495260865445612,0.26877129436434616,0.16872512200238246,0.4075509749788154
IO2,0.06690385609431256,0.05265428002619892,0.46101568316478514,0.4194261807147033
EA2,0,0.556351571969112,0,0.4436484280308881
EI2,0,0.10225313290561827,0.22350878185813006,0.6742380852362516
EE2,0.21209831166118479,0.06022775347948849,0.44220615026609095,0.2854677845932357
EO2,0.04042383030567167,0.052251382568466405,0.4431772523682339,0.46414753475762804
OA2,0.3202958362362001,0.19008222335600405,0.23042714455496888,0.2591947958528269
OI2,0.08519298033771376,0.02151435880072928,0.5524919049433807,0.3408007559181762
OE2,0.26735196284996554,0.05211826952232528,0.44326235120854024,0.23726741641916893
OO2,0.09306486716943592,0.020668416613746042,0.57690250367344,0.30936421254337787
AA3,0.16197227132386702,0,0.6686372458891817,0.16939048278695124
AI3,0.276920685541771,0,0.6102622559129136,0.11281705854531535
AE3,0.08208435530359269,0.4411081248928271,0.11118013932747442,0.3656273804761059
AO3,0.24998418855008897,0.18499427092738094,0.279488896419,0.28553264410353
IA3,0.06040543230387007,0,0.6687079731994103,0.2708865944967196
II3,0.14839821673448209,0.06601554542686323,0.44659598837369946,0.3389902494649553
IE3,0.09835134266622791,0.4917886814572185,0.09295877480504611,0.31690120107150754
IO3,0.17694657705872516,0.23808536986085718,0.24935181834004796,0.33561623474036967
EA3,0,0.19214474274739393,0.14258290768764334,0.6652723495649627
EI3,0,0.2169355717363931,0.12846018986736776,0.654604238396239
EE3,0.23352564601667225,0.13268248393470125,0.3124155292063105,0.32137634084231603
EO3,0.0852648652218535,0.19674105789155938,0.2463598022300727,0.4716342746565145
OA3,0,0.05167397793085303,0.2899576781983218,0.6583683438708252
OI3,0.07097931948724771,0.1473094108901823,0.2756685028598436,0.5060427667627263
OE3,0.19487152036232472,0.30619495604647035,0.18212890209447397,0.316804621496731
OO3,0.12749345778037588,0.2450034221551269,0.22683547559604814,0.4006676444684491
AA4,0.018028436164000208,0,0.6583534266186237,0.323618137217376
AI4,0.08623747224125408,0.078472445001083,0.4025136483440968,0.4327764344135661
AE4,0,0.661525043467832,0,0.338474956532168
AO4,0.06982004880287244,0.3231987845668385,0.16738436987691863,0.4395967967533704
IA4,0.07260078709348707,0,0.695567515969646,0.23183169693686698
II4,0.18204004538896093,0.03244292153512774,0.47772658709021,0.30779044598570127
IE4,0.17194338026990066,0.3547003544604278,0.12082296463808659,0.352533300631585
IO4,0.235468295647965,0.14755493928259755,0.2842450078879819,0.33273175718145565
EA4,0,0.13325311889748923,0.17490134100548602,0.6918455400970247
EI4,0,0.1472293773817952,0.16009448136552462,0.6926761412526803
EE4,0.3133979548545042,0.08479792532071669,0.3187534267813288,0.28305069304345026
EO4,0.11383278323869774,0.13459628397915788,0.2847632199100184,0.466807712872126
OA4,0.07211615369661545,0.026247496680362935,0.4572631336882947,0.4443732159347269
OI4,0.15958805942467982,0.034460126327953644,0.4341817836356067,0.37177003061175984
OE4,0.40278207635161434,0.06995618706000713,0.3025705758667857,0.22469116072159293
OO4,0.33730708904388224,0.05509394495892772,0.35256926708166525,0.2550296989155248
