AA1,0.4856599735199771,0,0.514340026480023,0
AI1,0.10938212861037264,0,0.7786845674291488,0.11193330396047857
AE1,0.08649947780845567,0.293068909066613,0.1505036208872465,0.46992799223768483
AO1,0.08926248992537035,0.037265685097312894,0.43291470676595223,0.4405571182113645
IA1,0.20327345027429283,0.08986059429348625,0.46743870769764184,0.23942724773457907
II1,0.06337875324374542,0.025688167858462528,0.5324261237923191,0.37850695510547283
IE1,0.09277512567498578,0.3428444073453497,0.13771739418264514,0.4266630727970193
IO1,0.04621960705530977,0.05585244837476947,0.38060263841739816,0.5173253061525226
EA1,0,0.6236250711831264,0,0.3763749288168737
EI1,0,0.10689065181980173,0.13570411453544484,0.7574052336447534
EE1,0.13859698151157399,0.07609022248719513,0.40890856925099034,0.37640422675024054
EO1,0.01575564226376123,0.05474751713077585,0.33968551506947176,0.5898113255359911
OA1,0.064617610659766,0.23294915813940242,0.20130142793713202,0.5011318032636995
OI1,0.016324218394278844,0.06203618881319864,0.2960830886327326,0.6255565041597899
OE1,0.1355476478310696,0.2020955094461767,0.2538605223506866,0.4084963203720669
OO1,0.015811439929038683,0.05826744478677412,0.32222154649947576,0.6036995687847114
AA2,0.3069373144859662,0.0440584308524165,0.4558947762131309,0.19310947844848642
AI2,0.04120890186448596,0.03463977896113083,0.5066616144787153,0.41748970469566793
AE2,0,0.5635678807043205,0,0.4364321192956795
AO2,0,0.13164009638992313,0.15981770940893475,0.7085421942011422
IA2,0.41616814891899306,0.03508302083725107,0.4168713103912114,0.1318775198525446
II2,0.08614772495403904,0.012753715965160398,0.6341061803236161,0.2669923787571844
IE2,0.18833039097225396,0.24442267208824087,0.17749668043041789,0.3897502565090873
IO2,0.07124506761677582,0.035266408224102944,0.4737639212022546,0.4197246029568666
EA2,0,0.5635678807043205,0,0.4364321192956795
EI2,0,0.08546126637578268,0.2080931526849909,0.7064455809392264
EE2,0.24258658676736036,0.04449847472183789,0.4488775117364052,0.2640374267743965
EO2,0.022617425021565784,0.038797863935088994,0.45303860694721076,0.48554610409613447
OA2,0.33668348962364286,0.1738786304221006,0.22965835286971437,0.2597795270845421
OI2,0.07180760209664125,0.01381219728025452,0.5802489185141886,0.3341312821089157
OE2,0.29884874987252746,0.03868127523360733,0.44936318703535044,0.2131067878585147
OO2,0.08162371167983892,0.01268655150229621,0.6094622905730169,0.29622744624484804
AA3,0.16548364974250382,0,0.6801125433283989,0.1544038069290973
AI3,0.2921442595842382,0,0.6120601693054505,0.09579557111031135
AE3,0.0893418841124707,0.458234287899807,0.11027106476876283,0.3421527632189595
AO3,0.2724928526136087,0.17314141849516398,0.2803728769226746,0.27399285196855266
IA3,0.0488914311448487,0,0.6970623854995007,0.2540461833556505
II3,0.13538717408822157,0.06491798367465008,0.4586124287427302,0.34108241349439816
IE3,0.10052729394921567,0.5132656785454265,0.09494288062625308,0.29126414687910473
IO3,0.15825366595974447,0.2475632532362891,0.23756133050399414,0.35662175029997234
EA3,0,0.18227739124559847,0.1270941431394141,0.6906284656149874
EI3,0,0.2091199324274161,0.11407419453858454,0.6768058730339993
EE3,0.25489991290968317,0.11641574822744778,0.3203133645222341,0.3083709743406349
EO3,0.07359750876805705,0.19443472680464657,0.24234659183688995,0.4896211725904064
OA3,0,0.03989476202304139,0.27302234417282656,0.6870828938041321
OI3,0.043514381810548286,0.1341067973054076,0.25747608786102366,0.5649027330230205
OE3,0.21125164273662966,0.30714090289346446,0.18425503194151713,0.2973524224283887
OO3,0.09324221624426637,0.26372498110510795,0.20648802986683487,0.4365447727837908
AA4,0.01276619160037901,0,0.6724831382051075,0.3147506701945136
AI4,0.06672416256013092,0.06682515232639565,0.4046118403224841,0.46183884479098924
AE4,0,0.6740888811187984,0,0.32591111888120167
AO4,0.05320635391421011,0.31601034138605805,0.1498730792668416,0.4809102254328902
IA4,0.06555867397772992,0,0.7219718421301232,0.21246948389214682
II4,0.17612176228258922,0.02396185649081982,0.49496197131083,0.30495440991576106
IE4,0.19760252801752928,0.33785190586191705,0.12946189559420757,0.33508367052634597
IO4,0.2339276333764295,0.12994020333087744,0.2789215145499616,0.3572106487427315
EA4,0,0.1123809164990633,0.15863053352363593,0.7289885499773008
EI4,0,0.12454612652986288,0.14509274793215082,0.7303611255379863
EE4,0.3539514122770761,0.06473734351773866,0.3202265150908444,0.26108472911434094
EO4,0.1045337145922795,0.12022565471464118,0.28564858153655753,0.48959204915652194
OA4,0.060615932124946995,0.017450414170160217,0.4664654966223145,0.4554681570825783
OI4,0.15351635197881153,0.02369230924099357,0.4453945171166643,0.3773968216635306
OE4,0.4520619302900417,0.05246713922002209,0.29796816238727675,0.19750276810265938
OO4,0.35691712147023574,0.04086682702376225,0.3566620252192066,0.24555402628679557
