AA1,0.605374393296045,0,0.394625606703955,0
AI1,0.353655018373368,0,0.5900003170215886,0.056344664605043344
AE1,0.2261270832912502,0.11388080775684091,0.35829873690323694,0.3016933720486719
AO1,0.18801462103679942,0.021088574520608333,0.5882847830492219,0.20261202139337034
IA1,0.3895835035502425,0.04259949493012453,0.46020697438221003,0.10761002713742297
II1,0.22258013046049718,0.02455883927943217,0.5699914168019684,0.18286961345810215
IE1,0.2454816968787759,0.12505531645479034,0.3433463831208394,0.2861166035455944
IO1,0.12270705996111368,0.026315652210754124,0.5758276008832923,0.2751496869448398
EA1,0,0.4278232532813767,0,0.5721767467186233
EI1,0,0.08782389606164673,0.22943516537845066,0.6827409385599026
EE1,0.2845757835425521,0.042473732320578786,0.49391115053053486,0.1790393336063343
EO1,0.043129346079490594,0.03660710568165789,0.462557779264171,0.4577057689746805
OA1,0.1342399270349653,0.10999858503191504,0.42401929297568336,0.33174219495743634
OI1,0.06455171967585975,0.04403219105770064,0.48401993431371904,0.4073961549527205
OE1,0.2989362849629999,0.07755265481814662,0.4133222515183663,0.21018880870048723
OO1,0.040862207987484446,0.027059837225319457,0.5045070994351032,0.4275708553520928
AA2,0.3911672584812933,0.028560357901479465,0.47722035220559383,0.10305203141163324
AI2,0.17030564604294676,0.032111114578425665,0.574618791680634,0.22296444769799356
AE2,0,0.3598665808337464,0,0.6401334191662535
AO2,0,0.06537687245007714,0.3698869125347586,0.5647362150151642
IA2,0.42754862823925205,0.02600153917610692,0.4636814540369176,0.08276837854772356
II2,0.24784639995853192,0.01596109669321737,0.5878910812897489,0.14830142205850175
IE2,0.3175585230332809,0.08968129965001845,0.35594029223312945,0.23681988508357116
IO2,0.14994697043903454,0.019324306839958214,0.5988492188625729,0.23187950385843425
EA2,0,0.3598665808337464,0,0.6401334191662535
EI2,0,0.07367479051835658,0.2829023046872093,0.6434229047944342
EE2,0.34045255698108773,0.032013592837893214,0.48502827615893795,0.14250557402208097
EO2,0.05570971219337034,0.03151762494449467,0.5159839605294232,0.39678870233271174
OA2,0.44684165515749225,0.060821977194848255,0.38646875683942084,0.10586761080823862
OI2,0.2635515246418301,0.01724574294976819,0.5595696902269993,0.15963304218140242
OE2,0.38346667450354077,0.028429787451088696,0.473738312356154,0.11436522568921662
OO2,0.2354712181326638,0.011822751786287177,0.5935548826107865,0.15915114747026263
AA3,0.356080630421655,0,0.569548660886643,0.07437070869170198
AI3,0.4129166839219749,0,0.5357706203244201,0.051312695753604996
AE3,0.23725585599569898,0.1865906971557664,0.3092249372750201,0.2669285095735146
AO3,0.44313032612494857,0.034530449282399636,0.44589411935476925,0.0764451052378826
IA3,0.18862197471299497,0,0.6261645642398312,0.1852134610471738
II3,0.26119367247883174,0.04716576984477998,0.5213269274723207,0.17031363020406756
IE3,0.2554042144898039,0.20617141708206413,0.29019504287725084,0.24822932555088112
IO3,0.32129191972186055,0.07183631420417697,0.4549510656944251,0.1519207003795373
EA3,0,0.13149767903195864,0.22059539933711525,0.6479069216309261
EI3,0,0.14756356098178564,0.20760037087969443,0.64483606813852
EE3,0.3250852494464508,0.05596129592277097,0.45071258899397804,0.16824086563680027
EO3,0.14952818200202064,0.11626886243490567,0.39000604641092146,0.3441969091521522
OA3,0,0.03319389068937254,0.4017494099544291,0.5650566993561985
OI3,0.0870158108175969,0.07718753214780746,0.4472461088349207,0.38855054819967494
OE3,0.32732015628274896,0.12119675125120395,0.36238305424661926,0.18910003821942786
OO3,0.19823071313760487,0.09894540410176472,0.44109422321849234,0.2617296595421381
AA4,0.09125034450647,0,0.6325917456433012,0.2761579098502288
AI4,0.1956249018320792,0.04972408335842191,0.5248366966271589,0.22981431818233997
AE4,0,0.4478554025749604,0,0.5521445974250395
AO4,0.22891425421806877,0.10343905852725026,0.4255066942591525,0.2421399929955285
IA4,0.20745905356111452,0,0.6278071186866131,0.16473382775227227
II4,0.28723853664818344,0.02304934166707455,0.5359284642370227,0.1537836574477193
IE4,0.328693949837118,0.11622694055877514,0.3089543788685494,0.24612473073555746
IO4,0.356551057731964,0.040078798619793056,0.4651663042156639,0.13820383943257913
EA4,0,0.08240477782777968,0.24857730453192386,0.6690179176402964
EI4,0,0.09006644174497547,0.23642613678709518,0.6735074214679294
EE4,0.37257997254252323,0.038404794099480305,0.43638921408729925,0.1526260192706971
EO4,0.1752178214672741,0.07519694888528079,0.4153991056106394,0.3341861240368057
OA4,0.22248530383647228,0.01868595190294114,0.5457197558127421,0.21310898844784437
OI4,0.310548429258784,0.02188729025621965,0.5031104360454428,0.1644538444395534
OE4,0.4212660386959771,0.033661679711556584,0.423605594939268,0.12146668665319825
OO4,0.4201938189683576,0.02327557904189707,0.4527361135665011,0.10379448842324425
