AA1,0.5349095234198217,0,0.4650904765801782,0
AI1,0.20352611161969983,0,0.704015481770863,0.09245840660943704
AE1,0.052629430397311903,0.39764199998851,0.11557881550538752,0.43414975410879053
AO1,0.05682122971698553,0.18146501154595743,0.3062969977859525,0.4554167609511045
IA1,0.1351163152997203,0.2987452394312738,0.2225620122148992,0.3435764330541068
II1,0.06444049819685205,0.19796648151464424,0.28348379003284097,0.4541092302556628
IE1,0.05973395225669367,0.4235103143195071,0.09967365019004891,0.4170820832337503
IO1,0.032436866730301724,0.19844394968205661,0.2712991735552567,0.49782001003238496
EA1,0,0.5416180767074378,0,0.4583819232925622
EI1,0,0.2872615613526826,0.07101314770566698,0.6417252909416503
EE1,0.13086021919812466,0.27603038899683163,0.27155727362788645,0.3215521181771572
EO1,0.036158800512144006,0.243709232849068,0.25765443897413015,0.46247752766465783
OA1,0.04923351593859471,0.43678597659670004,0.08253100029609994,0.43144950716860536
OI1,0.021496237586987432,0.2650843093121675,0.13985826229482443,0.5735611908060206
OE1,0.10981753042559517,0.3381605077448426,0.19167781845354429,0.360344143376018
OO1,0.029618041481492902,0.23172262444906822,0.22323344181981145,0.5154258922496273
AA2,0.1836748151989497,0.21740575861507058,0.2783442782032879,0.32057514798269177
AI2,0.05643395133277609,0.21585001953885008,0.30823757392463713,0.41947845520373667
AE2,0,0.5164138711297556,0,0.4835861288702445
AO2,0,0.2733215358868824,0.12202129870103821,0.6046571654120794
IA2,0.25051541257503446,0.19976906567011898,0.27761343679669875,0.27210208495814786
II2,0.11067760208899431,0.1509030674529925,0.3719592522873878,0.3664600781706254
IE2,0.14576072550475286,0.3459842815030248,0.1552265685932373,0.353028424398985
IO2,0.06009139949635497,0.1623551550065818,0.35692738716924827,0.42062605832781497
EA2,0,0.5164138711297556,0,0.4835861288702445
EI2,0,0.29106345604544576,0.11560485683679526,0.593331687117759
EE2,0.2657990749454194,0.19292700326695952,0.31664254788953594,0.22463137389808524
EO2,0.05528861872169262,0.20805452439994795,0.3722737221236734,0.36438313475468603
OA2,0.1340240107252977,0.38086301041720433,0.10564336016024373,0.3794696186972542
OI2,0.06781305551743451,0.21122248796691712,0.27209286425481666,0.4488715922608317
OE2,0.30891260758116995,0.17789034576738277,0.31279701220465866,0.20040003444678864
OO2,0.09739254488395262,0.1572015485272113,0.4381877206612555,0.3072181859275805
AA3,0.23764807359211712,0,0.6330223256543779,0.12932960075350494
AI3,0.3395787720928129,0,0.5800795819640708,0.08034164594311637
AE3,0.061955487785507524,0.4436742971316611,0.10237995190296945,0.39199026317986185
AO3,0.20194727667838638,0.28122842178177937,0.2214698952930586,0.29535440624677556
IA3,0.0661764844607463,0,0.6537621973316776,0.28006131820757607
II3,0.09523985940781539,0.33786610530006295,0.2185011038015473,0.34839293149057426
IE3,0.07934144584745577,0.47888493145976446,0.08473097569151562,0.35704264700126404
IO3,0.11740524205938391,0.36255405473664387,0.169645893392799,0.35039480981117327
EA3,0,0.3211913548493817,0.06424156186044284,0.6145670832901753
EI3,0,0.34115278788750775,0.05691767427006407,0.6019295378424282
EE3,0.23973152701688424,0.25679177861133845,0.2134994033235373,0.28997729104824005
EO3,0.060311109627774376,0.37065396912358217,0.12964972384786208,0.4393851974007814
OA3,0,0.21991709896393277,0.12390281686982944,0.6561800841662377
OI3,0.05311185021284896,0.3223225636021874,0.11747296800455359,0.50709261818041
OE3,0.1746419219068585,0.34355161372786486,0.1595841550478044,0.3222223093174723
OO3,0.07703128835431253,0.3870717801932871,0.12818481482104782,0.4077121166313526
AA4,0.01905693527877859,0,0.6277354686777291,0.3532075960434922
AI4,0.06907240185134923,0.3022730375413941,0.23342479530882826,0.3952297652984283
AE4,0,0.5902604687767113,0,0.40973953122328866
AO4,0.056986491335447524,0.4150362284490163,0.120232070492947,0.40774520972258915
IA4,0.10172732918073524,0,0.6819961577453372,0.21627651307392745
II4,0.1651597018546046,0.1921914380749416,0.27996018040109827,0.36268867966935553
IE4,0.14634102382008882,0.39182845320481596,0.11196618349278278,0.3498643394823124
IO4,0.19291968198756018,0.2657177588728132,0.19694246806362797,0.3444200910759988
EA4,0,0.30444729112776026,0.0810498536310939,0.6145028552411458
EI4,0,0.3153975444433573,0.07246750266713262,0.61213495288951
EE4,0.29724515902312004,0.22506330884071213,0.22529586677512453,0.25239566536104346
EO4,0.06990128715781863,0.3483665769001154,0.15199090887428018,0.4297412270677857
OA4,0.047820827558474575,0.2177514257673164,0.2288892874352162,0.5055384592389929
OI4,0.12441720264571324,0.2293077625409699,0.1951338592116114,0.4511411756017054
OE4,0.3492649689779386,0.2064208278829919,0.2191506539009386,0.22516354923813087
OO4,0.20285932224271572,0.2674708037042758,0.21049698806155748,0.31917288599145105
