AA1,0.6473183202063733,0,0.35268167979362675,0
AI1,0.23658226454392894,0,0.6916526054829393,0.07176512997313185
AE1,0.20654541580980498,0.0735604726711003,0.5063437153130433,0.21355039620605135
AO1,0.20007675162361058,0.012472079912584573,0.6221091089334285,0.16534205953037637
IA1,0.26203203915839407,0.06598984098082845,0.48771583968803733,0.18426228017274013
II1,0.08917768889958347,0.017577083847587285,0.6326398012715103,0.26060542598131897
IE1,0.26889505584833384,0.0855792303131078,0.45958006037275895,0.18594565346579944
IO1,0.09761910854659563,0.01842326571945775,0.6224288772302413,0.2615287485037053
EA1,0,0.36397106187629413,0,0.636028938123706
EI1,0,0.032679427402918834,0.21676863050494868,0.7505519420921325
EE1,0.22710561073419072,0.03746789460477153,0.5744701268779854,0.1609563677830523
EO1,0.030045523673504416,0.03334612509908979,0.5293705331221712,0.40723781810523463
OA1,0.12664470882601733,0.1264281622312434,0.3633729592693834,0.38355416967335587
OI1,0.026117630491421063,0.02403183485100023,0.48770093562260897,0.4621495990349697
OE1,0.27447108844660806,0.061930815421090024,0.4978064472195444,0.1657916489127575
OO1,0.0448965253231231,0.02271338268736149,0.5613464900031047,0.3710436019864107
AA2,0.321027437439659,0.032945476970402704,0.49838603833224737,0.1476410472576911
AI2,0.047292885736451025,0.035388078811887415,0.5517715389793787,0.365547496472283
AE2,0,0.3282327846156338,0,0.6717672153843661
AO2,0,0.05191354687855661,0.2074458819161953,0.740640571205248
IA2,0.4042927082716064,0.029317822705908696,0.4578454931668118,0.1085439758556732
II2,0.15134580386052687,0.010013041055415514,0.6668338847249085,0.1718072703591492
IE2,0.44056604065192245,0.04811133064025659,0.3983476299848622,0.11297499872295885
IO2,0.17518759085899832,0.012523956943439206,0.6360761599588127,0.17621229223874973
EA2,0,0.3282327846156338,0,0.6717672153843661
EI2,0,0.03330460793344019,0.3395467118922697,0.62714868017429
EE2,0.3727566363456225,0.02319197857285541,0.5061846018112863,0.0978667832702357
EO2,0.05497791181254758,0.027782503072033986,0.6269365684115311,0.2903030167038872
OA2,0.42060899072188157,0.06907242833099046,0.3526501905015701,0.15766839044555775
OI2,0.10601249849853386,0.011407831248237701,0.675266811251111,0.20731285900211738
OE2,0.4308374942716007,0.021051090823278346,0.46913282471926704,0.07897859018585393
OO2,0.16346834345470246,0.011664750650872274,0.6687142086055811,0.15615269728884412
AA3,0.2946324253895215,0,0.6149030269542223,0.09046454765625622
AI3,0.3838882009569516,0,0.5583693377538189,0.057742461289229385
AE3,0.2893330876107471,0.13452886624849683,0.40403170821169804,0.17210633792905805
AO3,0.41845410379272646,0.027840534962150696,0.46190127354148547,0.09180408770363743
IA3,0.08773223824365177,0,0.6797780281487578,0.23248973360759048
II3,0.16346021684983233,0.06572799167087363,0.5498232267220706,0.22098856475722342
IE3,0.3451214353862281,0.19558816326816753,0.3251791535628759,0.13411124778272848
IO3,0.23809849070804895,0.09539170592295038,0.48355962105575945,0.1829501823132412
EA3,0,0.06725462664505069,0.24373299538659565,0.6890123779683536
EI3,0,0.12398877621259381,0.20757705047715222,0.6684341733102539
EE3,0.34489236997961537,0.04797902605973733,0.4716441901431736,0.13548441381747364
EO3,0.10414381157318178,0.11426740772560635,0.46194743663360505,0.3196413440676069
OA3,0,0.016385447080627544,0.31927753344038773,0.6643370194789847
OI3,0.06069879324521052,0.08930596378625938,0.4459461402507404,0.4040491027177897
OE3,0.3807078661035801,0.118970805103057,0.3733075188344596,0.12701380995890327
OO3,0.154796836610176,0.12338456532156601,0.46445651222419615,0.25736208584406195
AA4,0.011239726963175517,0,0.5948347803985174,0.39392549263830695
AI4,0.07042517269831812,0.06501784460549095,0.4870570620830294,0.37749992061316145
AE4,0,0.4655682336994571,0,0.5344317663005429
AO4,0.06845493182417392,0.12859199101216992,0.3440191291802627,0.45893394798339354
IA4,0.12229692379850658,0,0.6963935840691294,0.18130949213236394
II4,0.22649882352932663,0.015761838141748353,0.5791369727827292,0.17860236554619577
IE4,0.5076086054986491,0.06406791388224556,0.31961272105454797,0.10871075956455739
IO4,0.3374839250445322,0.026148504674629824,0.49074152635927276,0.1456260439215653
EA4,0,0.03663064750702488,0.31254990710658714,0.650819445386388
EI4,0,0.04268596778436059,0.2834047746205327,0.6739092575951067
EE4,0.4543631013393136,0.027677328440318956,0.41904062845245094,0.09891894176791656
EO4,0.15646672056390115,0.05647993167604521,0.512139966709078,0.27491338105097574
OA4,0.07846332592400589,0.011101655639765022,0.6164646627546254,0.29397035568160373
OI4,0.17846943979822286,0.01519354066131694,0.5869321484430642,0.21940487109739615
OE4,0.5188703420701425,0.02448305996350708,0.3786513294085489,0.07799526855780141
OO4,0.34566259849689596,0.020233005821395575,0.506755249672465,0.12734914600924338
