AA1,0.5084451987337812,0,0.4915548012662188,0
AI1,0.1307794577508713,0,0.8182463812955101,0.05097416095361863
AE1,0.08224161284733238,0.29510980203130127,0.17232176271068025,0.45032682241068606
AO1,0.08037476010127718,0.04556465131141049,0.47835483780550264,0.3957057507818096
IA1,0.15343461817885734,0.13747631088351872,0.35815255160549475,0.3509365193321292
II1,0.048235934945878876,0.05994647240046665,0.44673350567407105,0.4450840869795834
IE1,0.09111979607982536,0.3432168607285915,0.15635430341555484,0.40930903977602834
IO1,0.033651117196596435,0.05912052457336523,0.3876213427314122,0.5196070154986261
EA1,0,0.6143580281087956,0,0.3856419718912044
EI1,0,0.2169389967595161,0.08263904871299081,0.7004219545274931
EE1,0.13389750237422735,0.14820390119804075,0.3842961156932288,0.3336024807345031
EO1,0.01184909642110814,0.08979110107604182,0.29014532903613793,0.6082144734667121
OA1,0.033823730209113514,0.3246236934617077,0.12931276590866378,0.512239810420515
OI1,0.01019657425361333,0.13250155253521184,0.20461606364507495,0.6526858095660999
OE1,0.1289840507886365,0.24352678655312202,0.2553081389188837,0.3721810237393578
OO1,0.012479630156951927,0.0732165769126035,0.29482318337988594,0.6194806095505586
AA2,0.190846137437885,0.08257206051468431,0.42301591361112245,0.30356588843630816
AI2,0.038113006079725786,0.07312245982255791,0.4397883651618727,0.44897616893584363
AE2,0,0.5658065472162759,0,0.43419345278372423
AO2,0,0.15291886466129345,0.15160876352054004,0.6954723718181663
IA2,0.28258859128565883,0.06785498086673265,0.43339814877648086,0.21615827907112767
II2,0.08323592829691344,0.03146024120379096,0.6029631360167648,0.28234069448253085
IE2,0.2681875029872154,0.21722914634372278,0.2078508801540228,0.306732470515039
IO2,0.06201364589984113,0.03485410716584622,0.5496398927486651,0.3534923541856477
EA2,0,0.5658065472162759,0,0.43419345278372423
EI2,0,0.18615112283338103,0.13167867770147224,0.6821701994651468
EE2,0.3544010770824173,0.07190390608803482,0.39111843000279933,0.18257658682674852
EO2,0.023169544992043406,0.06446544378127302,0.4440229009164564,0.46834211031022716
OA2,0.20383381091458405,0.28301353365097537,0.17015491381254527,0.3429977416218953
OI2,0.0650405401368281,0.0705812412180851,0.4431457342067956,0.42123248443829125
OE2,0.4271252509326374,0.05926611516330749,0.37384776591573426,0.1397608679883209
OO2,0.08715835263448833,0.027181845674658364,0.603804638280488,0.28185516341036526
AA3,0.23230669786196226,0,0.6900537931714948,0.0776395089665429
AI3,0.34952282121773054,0,0.6082385212327436,0.04223865754952587
AE3,0.1005370557741545,0.4071570700810291,0.13131069018996822,0.3609951839548482
AO3,0.33416639980712626,0.11754571679073439,0.3395357019403823,0.20875218146175703
IA3,0.03613278012807117,0,0.7062135466265866,0.2576536732453422
II3,0.09568608277966328,0.12084243924027531,0.37921070960105874,0.40426076837900277
IE3,0.11492371289262479,0.462943101460495,0.11273677359753384,0.3093964120493463
IO3,0.12032565812931285,0.2590239198650599,0.23225277545177597,0.38839764655385123
EA3,0,0.2887875549178403,0.07512787329295752,0.6360845717892022
EI3,0,0.32435741972756116,0.06618620268781508,0.6094563775846238
EE3,0.22974971713940964,0.1863109605645223,0.29990615341747723,0.2840331688785907
EO3,0.033826678922850226,0.33486284682768336,0.14637520372756396,0.48493527052190255
OA3,0,0.09746633385121589,0.18996710914750056,0.7125665570012835
OI3,0.031378223853758706,0.22112672003764386,0.17113480367526399,0.5763602524333334
OE3,0.20036053913068438,0.3153807285230513,0.1897680113433588,0.2944907210029055
OO3,0.05523964265188425,0.31896575486680184,0.15918124161860575,0.4666133608627082
AA4,0.008317137696131618,0,0.6795211771585614,0.312161685145307
AI4,0.058005419936121815,0.1247223906304405,0.3223318919012421,0.4949402975321955
AE4,0,0.6569207148183006,0,0.3430792851816995
AO4,0.0514999181510715,0.29313175611740855,0.14818133451863066,0.5071869912128892
IA4,0.05651524085114244,0,0.7574118933959283,0.18607286575292928
II4,0.14918099151707342,0.056732753621215104,0.44629928107403244,0.34778697378767914
IE4,0.2761451732553895,0.2866988372852182,0.14280467532168648,0.29435131413770577
IO4,0.21414816352136645,0.1446723092251576,0.2845134711796189,0.356666056073857
EA4,0,0.21681158952873772,0.10201416657379142,0.6811742438974709
EI4,0,0.24291764154328147,0.09109359292430098,0.6659887655324175
EE4,0.424628580538749,0.10157707968638774,0.2740170440040803,0.19977729577078293
EO4,0.05729037852442396,0.2509811981836405,0.19290893768101472,0.4988194856109207
OA4,0.05218075374145812,0.0711050284941549,0.3546983505234583,0.5220158672409286
OI4,0.12868660348170408,0.10173337705990212,0.3241484240443754,0.4454315954140184
OE4,0.5120241281745482,0.08208623687214017,0.254860468779484,0.15102916617382767
OO4,0.2852227896442049,0.11836882267070332,0.30639435508375235,0.2900140326013394
