AA1,0.4331615815781139,0,0.5668384184218861,0
AI1,0.06641644866082486,0,0.6624119504153928,0.2711716009237824
AE1,0.019883727961626654,0.3381090559485112,0.1430252646738649,0.4989819514159972
AO1,0.022064720385222614,0.1699925121088319,0.31492105144489996,0.4930217160610455
IA1,0.12552754841122526,0.2485035911080349,0.28093562779683107,0.3450332326839087
II1,0.025868203630462785,0.13809999607323273,0.3440415097944427,0.49199029050186177
IE1,0.02829761725459272,0.36540812198797346,0.12426561132640485,0.4820286494310289
IO1,0.014603887311130275,0.1870513500397055,0.2652870939186589,0.5330576687305052
EA1,0,0.5289642148359056,0,0.4710357851640945
EI1,0,0.1858854501554889,0.21407727572297958,0.6000372741215316
EE1,0.0435862998389512,0.19498350714898588,0.3161212584953919,0.4453089345166711
EO1,0.011913049670922975,0.17499922861957368,0.29056658445798184,0.5225211372515215
OA1,0.06912199764260334,0.32219424498411964,0.18159524067335459,0.42708851669992254
OI1,0.014870623900802214,0.17373241424529706,0.2729298542502814,0.5384671076036194
OE1,0.038243285736314026,0.3029383774920197,0.1945834734664941,0.4642348633051722
OO1,0.01151793716379977,0.18066344035476653,0.2666649956033891,0.5411536268780446
AA2,0.16492841672508046,0.18435527619335285,0.3330698987380504,0.31764640834351643
AI2,0.024332714055717446,0.16297906351898583,0.33174250301989433,0.4809457194054024
AE2,0,0.4867714874410364,0,0.5132285125589637
AO2,0,0.2669124835869038,0.1518102524747668,0.5812772639383293
IA2,0.19578083210714456,0.1768455836718064,0.334083830801413,0.2932897534196361
II2,0.03854238858814976,0.1073195522687191,0.4260480802155272,0.42808997892760403
IE2,0.08526601342485723,0.3197804261420321,0.16161777691870727,0.4333357835144035
IO2,0.037422250719751915,0.16510931671442328,0.3204581621047785,0.4770102704610463
EA2,0,0.4867714874410364,0,0.5132285125589637
EI2,0,0.17486489587022214,0.2779612221132373,0.5471738820165404
EE2,0.10261985192630753,0.16200558739059384,0.3662321714083422,0.36914238927475646
EO2,0.026070324664933107,0.15689507554783894,0.36461694793117955,0.4524176518560483
OA2,0.1594110477992973,0.2659644402763496,0.22514201972459608,0.3494824921997571
OI2,0.03234103384863395,0.08243543462527983,0.4590249425681451,0.4261985889579411
OE2,0.1474669747260458,0.1556237848611387,0.3603404781726228,0.3365687622401927
OO2,0.05979948316119192,0.10071261149469778,0.4382565298808842,0.4012313754632261
AA3,0.09664903400022905,0,0.5883337665330338,0.3150171994667373
AI3,0.1873320821685292,0,0.5627004979619374,0.24996741986953333
AE3,0.03905980041696467,0.41889555098956627,0.11355271122761378,0.4284919373658552
AO3,0.10641691438906663,0.27510352354462153,0.23086872925721028,0.3876108328091015
IA3,0.040887732284830426,0,0.5643232896880539,0.39478897802711566
II3,0.07256265533092889,0.22769503064105268,0.2851699294979301,0.4145723845300884
IE3,0.061218582843375946,0.45481422643427755,0.09335493816657321,0.39061225255577314
IO3,0.07768989518587574,0.3232471874198587,0.18539057546495563,0.4136723419293099
EA3,0,0.22027713954498612,0.19498346498618874,0.5847393954688251
EI3,0,0.23079337104580175,0.187031879418237,0.5821747495359613
EE3,0.10658996915212791,0.21605768231574904,0.26529121030127817,0.412061138230845
EO3,0.03976272861430991,0.2317011980141659,0.23386204607549102,0.4946740272960331
OA3,0,0.11848138630334865,0.30376474378084933,0.5777538699158021
OI3,0.052015810716131,0.23796638509413606,0.23316372083277234,0.47685408335696067
OE3,0.08979854760557894,0.35762237842879485,0.15401257226586007,0.39856650169976615
OO3,0.06625253200989817,0.2930122977714684,0.19428748476724647,0.44644768545138686
AA4,0.012170956800105479,0,0.5780357717530934,0.4097932714468011
AI4,0.04568651409314865,0.24792610661482054,0.25797183383334016,0.44841554545869067
AE4,0,0.5890770317907843,0,0.41092296820921564
AO4,0.029198628167019274,0.4076374556252685,0.1148245520707812,0.448339364136931
IA4,0.06399127451295145,0,0.590124645695691,0.3458840797913576
II4,0.09223212550600053,0.15849766991487244,0.327730525566468,0.42153967901265904
IE4,0.09488815438610307,0.3938937827706694,0.11057708305638693,0.40064097978684077
IO4,0.09922327325014721,0.2685404016469971,0.21204978243591097,0.4201865426669448
EA4,0,0.20867304737919665,0.2184851276993726,0.5728418249214308
EI4,0,0.21509257418658012,0.21046646433312016,0.5744409614802997
EE4,0.13439827157164744,0.1989132112147833,0.27674432964759754,0.38994418756597177
EO4,0.048461275348029145,0.2170521974601908,0.2550573973277125,0.47942912986406766
OA4,0.031501114187417356,0.09518122928161475,0.3842636055782225,0.4890540509527454
OI4,0.10036783113362246,0.10409721090449278,0.35980082972753114,0.4357341282343536
OE4,0.1910801156920364,0.18866728032336752,0.2689473286756281,0.35130527530896805
OO4,0.14847465554625688,0.14461524352436392,0.31319748781062856,0.39371261311875067
