AA1,0.6601306825081381,0,0.339869317491862,0
AI1,0.27644943620759177,0,0.699554608250023,0.023995955542385226
AE1,0.2590983020505481,0.08636784509836207,0.49049437772831117,0.16403947512277847
AO1,0.2268437076732821,0.012965662372221234,0.6409911888005058,0.11919944115399084
IA1,0.29737234502493576,0.044855555236694884,0.5292908783038609,0.1284812214345085
II1,0.11562716034756611,0.013963823040096811,0.7067310162939942,0.163678000318343
IE1,0.3202043883208464,0.09548078239474166,0.43658565262842597,0.1477291766559859
IO1,0.12189017502243246,0.01829079337353524,0.6692479212744699,0.19057111032956248
EA1,0,0.4043420471687097,0,0.5956579528312902
EI1,0,0.03770327089038879,0.1655569337098973,0.796739795399714
EE1,0.2958342937224471,0.026290516823815564,0.5859482857671808,0.09192690368655645
EO1,0.03044970694212196,0.024985281249518192,0.6026577838751701,0.34190722793318973
OA1,0.10385189127186516,0.13655559240528153,0.3346330179070928,0.42495949841576064
OI1,0.01876982537752868,0.025659027623650937,0.47589748653525504,0.4796736604635654
OE1,0.34283637414741097,0.0591120717301064,0.49143710589601197,0.10661444822647086
OO1,0.04125710719288732,0.018721349093453386,0.604631334709854,0.33539020900380545
AA2,0.35306616658731194,0.02372882095799018,0.5220144992870798,0.10119051316761815
AI2,0.06505040949982488,0.026695007923262737,0.6486643344717739,0.2595902481051385
AE2,0,0.3749847630899363,0,0.6250152369100637
AO2,0,0.04895623021869497,0.1525602710029218,0.7984834987783833
IA2,0.4443653508117105,0.01939380582701632,0.4665444038169154,0.06969643954435784
II2,0.19335642497958208,0.007962057428051733,0.6970505109677,0.10163100662466623
IE2,0.5003320379119808,0.050998267446052764,0.361331136991384,0.0873385576505824
IO2,0.21256689308011886,0.012203860259514327,0.6491511421457252,0.12607810451464158
EA2,0,0.3749847630899363,0,0.6250152369100637
EI2,0,0.038793067291011354,0.2787418163614673,0.6824651163475214
EE2,0.4586066168509156,0.015129799692169349,0.4731186598979092,0.05314492355900601
EO2,0.055860935428535964,0.020290135969299652,0.6859246790804336,0.23792424952173075
OA2,0.4677913941149775,0.07121586472604836,0.3298901424637122,0.131102598695262
OI2,0.1183417791556614,0.007477481395034317,0.7335331922415622,0.14064754720774209
OE2,0.5127068370969112,0.012331399554043181,0.4365082325166545,0.038453530832391204
OO2,0.19878987990737607,0.00497096054791398,0.7017695116348844,0.09446964790982548
AA3,0.3321082701748239,0,0.6306281660060072,0.03726356381916891
AI3,0.4323393903597561,0,0.548751735899764,0.018908873740479892
AE3,0.32158834502853006,0.17835869566472504,0.37082217783722027,0.1292307814695246
AO3,0.4823225400777909,0.026741984423820076,0.44507010800505487,0.04586536749333414
IA3,0.10207659248411251,0,0.7667318720238451,0.13119153549204243
II3,0.1996134871107325,0.0643955443879401,0.594047896438029,0.14194307206329837
IE3,0.3615390949900321,0.23774781205771967,0.2956596396522314,0.10505345330001668
IO3,0.30271111972303694,0.11259204310492749,0.4677584265295229,0.11693841064251266
EA3,0,0.09428418867905584,0.19237962141382262,0.7133361899071216
EI3,0,0.16268693007289245,0.1570413290798363,0.6802717408472713
EE3,0.4195866558688854,0.031875511027437145,0.4698962533861705,0.07864157971750702
EO3,0.149473910741134,0.10606895000797954,0.5028526540312783,0.24160448521960803
OA3,0,0.015473787721435942,0.28543687610764,0.6990893361709241
OI3,0.05818195514023428,0.11585461020775653,0.41873018073367496,0.40723325391833437
OE3,0.4423327019715965,0.10344947035251266,0.36950286603880766,0.08471496163708303
OO3,0.1807238560822568,0.17333964604921048,0.43771980640235586,0.20821669146617677
AA4,0.010534585811142255,0,0.6823488718912348,0.30711654229762303
AI4,0.09721669682704355,0.05007431489594895,0.5642337769389529,0.2884752113380546
AE4,0,0.4928354707142197,0,0.5071645292857804
AO4,0.09948355218330918,0.14911275223580922,0.34661819913409797,0.40478549644678347
IA4,0.14369444855520072,0,0.7542995456090109,0.1020060058357884
II4,0.27305408741089815,0.01319785724308764,0.6017094225258817,0.11203863282013254
IE4,0.5400963831802252,0.07209482849849058,0.29636133787101643,0.09144745045026764
IO4,0.4208739578177068,0.02801014383831214,0.4584930224555813,0.0926228758883998
EA4,0,0.04256219437451508,0.23908216821709313,0.7183556374083917
EI4,0,0.04786495407996431,0.2107934474835972,0.7413415984364385
EE4,0.5253276343428521,0.018855936894595214,0.3974120506080117,0.05840437815454092
EO4,0.2169369706076301,0.049955316177052206,0.5245221175851669,0.20858559563015092
OA4,0.0804698702692103,0.008867504002569004,0.6830678188036924,0.22759480692452824
OI4,0.21370930550852638,0.010681733082669842,0.618646903655989,0.1569620577528148
OE4,0.584424910253094,0.014911111209493809,0.35893900884264346,0.041724969694768806
OO4,0.4543206032608662,0.009886856197847441,0.476539230278977,0.059253310262309476
