AA1,0.45158930456386603,0,0.5484106954361339,0
AI1,0.26058899718002276,0,0.535527935400322,0.20388306741965523
AE1,0.1879363504665176,0.06167287197143076,0.43423072938304985,0.3161600481790018
AO1,0.19499896486264054,0.025931059453887524,0.5077221643834825,0.2713478112999894
IA1,0.24863869821181464,0.05667085974085477,0.44617731897251917,0.24851312307481133
II1,0.16601584494717622,0.03442841848326305,0.4798131582361317,0.31974257833342895
IE1,0.19968931976744025,0.06710958030522313,0.42607133516757745,0.30712976475975917
IO1,0.1397948353786631,0.0310638780264297,0.48596479439699986,0.34317649219790736
EA1,0,0.2731474505932714,0,0.7268525494067285
EI1,0,0.06705325824282882,0.41316770424767296,0.5197790375094982
EE1,0.18964525638854637,0.044114555989209346,0.4657085516824985,0.30053163593974586
EO1,0.07286047174740216,0.04263005976070402,0.45042543927415424,0.4340840292177397
OA1,0.1518750451787755,0.07459093515968448,0.4267207142421391,0.34681330541940086
OI1,0.09854638673186636,0.042764222265506885,0.4701908543422708,0.38849853666035605
OE1,0.20615920569247229,0.0627794343693943,0.43371522807053836,0.29734613186759506
OO1,0.08972673618493221,0.03477338350196774,0.4794060540876256,0.39609382622547445
AA2,0.2651928506303387,0.03827929481053132,0.47192242986017263,0.22460542469895736
AI2,0.15222536353054705,0.040101174243285784,0.4857490416755268,0.32192442055064036
AE2,0,0.23791353868358128,0,0.7620864613164187
AO2,0,0.06109757255136138,0.4792406249893547,0.45966180245928395
IA2,0.2828347059297852,0.03899336426948984,0.46736089663041946,0.21081103317030536
II2,0.19084035952894152,0.025265026320607894,0.5074464741398236,0.2764481400106269
IE2,0.23724066833490862,0.053278266951611516,0.4421847479905878,0.26729631672289206
IO2,0.16375783669512223,0.025138734700341364,0.5129139873123484,0.298189441292188
EA2,0,0.23791353868358128,0,0.7620864613164187
EI2,0,0.056687134246178564,0.46723097880432995,0.47608188694949144
EE2,0.2241005333062388,0.03567684650779527,0.48021216928144617,0.2600104509045197
EO2,0.08805122130364794,0.03631721519982554,0.4904104009667328,0.3852211625297939
OA2,0.29321783437261806,0.05071101956125591,0.44386027900203673,0.21221086706408937
OI2,0.1930626135393209,0.02099090764090053,0.5124871500460372,0.2734593287737415
OE2,0.24612670063625866,0.03488178623603275,0.4779589446120593,0.24103256851564925
OO2,0.1846783301301635,0.0194778475552508,0.5161660676727134,0.27967775464187217
AA3,0.2671381050878557,0,0.5111797898792666,0.22168210503287766
AI3,0.2967769521465508,0,0.5087976512124962,0.19442539664095307
AE3,0.21088510925995482,0.07923881819708714,0.4093136903239866,0.30056238221897147
AO3,0.2935191191044281,0.03342944485138647,0.4748329950615526,0.1982184409826329
IA3,0.16430555064127594,0,0.5015097146829692,0.3341847346757549
II3,0.1889948573175164,0.05162818131852949,0.45377957769712207,0.3055973836668321
IE3,0.22364300425428738,0.0874370326840072,0.3988716274558424,0.2900483356058631
IO3,0.207169370253491,0.059841394842130524,0.4419854155891946,0.291003819315184
EA3,0,0.08002641904931954,0.41113858667657965,0.5088349942741008
EI3,0,0.08935625839569783,0.3997969280616137,0.5108468135426885
EE3,0.21520243436874884,0.05435850277311091,0.44233454290491714,0.2881045199532232
EO3,0.12052151518727064,0.07719370213022445,0.40305110695096624,0.3992336757315387
OA3,0,0.03355681935143222,0.48953684441131917,0.47690633623724865
OI3,0.11459968582151701,0.06186516679776108,0.44842274149222106,0.37511240588850087
OE3,0.231425436364667,0.08095568435346448,0.4065043945588489,0.2811144847230197
OO3,0.15691734346427588,0.06698710311652456,0.43702929914295724,0.33906625427624226
AA4,0.1107114777961233,0,0.5344933225759729,0.3547951996279038
AI4,0.16482494856504443,0.0589983482961508,0.45685096071242914,0.31932574242637557
AE4,0,0.3042369381042908,0,0.6957630618957092
AO4,0.1706045774512907,0.0768317661449743,0.43168593680056533,0.32087771960316974
IA4,0.1803134549937951,0,0.5204523373014522,0.2992342077047526
II4,0.20952326547090705,0.035468051426778766,0.4775684733460331,0.277440209756281
IE4,0.25520071632199415,0.06788625538864819,0.4110441156830643,0.2658689126062933
IO4,0.23058877968459002,0.042585334905790986,0.46313973963002425,0.26368614577959465
EA4,0,0.06600118004355503,0.4521770904433419,0.4818217295131031
EI4,0,0.07209181810088987,0.44180422283676396,0.4861039590623461
EE4,0.24326193581589337,0.04403676841154431,0.4511110324616929,0.26159026331086943
EO4,0.13770284275084296,0.061086863169398146,0.43163732945566385,0.369572964624095
OA4,0.1721478832355283,0.020995849818941033,0.49903299946021223,0.3078232674853184
OI4,0.21397914102333784,0.026909237870944822,0.48279343605545577,0.2763181850502616
OE4,0.26802243660489333,0.04303423164017539,0.4472922969324275,0.24165103482250377
OO4,0.2461978024069682,0.03098688636825943,0.4705858621717764,0.252229449052996
