AA1,0.6466908002002422,0,0.3533091997997579,0
AI1,0.18823614085188695,0,0.7066669629062138,0.10509689624189929
AE1,0.08835400056169493,0.06484049483576097,0.4316083255680572,0.4151971790344869
AO1,0.08747576619177852,0.00795373185881944,0.6734455682374306,0.23112493371197138
IA1,0.28167957887180395,0.03442848215307872,0.5246731291205573,0.15921880985456005
II1,0.06546572841104807,0.011207070913391444,0.6268774680066797,0.29644973266888075
IE1,0.11225529490639062,0.08193395451434328,0.41299915431412243,0.39281159626514367
IO1,0.03304117570356957,0.011699803388172034,0.5986059030275946,0.35665311788066373
EA1,0,0.39524259162185377,0,0.6047574083781463
EI1,0,0.05153742384461169,0.21388037458745263,0.7345822015679356
EE1,0.0892742425403243,0.03413280986176407,0.5344828770719485,0.34211007052596315
EO1,0.01036469574370392,0.02350613721357735,0.37769994084973646,0.5884292261929823
OA1,0.08154684329327583,0.07069247212789133,0.5010035071183977,0.3467571774604352
OI1,0.01907490673926536,0.019202591758929945,0.51305997603792,0.44866252546388474
OE1,0.12440855809625541,0.06763878033539467,0.4462377269312495,0.3617149346371005
OO1,0.013091352041535442,0.013363804301572626,0.5001838274629298,0.473361016193962
AA2,0.36085523052272467,0.016343605630452774,0.49347438061064236,0.12932678323618021
AI2,0.05179878675142067,0.02102577269344065,0.5954477594432303,0.3317276811119084
AE2,0,0.3152537177048983,0,0.6847462822951017
AO2,0,0.03652301714069071,0.3756419424220086,0.5878350404373007
IA2,0.4204416165869346,0.015857711975310673,0.46061893379169433,0.10308173764606036
II2,0.10875458299678173,0.007183794637001008,0.6531904745513404,0.23087114781487683
IE2,0.22844019547505456,0.05349165999418819,0.41800632807107757,0.3000618164596797
IO2,0.056441278737381674,0.008499229333897785,0.6447523277841685,0.29030716414455193
EA2,0,0.3152537177048983,0,0.6847462822951017
EI2,0,0.04283029258739214,0.27617084247378354,0.6809988649388242
EE2,0.17807319376057995,0.02423927557357394,0.5379539727529012,0.25973355791294483
EO2,0.016376434896369762,0.019802587742047902,0.45328719749337637,0.510533779868206
OA2,0.4648140201787354,0.031933861078898555,0.39405426755906164,0.10919785118330447
OI2,0.12325667922777285,0.008928811771919202,0.6402578472434008,0.22755666175690725
OE2,0.24340823573325132,0.023731526336498814,0.5234327828868472,0.20942745504340252
OO2,0.08871819608472026,0.006888444917527187,0.6614448448820064,0.24294851411574617
AA3,0.2793897119020768,0,0.6037128158785475,0.11689747221937566
AI3,0.3744621291231656,0,0.546753345871322,0.07878452500551242
AE3,0.15463057094101765,0.14141398896200022,0.362728935213071,0.34122650488391115
AO3,0.4262753333043234,0.013910491209551639,0.4678824386925302,0.09193173679359468
IA3,0.07386152691008077,0,0.6416976712699501,0.2844408018199691
II3,0.15146524981334056,0.04122654984201643,0.5523668289524514,0.25494137139219164
IE3,0.1938766822257068,0.19186467335554547,0.31848241833422763,0.29577622608452003
IO3,0.19736161950432762,0.06052273518505145,0.5064098580051745,0.23570578730544647
EA3,0,0.08895491873567107,0.22230577699254309,0.6887393042717859
EI3,0,0.11519143129774027,0.20021780318914606,0.6845907655131136
EE3,0.17367954047019832,0.055544226149794984,0.4732378379990319,0.2975383953809748
EO3,0.0312715329345675,0.11650466370264187,0.32305427979967116,0.5291695235631194
OA3,0,0.013964140165524058,0.40171120409143984,0.584324655743036
OI3,0.04755809502128178,0.049934367874349926,0.4857192782694574,0.41678825883491105
OE3,0.22626352672147865,0.14530172141839826,0.35059791732338463,0.27783683453673846
OO3,0.08821083460229795,0.07223475458032294,0.48889366046419624,0.35066075035318295
AA4,0.025403767810946748,0,0.6300637556901901,0.34453247649886304
AI4,0.1006202455583744,0.03545058530045729,0.5396328311326278,0.3242963380085405
AE4,0,0.4345367701605176,0,0.5654632298394825
AO4,0.1244580873610867,0.07320660596054321,0.4712493015346848,0.3310860051436853
IA4,0.10623835808148871,0,0.6527978261876375,0.2409638157308739
II4,0.21672846227244177,0.009487796589779371,0.5570196255851008,0.21676411555267805
IE4,0.32146926154429356,0.06655930862082672,0.33789374092632746,0.2740776889085524
IO4,0.28161709231342635,0.017333507487821344,0.5028872647032065,0.19816213549554565
EA4,0,0.04579048130982592,0.260625200133856,0.6935843185563182
EI4,0,0.05312884144988343,0.24028559029254307,0.7065855682575733
EE4,0.2610685479695281,0.028910477380313822,0.45742134586860494,0.25259962878155323
EO4,0.047287789053577174,0.05810036763071774,0.3725124799008468,0.5220993634148584
OA4,0.12316305599875202,0.007498221489657683,0.5864594249458533,0.28287929756573704
OI4,0.2488741343918607,0.009876425673289724,0.5313348508008867,0.20991458913396271
OE4,0.3590320161646393,0.02695449682388886,0.42166338230720996,0.1923501047042618
OO4,0.3355697509934562,0.013193394651869495,0.4810845060870621,0.17015234826761233
