AA1,0.49196377632620386,0,0.5080362236737962,0
AI1,0.41910916922265695,0,0.5111646732637963,0.06972615751354669
AE1,0.39925094742170664,0.03777582653969304,0.46057505786039277,0.10239816817820761
AO1,0.39095870956779183,0.019679565838458084,0.49242026616432505,0.09694145842942509
IA1,0.3911520069389486,0.04749604719197719,0.4364393619164096,0.1249125839526646
II1,0.3600727863329975,0.030436087493446562,0.4644226410766361,0.1450684850969197
IE1,0.40889306161733874,0.040663531935768854,0.4538398758280385,0.09660353061885397
IO1,0.3702219140965055,0.021412414544360842,0.48178600686900636,0.12657966449012725
EA1,0,0.36417551487937366,0,0.6358244851206263
EI1,0,0.0705778848703428,0.5020046042078891,0.42741751092176805
EE1,0.42667034215636657,0.013005044211224179,0.4942900270648669,0.06603458656754234
EO1,0.3163610079210112,0.012512430221410896,0.49103201886644676,0.18009454299113106
OA1,0.31533808083317116,0.09355313920254846,0.38800513405084475,0.2031036459134356
OI1,0.2612628813598206,0.049200059100212815,0.4570869530677551,0.2324501064722115
OE1,0.42581739007253117,0.020570261511140706,0.48442757355227445,0.06918477486405372
OO1,0.3129085545571287,0.01723810730768289,0.48719497566833037,0.182658362466858
AA2,0.4172137899547278,0.030457049337367873,0.45351316860686897,0.09881599210103531
AI2,0.3560629769043951,0.029963058444953658,0.46717479233187176,0.14679917231877945
AE2,0,0.3295818614709394,0,0.6704181385290606
AO2,0,0.10911220074909016,0.4868321473049889,0.40405565194592097
IA2,0.42703556905700735,0.02794318224344219,0.4550443642621983,0.08997688443735218
II2,0.39160202158917223,0.017872177300984494,0.482770413327898,0.10775538778194521
IE2,0.4393154941677702,0.028731136584649583,0.4567938881690376,0.07515948107854255
IO2,0.40009665498175845,0.014865862435007914,0.4895635431578373,0.09547393942539628
EA2,0,0.3295818614709394,0,0.6704181385290606
EI2,0,0.052930163816261776,0.5952563571828571,0.3518134790008813
EE2,0.4504923745967862,0.009381983858267938,0.4893757922664342,0.05074984927851152
EO2,0.3447433338447091,0.009551778354452681,0.5119420312504925,0.13376285655034567
OA2,0.4129251444655443,0.05599488959046496,0.4047369453685756,0.1263430205754153
OI2,0.34771881837019114,0.016795410069891586,0.5019530817153188,0.1335326898445984
OE2,0.4539710778198978,0.008753218517770351,0.48944282379058635,0.04783287987174542
OO2,0.40126159182474885,0.006588894756417302,0.49869920941133655,0.09345030400749732
AA3,0.43878398632667026,0,0.49109806651197235,0.07011794716135734
AI3,0.44609888605419007,0,0.48972354279877517,0.06417757114703468
AE3,0.41838619958784495,0.05290928629550756,0.43505166058611694,0.09365285353053059
AO3,0.43785651227914807,0.03873885978613673,0.4493699467981477,0.07403468113656755
IA3,0.3849764460783164,0,0.48148730889678654,0.1335362450248971
II3,0.3785643439091929,0.04516499541382404,0.43513072759647525,0.14113993308050773
IE3,0.4272099662608454,0.0580849082209145,0.4266070238331241,0.08809810168511606
IO3,0.4041022487998755,0.0635136942587573,0.417629992119688,0.1147540648216792
EA3,0,0.08344603876405542,0.4958153712701454,0.42073858996579916
EI3,0,0.09078922506473522,0.4866698315689383,0.4225409433663265
EE3,0.4534609435446625,0.015122849116717265,0.4703729961595515,0.061043211179068656
EO3,0.40238728637069127,0.03321028280757885,0.44538833386031246,0.11901409696141745
OA3,0,0.0641860089580626,0.5243346200902034,0.411479370951734
OI3,0.28103689460831516,0.06716110307262804,0.4231012607838367,0.2287007415352202
OE3,0.4503191502343934,0.026972160277336798,0.4590749034251068,0.063633786063163
OO3,0.37704737006016287,0.06620276567162718,0.41644858368486026,0.14030128058334965
AA4,0.2789722298990413,0,0.5282176722659513,0.19281009783500747
AI4,0.3545363321934824,0.0458592417048089,0.44328877459753463,0.15631565150417415
AE4,0,0.40473206313421245,0,0.5952679368657875
AO4,0.34770798632496774,0.09403158677376537,0.38717092346755977,0.17108950343370719
IA4,0.3954910708864005,0,0.4949837630433809,0.1095251660702187
II4,0.39703236765748545,0.027098738562900074,0.4595514938767793,0.11631739990283523
IE4,0.4438694790570172,0.04134820969346923,0.4358916257843492,0.07889068546516455
IO4,0.4249333254880271,0.041446897015135736,0.43808609285379924,0.09553368464303781
EA4,0,0.06417135878597946,0.5571458618621846,0.378682779351836
EI4,0,0.06901005594631651,0.5491290723618533,0.38186087169183025
EE4,0.46236348493909435,0.011956710774588491,0.4723405302988629,0.05333927398745412
EO4,0.4174027394844482,0.02387081846844441,0.4606539867541472,0.09807245529296006
OA4,0.3357997923082141,0.02035791519381535,0.4838917402877136,0.15995055221025697
OI4,0.3552388889845748,0.022820451319692972,0.47501897128683446,0.1469216884088978
OE4,0.46625711819439325,0.011130154238950576,0.47235264839698915,0.0502600791696671
OO4,0.44249899470829024,0.01876804133785249,0.46258248308398764,0.07615048086986947
