AA1,0.6024041032191741,0,0.39759589678082585,0
AI1,0.371957009499024,0,0.5994533557192088,0.028589634781767168
AE1,0.3941857131682633,0.014230223648844369,0.5243204380627912,0.0672636251201011
AO1,0.36075816602864685,0.0004510350209454919,0.5836567877987193,0.055134011151688346
IA1,0.3893762883241076,0.04862690494662336,0.40850989629825485,0.15348691043101415
II1,0.23312109241394827,0.006222683282130129,0.5938742530348585,0.16678197126906302
IE1,0.42965893482149353,0.01687407363386258,0.5004654426397306,0.05300154890491339
IO1,0.2721907279297627,0.0014243261942826885,0.6372956246932759,0.08908932118267852
EA1,0,0.36143482185200376,0,0.6385651781479962
EI1,0,0.012955170722517215,0.28893830699853273,0.69810652227895
EE1,0.39636672996896954,0.004040083029328442,0.5642011732273529,0.03539201377434904
EO1,0.1494859532568221,0.004187749617772113,0.6168841938684925,0.22944210325691342
OA1,0.25763704748315425,0.11097866709446368,0.29936768078287523,0.3320166046395068
OI1,0.09383721492591186,0.004952685686977317,0.4924561043518329,0.40875399503527793
OE1,0.4271600264629234,0.008236544899281347,0.5296289903180847,0.03497443831971051
OO1,0.1681367730487293,0.0006673059683311867,0.607640830682385,0.22355509030055465
AA2,0.4183990266043352,0.02104080979325737,0.438026552752429,0.12253361084997834
AI2,0.1878931429402989,0.02592875019819311,0.5575364502714237,0.22864165659008417
AE2,0,0.31658896147768145,0,0.6834110385223187
AO2,0,0.05392768543414088,0.2539357971207893,0.6921365174450699
IA2,0.44737051285302687,0.020213319056689275,0.4349306857600983,0.09748548233018553
II2,0.26969602164040085,0.0024918368681901707,0.6233852753685881,0.10442686612282077
IE2,0.5208437700737983,0.008959030795708452,0.4388183171998723,0.031378881930620835
IO2,0.32210681934193824,0.0005443323253889186,0.6205705129965668,0.0567783353361061
EA2,0,0.31658896147768145,0,0.6834110385223187
EI2,0,0.010729064571891312,0.4425577541562318,0.5467131812718767
EE2,0.48435869817214605,0.0025658863216460053,0.49205845992022923,0.021016955585978672
EO2,0.18483665887299966,0.0032688119961152536,0.6574037998683946,0.15449072926249047
OA2,0.4398381160139149,0.06532328868880447,0.3259771957166086,0.16886139958067203
OI2,0.18200520608042228,0.0017094745816005586,0.6567320123858087,0.1595533069521684
OE2,0.5062585515184748,0.0022931134981331136,0.47487407735717974,0.01657425762621242
OO2,0.2944095567456073,0.0001360927265973115,0.6381333237112553,0.06732102681654002
AA3,0.3932930237031231,0,0.5731412859468717,0.03356569035000522
AI3,0.4358825543741954,0,0.5412616493089383,0.02285579631686633
AE3,0.42888584190022394,0.047973342556915856,0.4684223954173266,0.05471842012553357
AO3,0.4781346910303585,0.010161329647387184,0.47866263760468053,0.03304134171757381
IA3,0.2270299692216468,0,0.658657600556778,0.11431243022157526
II3,0.26008605599460705,0.11493475447652748,0.47863095004210143,0.14634823948676406
IE3,0.4549859294762114,0.08218624049581609,0.4211994464521796,0.04162838357579294
IO3,0.3877330330139348,0.06764632215730343,0.4683091911705282,0.0763114536582336
EA3,0,0.051216638636875124,0.30511729815835653,0.6436660632047684
EI3,0,0.1103284432220905,0.26897048233078513,0.6207010744471243
EE3,0.46443607889395316,0.0067048173773261895,0.4989643699914416,0.029894733737279015
EO3,0.30506070804546587,0.03799851989376719,0.5369852097026696,0.1199555623580974
OA3,0,0.015717774826730403,0.3572777650738877,0.6270044600993817
OI3,0.15949813251402697,0.07484557648623943,0.3975287120535715,0.3681275789461622
OE3,0.49040138797312743,0.020672135009392353,0.460244823384557,0.028681653632923132
OO3,0.3145465039785165,0.08640003162173959,0.4544125023235711,0.14464096207617277
AA4,0.07656742579835961,0,0.6346723459073279,0.2887602282943125
AI4,0.19765911031946679,0.05579443318954269,0.5041119899696037,0.2424344665213868
AE4,0,0.45026807594500773,0,0.5497319240549923
AO4,0.20323030739675718,0.11464208610686079,0.36577997641794985,0.3163476300784323
IA4,0.25865107109848023,0,0.6583408393350575,0.08300808956646231
II4,0.33374025187279277,0.00508909416113902,0.549702659013139,0.11146799495292914
IE4,0.5657841878475875,0.013653602752836506,0.3889066592943322,0.03165555010524374
IO4,0.4593520559485762,0.005670457502527445,0.47892957391719293,0.05604791263170355
EA4,0,0.012174839380388035,0.38133349160208774,0.6064916690175243
EI4,0,0.01690801289124287,0.35832727834190636,0.6247647087668508
EE4,0.5394979990153151,0.003364309154342504,0.43565588345603923,0.021481808374302937
EO4,0.35445273017265816,0.009896925734401787,0.5456467091975649,0.09000363489537518
OA4,0.1805874813670963,0.002551000939987016,0.6040902511068919,0.2127712665860249
OI4,0.2751744137106273,0.003259356760374697,0.5488843214643436,0.17268190806465442
OE4,0.5643594077041173,0.0029506556042464983,0.4160127394113074,0.01667719728032885
OO4,0.4553040302609488,0.0027379535678267895,0.5018314905103243,0.040126525660900136
