AA1,0.5462180146039992,0,0.45378198539600084,0
AI1,0.41562797344132474,0,0.5468820483217266,0.037489978236948676
AE1,0.4059635878753675,0.053417207275837875,0.4404160476533044,0.10020315719549014
AO1,0.38647432557284817,0.014206091790212072,0.5099956195137401,0.08932396312319982
IA1,0.41012396381389377,0.03696539857058735,0.43779933586810404,0.11511130174741488
II1,0.31575463640826534,0.014858151013716037,0.5321960864630267,0.137191126114992
IE1,0.41674795793747793,0.05681379881715157,0.43197497570009263,0.09446326754527795
IO1,0.3478459551851318,0.016383504808754706,0.5243912512261867,0.11137928877992692
EA1,0,0.42345053279418204,0,0.576549467205818
EI1,0,0.0481369341570469,0.37935421525864077,0.5725088505843123
EE1,0.437748291514139,0.006539229963108836,0.5147870125370638,0.04092546598568826
EO1,0.24848696545037452,0.006631434262538356,0.5511284960429859,0.19375310424410117
OA1,0.26758190794031883,0.12133230600990821,0.34008527631894503,0.27100050973082784
OI1,0.16402217579673617,0.03249781890938706,0.46581728193923705,0.3376627233546397
OE1,0.4474416794345831,0.014522336525330541,0.4900587281787404,0.04797725586134596
OO1,0.2486587979194791,0.00898312537974846,0.5404959399910914,0.20186213670968106
AA2,0.431364164918347,0.02004019987697839,0.45793381678517825,0.09066181841949633
AI2,0.27523832449065944,0.02116496902495826,0.5280351096150511,0.17556159686933132
AE2,0,0.37757477331628403,0,0.6224252266837159
AO2,0,0.10553424642479413,0.3342564962360102,0.5602092573391957
IA2,0.4491651817698977,0.018014595660932477,0.4544913862552883,0.07832883631388135
II2,0.3499016625844441,0.0072225316148262836,0.546491284731207,0.09638452106952267
IE2,0.4764725682596245,0.03520806853068208,0.42154585539104367,0.06677350781864978
IO2,0.3956662037226659,0.010307632548405594,0.5147122822277262,0.07931388150120214
EA2,0,0.37757477331628403,0,0.6224252266837159
EI2,0,0.03684671447249479,0.4980949302334662,0.4650583552940391
EE2,0.48502821179621874,0.004394499681947858,0.48215576724396564,0.028421521277867758
EO2,0.28045209826140477,0.005008640547395002,0.5753352413610452,0.1392040198301551
OA2,0.42148817133637007,0.07291645971655299,0.3595908928933986,0.14600447605367842
OI2,0.2647613953395324,0.008577532839998105,0.586571171534742,0.1400899002857276
OE2,0.4939573933081657,0.0039243746020281535,0.47766377654403597,0.024454455545770123
OO2,0.3821534155396611,0.0021827961492386257,0.5556363540187,0.060027434292400234
AA3,0.4253077472877358,0,0.5324539391256887,0.04223831358657546
AI3,0.4459404129343772,0,0.5207559776118816,0.033303609453741244
AE3,0.408602674901487,0.0972142691217193,0.4039340474056831,0.09024900857111057
AO3,0.4562775722784359,0.050949603233562485,0.43822795586255736,0.05454486862544435
IA3,0.3341702952140191,0,0.5715107081800914,0.09431899660588942
II3,0.3284975309721491,0.0729760857439388,0.4676168437875101,0.13090953949640186
IE3,0.4163165669713972,0.10790340549775139,0.39147444731373704,0.08430558021711432
IO3,0.4147471304109562,0.08069242570602066,0.4187590628011574,0.08580138108186575
EA3,0,0.07755438698705829,0.3736992520474271,0.5487463609655145
EI3,0,0.09160528098580031,0.3593592435426146,0.549035475471585
EE3,0.47155083416786886,0.00945897687625062,0.4818621801753171,0.037128008780563444
EO3,0.4003742924300684,0.02565257579010925,0.4883103166232602,0.08566281515656214
OA3,0,0.036086328733589176,0.4244174228389938,0.539496248427417
OI3,0.19129735016516367,0.0838990036322157,0.4055549252890197,0.31924872091360096
OE3,0.4748499238150758,0.025984652708600252,0.45560313323184964,0.04356229024447438
OO3,0.3659418078335488,0.09454200595074938,0.40503235272149646,0.13448383349420537
AA4,0.19340406644113153,0,0.5980502048018534,0.2085457287570151
AI4,0.2788370929054779,0.04272959558563832,0.48663970891455083,0.19179360259433298
AE4,0,0.4739756603987186,0,0.5260243396012815
AO4,0.27882507311853644,0.1501580675104929,0.34004439885316984,0.23097246051780065
IA4,0.36146665054371485,0,0.562368689807331,0.07616465964895414
II4,0.3728283504272419,0.014454707759965824,0.5045174844595117,0.10819945735328063
IE4,0.48070889296234187,0.05374252815244117,0.39109906097900865,0.07444951790620837
IO4,0.4626997775539147,0.03447074627429067,0.43067583509923246,0.07215364107256218
EA4,0,0.04484323063004731,0.43410079720313993,0.5210559721668128
EI4,0,0.04948063071091738,0.42260128164245814,0.5279180876466245
EE4,0.5080165383217615,0.005887163960904688,0.45509306175567926,0.031003235961654725
EO4,0.43258726505905415,0.014400308430513813,0.482448140837606,0.07056428567282601
OA4,0.2558500899097598,0.010575445336947898,0.5491615603169383,0.18441290443635383
OI4,0.3028885970239212,0.011947554682626241,0.5242701776118479,0.16089367068160476
OE4,0.5187968424303507,0.005224952248481353,0.44942701277447933,0.02655119254668865
OO4,0.4954302385277506,0.006269519210910103,0.4650531019161417,0.03324714034519751
