AA1,0.4470446870487311,0,0.5529553129512689,0
AI1,0.09497031523498926,0,0.6706838996864428,0.23434578507856796
AE1,0.0636835482057419,0.251729794230361,0.20223395191749854,0.4823527056463985
AO1,0.06369649548500396,0.05173228828794347,0.456076735175965,0.4284944810510876
IA1,0.1494549178925714,0.12632410719697054,0.4055433584608923,0.3186776164495659
II1,0.048427441206482326,0.04537874576282182,0.47109771680641177,0.4350960962242842
IE1,0.07110942866991068,0.29522011508309415,0.17956535875448434,0.4541050974925109
IO1,0.03557085052360253,0.0755238008530177,0.4010655652875397,0.4878397833358401
EA1,0,0.5715343185905607,0,0.4284656814094392
EI1,0,0.1502474889256104,0.21027796104633387,0.6394745500280559
EE1,0.07855097998454119,0.12217107629849754,0.3538284224340233,0.445449521282938
EO1,0.016673265903972778,0.10650216477320205,0.3193725932527196,0.5574519760701055
OA1,0.07207399856929288,0.22517473451633416,0.2645295086987378,0.4382217582156352
OI1,0.02269467157828092,0.08635923258907283,0.36027316312544433,0.5306729327072021
OE1,0.08093603938921015,0.2296896771415907,0.24009522146468756,0.4492790620045115
OO1,0.019073050595295054,0.09023170181976196,0.3539485605690091,0.536746687015934
AA2,0.2091994167084607,0.07858210690916229,0.4289521341289661,0.2832663422534109
AI2,0.038812216862019515,0.07076173059658365,0.4364231002695346,0.4540029522718622
AE2,0,0.5240795812041406,0,0.4759204187958594
AO2,0,0.16213275210285233,0.2453441752093854,0.5925230726877623
IA2,0.27102245523994173,0.07453392432051704,0.4167864572961047,0.23765716314343646
II2,0.06817904702356277,0.02967064648911651,0.5428996145408111,0.35925069194650955
IE2,0.13972516653770908,0.2246592059268755,0.22418086417714142,0.411434763358274
IO2,0.054807865794942144,0.0543943359632212,0.4716876228286953,0.4191101754131413
EA2,0,0.5240795812041406,0,0.4759204187958594
EI2,0,0.12213438217398984,0.28462152033706883,0.5932440974889414
EE2,0.14006507948716534,0.08645266195284895,0.40628351400181434,0.36719874455817136
EO2,0.024114950940265743,0.08270265446314663,0.4026744039586001,0.49050799063798756
OA2,0.2466589735484724,0.1732370965893002,0.28524813485544576,0.2948557950067817
OI2,0.062225633131092584,0.03199005661067551,0.5279243651655541,0.3778599450926779
OE2,0.17186178714285272,0.08425874059816785,0.4078429028145954,0.336036569444384
OO2,0.06387056471300803,0.035472326095447336,0.524891748439646,0.3757653607518986
AA3,0.12661815231164097,0,0.6094610795694976,0.2639207681188615
AI3,0.20016842279309213,0,0.5878350738365985,0.21199650337030934
AE3,0.08391056551692745,0.34435873731928845,0.16652593467155632,0.40520476249222787
AO3,0.19609573631490831,0.13188638196069452,0.34818500545653297,0.32383287626786417
IA3,0.04361213690049885,0,0.6041574847591972,0.352230378340304
II3,0.09781718311760786,0.08206255830391192,0.4218323377950586,0.39828792078342173
IE3,0.1032976453451344,0.39192916086651014,0.14131776459354745,0.36345542919480806
IO3,0.1156857382411832,0.18984507062653272,0.3000747383515622,0.39439445278072194
EA3,0,0.19918949615329914,0.204334668785569,0.5964758350611319
EI3,0,0.22656047784015423,0.18521035377899547,0.5882291683808504
EE3,0.13945486865775195,0.16626487086639388,0.3017613025683141,0.39251895790753993
EO3,0.04443296838511419,0.21909592979225914,0.23980292828143698,0.49666817354118964
OA3,0,0.061191739995104306,0.367581063146504,0.5712271968583917
OI3,0.05008009426378595,0.14184475833216798,0.3216886869914845,0.48638646041256156
OE3,0.1358380232030813,0.30377937332242344,0.19233892209525263,0.3680436813792426
OO3,0.07949672354510252,0.20977392725413713,0.2715940910440932,0.4391352581566672
AA4,0.014640929211245471,0,0.613491119085761,0.3718679517029935
AI4,0.060827247213590875,0.11261329617470774,0.3690523103953383,0.45750714621636307
AE4,0,0.6249125715483581,0,0.37508742845164184
AO4,0.05439452683266624,0.2752411001643743,0.20794873733192384,0.46241563567103566
IA4,0.05608473343831307,0,0.6309805122004171,0.3129347543612698
II4,0.12316337744174934,0.047191309263559016,0.45737083972754133,0.37227447356715027
IE4,0.17061465725378766,0.295017239846236,0.16669604519274292,0.3676720577072333
IO4,0.15768488815769924,0.12833044865011162,0.33300922336009553,0.38097543983209364
EA4,0,0.15416065596303133,0.24415535176270048,0.6016839922742682
EI4,0,0.1723563447026122,0.22463010122461355,0.6030135540727742
EE4,0.1991602753667567,0.11938069885791595,0.3199979715535621,0.3614610542217652
EO4,0.060183254866579564,0.16557745118094944,0.2793089142437787,0.49493037970869225
OA4,0.05242061610550139,0.034706629393361325,0.4713756550850911,0.4414970994160461
OI4,0.11826639745485763,0.04829080557232948,0.4412076862342795,0.39223511073853334
OE4,0.25665136489883605,0.11249863533529414,0.3106976898240506,0.3201523099418192
OO4,0.19484451500754546,0.07682996172555175,0.38151496563617043,0.34681055763073226
