AA1,0.44794294741707913,0,0.5520570525829209,0
AI1,0.07096792779339325,0,0.8674177200442283,0.06161435216237844
AE1,0.06769652299706944,0.2147903811898615,0.20434359914111866,0.5131694966719503
AO1,0.062197998492615335,0.016856434212435288,0.5313599609264581,0.3895856063684913
IA1,0.163130548363888,0.10149928413498083,0.33897192150442856,0.39639824599670265
II1,0.029519173239140897,0.02944201307554199,0.4295787619383791,0.5114600517469381
IE1,0.0790923890100135,0.2834991960397553,0.18451460012110815,0.45289381482912305
IO1,0.018698557817571435,0.027742883476068746,0.3941539894933886,0.5594045692129712
EA1,0,0.6482037216126714,0,0.35179627838732863
EI1,0,0.16224046467857123,0.08043426603001744,0.7573252692914113
EE1,0.08074507070451964,0.12817065801119315,0.3552959586999212,0.43578831258436596
EO1,0.004159272425913974,0.07466532722330556,0.2302232427935374,0.690952157557243
OA1,0.05107422951791241,0.25269959417670407,0.16234789974780883,0.5338782765575747
OI1,0.00864081197280744,0.06523219070087699,0.23896019449491748,0.6871668028313981
OE1,0.09281245321436414,0.22203102338995745,0.24344931004307402,0.4417072133526045
OO1,0.005514918223037564,0.04200029076092857,0.2834652462947639,0.66901954472127
AA2,0.18495762720863246,0.05071981643585932,0.4335141246649718,0.3308084316905364
AI2,0.019311289131182293,0.04743187718689922,0.42656079008228687,0.5066960435996317
AE2,0,0.5860463251464255,0,0.4139536748535746
AO2,0,0.09802735040758745,0.1738112171160046,0.728161432476408
IA2,0.2727803017377589,0.04657235307031366,0.4348774875719071,0.24576985762002043
II2,0.04157541371543155,0.013829976836670062,0.6423647580863209,0.30222985136157754
IE2,0.3098702919222347,0.15365765245942656,0.23624654614902027,0.3002255094693184
IO2,0.03127204430399282,0.014718832728795893,0.6138935837559056,0.3401155392113056
EA2,0,0.5860463251464255,0,0.4139536748535746
EI2,0,0.13060996797189944,0.14158868118060114,0.7278013508474993
EE2,0.2964936128036979,0.0599083801984109,0.4089778657715025,0.23462014122638863
EO2,0.0084027428824564,0.05231532283255221,0.40299206365814083,0.5362898706268504
OA2,0.23455391429135458,0.1980016407023138,0.21920437443587956,0.3482400705704521
OI2,0.041725471838133084,0.029310004718883724,0.512526210107015,0.41643831333596815
OE2,0.39694452854635714,0.051285546054261194,0.37412891418864963,0.17764101121073209
OO2,0.037785612043190704,0.01491718857767031,0.630043363827175,0.3172538355519641
AA3,0.1651538426197316,0,0.7393747017866046,0.0954714555936639
AI3,0.3039651198628541,0,0.6442042024294179,0.05183067770772794
AE3,0.08941863777018833,0.39010075689479234,0.1435603221641843,0.37692028317083504
AO3,0.3280291766331614,0.06075959377650367,0.39257757129546117,0.21863365829487375
IA3,0.024756217935387976,0,0.6929062249139708,0.2823375571506411
II3,0.08675934724373795,0.09569324985575828,0.364092678347718,0.4534547245527858
IE3,0.10975443388091687,0.4803232358867064,0.11550219326630905,0.2944201369660677
IO3,0.11141523860971786,0.17697634972432813,0.27036102229792947,0.4412473893680246
EA3,0,0.270519132585853,0.07406718266227322,0.6554136847518737
EI3,0,0.3353464479807379,0.06026800067244697,0.6043855513468152
EE3,0.15955896894149396,0.22184409568315264,0.26835942379798966,0.35023751157736366
EO3,0.015556170721816823,0.3663296659265509,0.11221599842869806,0.5058981649229342
OA3,0,0.05574939835997299,0.20572179905949492,0.7385288025805321
OI3,0.0396391206139915,0.16057871864301082,0.20254007572325614,0.5972420850197415
OE3,0.1573320238473413,0.37452051569893274,0.1620277894030357,0.30611967105069027
OO3,0.046934572973480235,0.24876433880305304,0.18230120611428247,0.5219998821091842
AA4,0.004508957549914457,0,0.6958896329483498,0.29960140950173575
AI4,0.039216398219048675,0.09322482694217316,0.3077509656387503,0.5598078092000279
AE4,0,0.7011106200160881,0,0.29888937998391185
AO4,0.034767935405796584,0.20806219069162865,0.1753093105496377,0.581860563352937
IA4,0.03387717148453846,0,0.767800172648312,0.1983226558671496
II4,0.12993460158101006,0.02927372703089931,0.4413869154145497,0.39940475597354086
IE4,0.3384778673167391,0.2243761584248946,0.1517005875042601,0.28544538675410625
IO4,0.1888935941998116,0.07238716153180205,0.3323329037399467,0.4063863405284396
EA4,0,0.15476235125910467,0.11138240442318717,0.7338552443177082
EI4,0,0.19204842610179934,0.09446604587694295,0.7134855280212578
EE4,0.38199614556476064,0.09441082612591477,0.2648579747310874,0.25873505357823706
EO4,0.02981562617584726,0.21599745620003716,0.17189681113267302,0.5822901064914426
OA4,0.046680518401915984,0.026450528364511026,0.3925425244983057,0.5343264287352673
OI4,0.13707680582416493,0.04989476232089285,0.3549725401345256,0.45805589172041666
OE4,0.5030707977118456,0.07765262689995527,0.230487353753964,0.1887892216342352
OO4,0.21982857867828962,0.0756462471062992,0.3304816708699672,0.3740435033454439
