AA1,0.4880248888174742,0,0.5119751111825259,0
AI1,0.27445745129287813,0,0.6252849099460608,0.10025763876106107
AE1,0.11514510611413392,0.344430567156972,0.15951924303099993,0.38090508369789416
AO1,0.11356758030622377,0.18692843801968745,0.32942885436710545,0.37007512730698316
IA1,0.16802267344954616,0.25572088463744164,0.23987895986167676,0.33637748205133533
II1,0.10503562340203249,0.21964318089836946,0.28193961079728497,0.3933815849023131
IE1,0.11978220657181698,0.3514838425619752,0.1540876381857501,0.3746463126804578
IO1,0.08708584673126314,0.19170434088551466,0.3103947910002921,0.4108150213829301
EA1,0,0.515303345369598,0,0.484696654630402
EI1,0,0.3377225710422668,0.08716046043252058,0.5751169685252125
EE1,0.16897571628685906,0.2588309957219268,0.2594277687556418,0.3127655192355723
EO1,0.06417376233027106,0.22056447376513735,0.24566225013226384,0.4695995137723278
OA1,0.06738182023851522,0.38193803068752075,0.11230089743163177,0.4383792516423324
OI1,0.04547995689451004,0.2803307232528459,0.17024808657432589,0.5039412332783182
OE1,0.15498043894293118,0.29256958898252966,0.22175219110523897,0.3306977809693001
OO1,0.057989674102915084,0.20436902364783646,0.26229561631129344,0.4753456859379551
AA2,0.19795832446629666,0.20102589899324141,0.2906196149288053,0.3103961616116566
AI2,0.10620490005012925,0.199759764328183,0.3218701882132768,0.372165147408411
AE2,0,0.4916703749821624,0,0.5083296250178375
AO2,0,0.2763144312728522,0.1929243420426334,0.5307612266845143
IA2,0.2411468040540788,0.18493535362853036,0.3004764394630354,0.27344140285435536
II2,0.1536209830453581,0.16258917274936444,0.36050272922715404,0.3232871149781234
IE2,0.1924479758134364,0.28714169158369895,0.20264723753167116,0.31776309507119355
IO2,0.13121322951766032,0.15384979213804373,0.37367239171228606,0.3412645866320098
EA2,0,0.4916703749821624,0,0.5083296250178375
EI2,0,0.320914815843803,0.13588585745723894,0.543199326698958
EE2,0.2582445992028328,0.19478600368585652,0.3084089350668008,0.23856046204451
EO2,0.09419571076223378,0.18969665505692584,0.3358375409351456,0.3802700932456947
OA2,0.14300569002503014,0.35826814728358963,0.12425395259368138,0.3744722100976989
OI2,0.09787842728552298,0.235182435828309,0.2619885932041074,0.4049505436820606
OE2,0.27458562381482043,0.1865608942848912,0.31353182758209275,0.22532165431819567
OO2,0.13270320009047076,0.1618138814793669,0.38214668081919434,0.32333623761096797
AA3,0.2895417571243377,0,0.5905805578106714,0.11987768506499095
AI3,0.329354005162023,0,0.5738739680586898,0.09677202677928712
AE3,0.11589708200027965,0.3635825082274618,0.1473622036531927,0.3731582061190658
AO3,0.21344912694908352,0.2620357473944834,0.2593199634467781,0.265195162209655
IA3,0.13806433641397084,0,0.5670534562015587,0.2948822073844705
II3,0.12319016575090701,0.2735492407177897,0.2480133799335165,0.35524721359778694
IE3,0.12093608281030371,0.3718060588172565,0.1420139425840352,0.36524391578840465
IO3,0.15065389931360537,0.3287605392485479,0.19249232547089223,0.32809323596695456
EA3,0,0.3450539946672752,0.08104043518255283,0.5739055701501719
EI3,0,0.35306570303143947,0.07664922202361334,0.5702850749449473
EE3,0.1912644898040679,0.25902187060717985,0.23855908722191077,0.3111545523668414
EO3,0.09287741511091988,0.32787946909059595,0.15740389526160453,0.4218392205368796
OA3,0,0.2528957361992292,0.16544374268792417,0.5816605211128465
OI3,0.0644027588413123,0.3028937033101732,0.15412171632448723,0.4785818215240272
OE3,0.17018506666932656,0.29871138845633893,0.20482255311656344,0.32628099175777103
OO3,0.12505856304797844,0.3315499115167392,0.17260815853322023,0.37078336690206204
AA4,0.05525504942312432,0,0.5867856030571674,0.3579593475197083
AI4,0.1064507527955857,0.2565407275723131,0.26699100707789764,0.3700175125542035
AE4,0,0.5327217367042394,0,0.46727826329576067
AO4,0.10435174149721287,0.3638353750386108,0.15773750474214246,0.3740753787220339
IA4,0.18006857996832418,0,0.5918053520231219,0.22812606800855395
II4,0.16253052370178653,0.2080096019733555,0.29858719590050836,0.3308726784243497
IE4,0.18260289243093317,0.32062198311065915,0.16495616422862436,0.3318189602297833
IO4,0.19974774497673856,0.27371541706168745,0.22404160320946576,0.30249523475210827
EA4,0,0.3326213024297764,0.10404470404487921,0.5633339935253445
EI4,0,0.3387420302457986,0.09875703072454553,0.5625009390296558
EE4,0.2629321252856586,0.22045701228322867,0.2507557657280426,0.26585509670307017
EO4,0.1278327295151223,0.2992896197366098,0.18387266469197686,0.38900498605629086
OA4,0.07768543221021068,0.24593502656390523,0.2296806010537181,0.446698940172166
OI4,0.11480505511267705,0.2523184078307068,0.2146967362493988,0.4181798008072174
OE4,0.282610489255645,0.2111181323840587,0.25404566044685006,0.2522257179134463
OO4,0.22662138574147403,0.2496299755086265,0.22829297110502217,0.29545566764487724
