AA1,0.5925539981078498,0,0.40744600189215024,0
AI1,0.33739186041732455,0,0.6107659835720206,0.05184215601065489
AE1,0.2557810815368296,0.06755327606160298,0.35687987814650285,0.3197857642550646
AO1,0.19111298230196638,0.0035594255736841403,0.6227941092686591,0.18253348285569054
IA1,0.4211407646567654,0.003260769201690674,0.503860312159823,0.07173815398172105
II1,0.20048226958575532,0.002837411410815711,0.6468187759988229,0.14986154300460613
IE1,0.26221407483664594,0.06918135939933491,0.3553254200740492,0.31327914568996984
IO1,0.11290991723613776,0.004103650786810403,0.6339878788806312,0.24899855309642058
EA1,0,0.28409625051833287,0,0.7159037494816671
EI1,0,0.06778990706142896,0.2600439871093094,0.6721661058292616
EE1,0.261653988027519,0.02288821556703937,0.4707759661076357,0.2446818302978059
EO1,0.048384723186615096,0.01777613512944594,0.419227766013661,0.5146113756702779
OA1,0.2035209713645394,0.018212548738243708,0.5058146192495483,0.2724518606476686
OI1,0.08545264416061162,0.01239349197221532,0.5542112396579655,0.3479426242092075
OE1,0.28001015658515577,0.05713544466632266,0.38305519738456345,0.27979920136395825
OO1,0.037974494583203545,0.004993582970633105,0.5520842365316314,0.40494768591453184
AA2,0.4164887326710679,0.0027410253143880943,0.5128803933565927,0.06788984865795106
AI2,0.18291543819526296,0.0034539338880554315,0.6345491595415828,0.1790814683750989
AE2,0,0.2377633147933071,0,0.762236685206693
AO2,0,0.012688248135420518,0.5012302832044796,0.48608146866009977
IA2,0.436324396440029,0.002574834125522263,0.5045984653826943,0.056502304051754514
II2,0.21563913665721082,0.002500648402870787,0.6497200327427255,0.13214018219719295
IE2,0.34316547073007975,0.05872526412281476,0.33125254144917704,0.26685672369792846
IO2,0.1238782170699095,0.004682171347254411,0.6397045088381624,0.23173510274467377
EA2,0,0.2377633147933071,0,0.762236685206693
EI2,0,0.05502329064016942,0.2997623396214666,0.645214369738364
EE2,0.3463354639115726,0.01829429790346422,0.4275241779999486,0.2078460601850145
EO2,0.05342473882162442,0.016543856598150608,0.44450908390523247,0.4855223206749925
OA2,0.4766473275134587,0.007913219842286759,0.4570499078448078,0.05838954479944674
OI2,0.24319630191189132,0.0032839890366439125,0.6227510160062548,0.13076869304520994
OE2,0.3870522332777652,0.01616694021881933,0.41748370279709746,0.17929712370631803
OO2,0.18587413808618916,0.0005018250442122499,0.6342585182358246,0.17936551863377406
AA3,0.36204002984799943,0,0.582164307615883,0.05579566253611743
AI3,0.41624364184762597,0,0.5401994849044838,0.04355687324789011
AE3,0.26242543554550585,0.08930894137987447,0.3339978220722485,0.31426780100237117
AO3,0.47234317716749724,0.0023119335514231727,0.48037469101176866,0.04497019826931084
IA3,0.19144152733896513,0,0.6530335666146534,0.1555249060463814
II3,0.2746968660030004,0.0073131591105246654,0.5819090741159625,0.1360809007705125
IE3,0.26930468856496864,0.09293774741065429,0.3308100062083416,0.3069475578160355
IO3,0.3340677371178996,0.01991225846961831,0.5213770555527307,0.12464294885975136
EA3,0,0.08395269574055188,0.25255651692877257,0.6634907873306756
EI3,0,0.09698444625946563,0.24338769293052676,0.6596278608100076
EE3,0.2802231460219295,0.024845091771529892,0.45028363842924685,0.24464812377729378
EO3,0.12320142346749728,0.07415248186940797,0.36034042913886505,0.4423056655242298
OA3,0,0.00585278932459005,0.49658176751745686,0.49756544315795315
OI3,0.14283188857025872,0.019309907995311373,0.5018738785026132,0.33598432493181674
OE3,0.2918698581488904,0.0757105175493121,0.3585956611183521,0.27382396318344543
OO3,0.17157120148874544,0.04181015295163173,0.4932759166085212,0.29334272895110175
AA4,0.1374127251510429,0,0.6572855872227528,0.20530168762620427
AI4,0.21751596229816975,0.005395313033579692,0.5963305826279899,0.18075814204026067
AE4,0,0.28280113722821143,0,0.7171988627717886
AO4,0.25763569375099965,0.015999874019894486,0.5468907718910174,0.1794736603380885
IA4,0.19414927387201622,0,0.6622100630796208,0.14364066304836295
II4,0.27915442187389206,0.003807398253671503,0.590057712099882,0.12698046777255437
IE4,0.33936352729504105,0.07700683088773905,0.3031600224010026,0.2804696194162172
IO4,0.3432853046072164,0.009004666933158609,0.5304821912687163,0.11722783719090854
EA4,0,0.05156691872270215,0.2608624216963881,0.6875706595809098
EI4,0,0.055621246207594816,0.2537779160149046,0.6906008377775006
EE4,0.3540004266738064,0.01925440915693126,0.40551347753095723,0.22123168663830528
EO4,0.1250559730995049,0.05075473613626496,0.3740986528066135,0.4500906379576168
OA4,0.2380846040330785,0.00246410766765327,0.5978534003337308,0.16159788796553742
OI4,0.3324998753752534,0.0034706793895307,0.5421962448623026,0.12183320037291338
OE4,0.4063600285442256,0.016810078464416983,0.3887363219709161,0.18809357102044133
OO4,0.42049266793019635,0.003301650882595483,0.48476409091498024,0.09144159027222816
