AA1,0.5599384790173098,0,0.4400615209826903,0
AI1,0.26612545082775774,0,0.6796062767611419,0.0542682724111003
AE1,0.1017294462529418,0.3528415609674706,0.15568871689326333,0.38974027588632426
AO1,0.09930007737869802,0.19129772076229493,0.33575428477873387,0.37364791708027323
IA1,0.16397954866400746,0.2682560360989221,0.23639320470391878,0.33137121053315177
II1,0.08655564684880561,0.22079501219095898,0.2903433595979262,0.4023059813623093
IE1,0.11241534686965102,0.363214009823245,0.14314070424251554,0.38122993906458846
IO1,0.06521148235518238,0.1965266655916321,0.31451322499299234,0.42374862706019323
EA1,0,0.5218183494923319,0,0.47818165050766825
EI1,0,0.2938592553588043,0.10214288738876623,0.6039978572524295
EE1,0.17714119071988663,0.23482564124224997,0.31375296513364315,0.2742802029042203
EO1,0.040289908132140353,0.19905288367898866,0.29600618891607144,0.4646510192727996
OA1,0.04367821357135068,0.4276921989798801,0.07883641721723791,0.4497931702315313
OI1,0.025074210257477348,0.26178596295506495,0.1521075172472371,0.5610323095402208
OE1,0.16879926699310577,0.2679297745025566,0.26411548662310247,0.29915547188123515
OO1,0.03974291544841402,0.18090553298046994,0.28966737723790464,0.4896841743332114
AA2,0.20244316598458875,0.20980123304437204,0.27973650543668155,0.30801909553435763
AI2,0.07500110374150391,0.22053747090089118,0.3216938959590493,0.38276752939855563
AE2,0,0.4942714660762491,0,0.5057285339237508
AO2,0,0.27202073417524253,0.1589861851429647,0.5689930806817928
IA2,0.27748637492408396,0.18494945062745854,0.2824998832703507,0.25506429117810675
II2,0.15018486904049755,0.16781499640552897,0.3631050181146197,0.31889511643935375
IE2,0.2048210459284345,0.28816538504805794,0.19106960495304928,0.31594396407045827
IO2,0.11530377217424945,0.1573280706119278,0.37696478043864273,0.3504033767751801
EA2,0,0.4942714660762491,0,0.5057285339237508
EI2,0,0.2880250981066346,0.16066666659533296,0.5513082352980324
EE2,0.30446602315403465,0.16334323293305597,0.3401274147476909,0.19206332916521865
EO2,0.07480522489229852,0.1693838304298193,0.399681919950989,0.35612902472689323
OA2,0.1427631353023628,0.3765563822288581,0.10072888457690628,0.37995159789187277
OI2,0.08368656010619772,0.21019010347305178,0.2892704293972162,0.4168529070235342
OE2,0.327973140678265,0.15271684350200956,0.34108721833329014,0.1782227974864352
OO2,0.1282630900514055,0.125941848303723,0.4391786092106329,0.3066164524342387
AA3,0.297919812880887,0,0.628580533723445,0.07349965339566794
AI3,0.35910676449215456,0,0.5904134509065025,0.050479784601342885
AE3,0.10696359304340244,0.3846319318413404,0.1351617831966905,0.3732426919185667
AO3,0.2295861206851659,0.2701836902660148,0.2409853558683836,0.25924483318043573
IA3,0.12434094920795036,0,0.638750082178633,0.23690896861341662
II3,0.1047248034526465,0.339910202320436,0.2275926648848156,0.32777232934210204
IE3,0.11908613310455392,0.4017321724724087,0.12213540589856982,0.35704628852446757
IO3,0.16827107283918458,0.34063595402979746,0.1954959621155687,0.2955970110154493
EA3,0,0.30398315640751894,0.090550365589166,0.6054664780033151
EI3,0,0.3125002946086189,0.08475809471335798,0.6027416106780231
EE3,0.24221361665273813,0.22611888371865388,0.2626094005158544,0.26905809911275363
EO3,0.10015714904486875,0.32417758981047884,0.17616499254397114,0.3995002686006813
OA3,0,0.22479308124734013,0.14968638706481005,0.6255205316878498
OI3,0.04407937238289365,0.299090484680611,0.13122646356060985,0.5256036793758854
OE3,0.2208834358573785,0.26067769338542046,0.2265748501772058,0.2918640205799952
OO3,0.12425019427904709,0.3449023885023374,0.1643020827220292,0.3665453344965863
AA4,0.040384548921370625,0,0.6148534646123818,0.34476198646624756
AI4,0.08321449915529766,0.2883331747770351,0.2573159471986397,0.3711363788690275
AE4,0,0.5493446156432501,0,0.4506553843567499
AO4,0.09222902937015766,0.39574100653897815,0.1480503941212183,0.3639795699696458
IA4,0.1847543004435963,0,0.6415103950193429,0.17373530453706082
II4,0.1658390034674,0.21148718853242152,0.29523872212226027,0.32743508587791825
IE4,0.18993618251512245,0.3234306701491309,0.14695015581824677,0.3396829915174998
IO4,0.23819173979683386,0.25846551833115183,0.22595018601175715,0.277392555860257
EA4,0,0.2930476502653902,0.1159897259034609,0.5909626238311491
EI4,0,0.2978365412955061,0.10891363055533171,0.5932498281491622
EE4,0.3049557369284812,0.19333138866844563,0.2678654121059421,0.233847462297131
EO4,0.13157367316117843,0.29481188753351084,0.20146046055242714,0.37215397875288353
OA4,0.07232781317406226,0.218701413250736,0.23827711702694107,0.4706936565482608
OI4,0.12061454559333337,0.22096428375616578,0.2174097942773618,0.4410113763731391
OE4,0.330276238608537,0.18277697926160916,0.26699390763558806,0.2199528744942659
OO4,0.2512768122315086,0.23262272758106517,0.2478897226812595,0.2682107375061668
