AA1,0.6097399042345539,0,0.390260095765446,0
AI1,0.363785451176867,0,0.5991328718605102,0.03708167696262275
AE1,0.32357788208830246,0.056922008669327506,0.37828229436719685,0.24121781487517321
AO1,0.2440892101460278,0.0010422358551767554,0.6053022790006066,0.14956627499818884
IA1,0.44218665984713024,0.003879710781097022,0.4959804096822126,0.0579532196895602
II1,0.24422123077224253,0.0006307392448565482,0.6402440120103248,0.11490401797257609
IE1,0.33386207759772163,0.058670324199687894,0.37444260619583697,0.23302499200675342
IO1,0.16922070193753722,0.0016545135450080051,0.6171602319067172,0.2119645526107375
EA1,0,0.3374004959734242,0,0.6625995040265759
EI1,0,0.043835434100725094,0.2913525828921893,0.6648119830070857
EE1,0.32487955427754583,0.021622554591344153,0.5035477876203737,0.14995010351073612
EO1,0.0852128676898388,0.019588690385701938,0.4923467359070338,0.40285170601742554
OA1,0.23055905776110378,0.010033581250135096,0.5129185054742802,0.24648885551448105
OI1,0.11586873061705284,0.0031931872282842688,0.5710734934145856,0.3098645887400773
OE1,0.35447760839466314,0.04383375135643045,0.41717506591351433,0.1845135743353921
OO1,0.08148867545046279,0.002402182605439564,0.5512295218016496,0.36487962014244807
AA2,0.445017309125706,0.0018905868187874962,0.5039036725713218,0.04918843148418488
AI2,0.22224622370515074,0.002412408426920011,0.6386308031546224,0.136710564713307
AE2,0,0.271301998034085,0,0.728698001965915
AO2,0,0.008692250936349075,0.4503398134171604,0.5409679356464906
IA2,0.46745853789053526,0.001849300491163331,0.48647377695442934,0.04421838466387193
II2,0.2614806164408749,0.0005350851656142939,0.6390456193590989,0.09893867903441185
IE2,0.4103535927245379,0.0423607327754464,0.352595728140534,0.19468994635948159
IO2,0.18733272723111022,0.0014261262459427028,0.6189693539085834,0.19227179261436356
EA2,0,0.271301998034085,0,0.728698001965915
EI2,0,0.04001801868283794,0.3480991871781527,0.6118827941390095
EE2,0.39799596813314875,0.017455751051739323,0.45661107989573824,0.1279372009193736
EO2,0.09148720316439692,0.018308362585655612,0.5161116158879284,0.374092818362019
OA2,0.5115047889939908,0.004664986035039457,0.44155199627394814,0.04227822869702149
OI2,0.2815303972559319,0.0018887643449652977,0.6283111119896867,0.08826972640941619
OE2,0.4548169017297572,0.015594302687874694,0.4290340155586851,0.10055478002368293
OO2,0.24621752610891595,0.0019466924494253718,0.630446917452137,0.12138886398952156
AA3,0.3848906465798641,0,0.5694830780513113,0.04562627536882447
AI3,0.4527426148493958,0,0.5163109044381204,0.030946480712483782
AE3,0.31757830043747964,0.11512929223305886,0.34061676803934243,0.226675639290119
AO3,0.5154732872098082,0.0017161135248779187,0.4451481763777337,0.037662422887580156
IA3,0.22504502548508315,0,0.6520636931243813,0.12289128139053546
II3,0.3126355990237668,0.014110437045845546,0.570845291462847,0.1024086724675408
IE3,0.3270297185610112,0.1289670239106707,0.32912485946132736,0.21487839806699072
IO3,0.3777304479910786,0.0213232927982228,0.5054874190984865,0.09545884011221221
EA3,0,0.0630480429562818,0.28791012498007046,0.6490418320636477
EI3,0,0.07030089647061588,0.27849062279264303,0.6512084807367412
EE3,0.35725993938553174,0.023735439562434634,0.4714851578715146,0.14751946318051892
EO3,0.18747909165665408,0.05958141217098834,0.42153732128539867,0.3314021748869589
OA3,0,0.0002836749256709174,0.4944340700250417,0.5052822550492874
OI3,0.18556906066213197,0.025547610519291764,0.5018293694540915,0.28705395936448463
OE3,0.37215581680009463,0.07832536926286768,0.37720010232808643,0.17231871160895124
OO3,0.2330972451795864,0.05253714069045125,0.46743558629559867,0.24693002783436374
AA4,0.15699526967373528,0,0.6640325405987226,0.1789721897275421
AI4,0.2525852125611779,0.004665597130100446,0.6034943941415295,0.13925479616719208
AE4,0,0.3473003447067772,0,0.6526996552932228
AO4,0.2994325067089253,0.014764713440498626,0.5258338615205518,0.15996891833002436
IA4,0.23128077123107804,0,0.6530581096269454,0.11566111914197652
II4,0.3265831976428239,0.0005699892230185663,0.5766100112504688,0.09623680188368847
IE4,0.4058312051866796,0.053176605323328935,0.32562812421256604,0.21536406527742538
IO4,0.3964170109130303,0.002158114710674864,0.5104772785917497,0.0909475957845451
EA4,0,0.039369847680331256,0.29058121064265624,0.6700489416770126
EI4,0,0.04044359944876622,0.2826949309586817,0.676861469592552
EE4,0.4143792321971048,0.018942660321167884,0.42753156639102263,0.1391465410907047
EO4,0.187989603694171,0.03946554196382899,0.43126881634228087,0.3412760379997191
OA4,0.27332900566550533,0.0012305232082277092,0.6013722311695084,0.12406823995675846
OI4,0.38366731524580777,0.0016730618753773379,0.5326537560495299,0.08200586682928498
OE4,0.4812541582073341,0.016637109318176035,0.394572665904172,0.10753606657031804
OO4,0.4769401051511658,0.002204892526513315,0.4676072279148863,0.05324777440743456
