AA1,0.6245592097736896,0,0.37544079022631033,0
AI1,0.3626526094197661,0,0.6106230474022432,0.02672434317799066
AE1,0.28776254432361903,0.1338624408283874,0.26612919841364757,0.3122458164343459
AO1,0.19541795888963878,0.005976356454429458,0.605209498128064,0.19339618652786777
IA1,0.5191460916689259,0.000257761167258227,0.469461041086282,0.011135106077533718
II1,0.299120349397633,0.00017007720130851552,0.6579823645590581,0.042727208842000486
IE1,0.2939339794625942,0.13723741332774908,0.26399188982029553,0.3048367173893612
IO1,0.1598856739069399,0.00678257353227632,0.6189967842268019,0.21433496833398183
EA1,0,0.40554665415766056,0,0.5944533458423394
EI1,0,0.05524735599556939,0.2842650614525496,0.660487582551881
EE1,0.367878037088724,0.021168035681972557,0.5157317076397985,0.09522221958950504
EO1,0.10741829184662526,0.021333889021089,0.5413464441069591,0.32990137502532674
OA1,0.31079273323452633,0.01917537654597456,0.47742031652841915,0.19261157369107992
OI1,0.18348093020867387,0.007269498131952819,0.5565852526938363,0.2526643189655371
OE1,0.3792554673263959,0.07049842315850247,0.39801708403966585,0.1522290254754357
OO1,0.08229819258909576,0.012145795531821914,0.5366140698296933,0.36894194204938907
AA2,0.514207581605758,0.00018038785619526029,0.472702673125805,0.012909357412241812
AI2,0.26624180893810656,0.0002432864122461128,0.6611473746531261,0.07236752999652137
AE2,0,0.3461478886908038,0,0.6538521113091962
AO2,0,0.02246630748101155,0.4243663392541247,0.5531673532648638
IA2,0.5244447114533337,0.0001525094724216751,0.46457013773817674,0.010832641336067999
II2,0.30423128372766645,0.00010088599664728881,0.6506894109361817,0.04497841933950458
IE2,0.3345983709109752,0.11558892270777348,0.25628378804141955,0.29352891833983186
IO2,0.17360275943880876,0.006063583906727751,0.5990372206059137,0.22129643604854973
EA2,0,0.3461478886908038,0,0.6538521113091962
EI2,0,0.05038722831466334,0.31595141050390313,0.6336613611814336
EE2,0.4144462728451416,0.01897491969989587,0.47355947405115323,0.09301933340380925
EO2,0.10885575014844844,0.020260577365942212,0.5283855120381905,0.3424981604474189
OA2,0.5826082710526613,0.002253822955170713,0.4056520890457772,0.009485816946390701
OI2,0.3653321971410588,0.0004975149861816203,0.6111983088580817,0.022971979014677988
OE2,0.44455103549730796,0.016041664613825293,0.4671039888126341,0.07230331107623264
OO2,0.30003137461632834,0.0013694639385808578,0.6274691395653827,0.07113002187970803
AA3,0.3651284453443459,0,0.5987952174348949,0.03607633722075915
AI3,0.43263737386300233,0,0.5441846081430812,0.02317801799391644
AE3,0.24991075622408745,0.22294272585402375,0.23256148053662457,0.2945850373852641
AO3,0.548619630375444,0.01902259818264399,0.39022282176966183,0.04213494967225012
IA3,0.2628876514595159,0,0.6749405544452796,0.06217179409520468
II3,0.3632980272861109,0.0006173714167327926,0.595940003593694,0.04014459770346223
IE3,0.25264540906371824,0.23437164376293348,0.22760358988372836,0.28537935728961983
IO3,0.5026170879085116,0.02877221733654127,0.4183244784572006,0.05028621629774644
EA3,0,0.07995751386008355,0.2790928620589939,0.6409496240809225
EI3,0,0.08471742647474978,0.27454542459123793,0.6407371489340122
EE3,0.41978181908885015,0.02055755530247427,0.46601395544570734,0.09364667016296829
EO3,0.31811147863715444,0.038604160133325634,0.48561992589787956,0.15766443533164048
OA3,0,0.007697615479489145,0.4872147791596863,0.5050876053608244
OI3,0.2877438237868399,0.018643140909902968,0.45857005668756884,0.2350429786156884
OE3,0.38808434070092257,0.09492290888251105,0.36695179530115435,0.1500409551154121
OO3,0.37289967698152887,0.1019036557180316,0.3508633785792604,0.17433328872117917
AA4,0.18954911338675492,0,0.6854540574903107,0.1249968291229343
AI4,0.2773169380803215,0.00041065744459437925,0.6409360230307471,0.0813363814443369
AE4,0,0.4000683350372049,0,0.5999316649627953
AO4,0.4068543212029052,0.04039273170279582,0.443996627179162,0.10875631991513697
IA4,0.25619261145075867,0,0.6704833026640531,0.07332408588518827
II4,0.3360036382250889,0.0001606941053138622,0.615124839546025,0.04871082812357209
IE4,0.29041364804465347,0.14676543710509687,0.22410963450862592,0.33871128034162357
IO4,0.47793142871717775,0.015375014305275063,0.44481248256009637,0.06188107441745078
EA4,0,0.047954233074309294,0.25406408057755075,0.69798168634814
EI4,0,0.048825289847297136,0.25065436157978616,0.7005203485729168
EE4,0.42426544966655333,0.01972779935950552,0.44644074564938296,0.10956600532455828
EO4,0.2893050834230016,0.033638481088155786,0.4858861185900654,0.19117031689877728
OA4,0.3675858149356914,0.000461252029970488,0.5877707699320535,0.04418216310228451
OI4,0.4747154851178915,0.0005248906938537228,0.5021744403470921,0.022585183841162523
OE4,0.46679224501679323,0.01626312460504821,0.43271851899787833,0.08422611138028024
OO4,0.5948790251298421,0.003188349696010239,0.3888369412007094,0.013095683973438276
