AA1,0.620922671344626,0,0.379077328655374,0
AI1,0.24299359403759377,0,0.6714602950572589,0.08554611090514722
AE1,0.20703149797454218,0.06199415031297169,0.5117045558050681,0.2192697959074179
AO1,0.1995305360727269,0.006553424746883356,0.6239994189958638,0.1699166201845259
IA1,0.22522398099246657,0.049081410518883616,0.4935568223976606,0.23213778609098928
II1,0.0880112349279051,0.01260202804470112,0.602020016731738,0.29736672029565586
IE1,0.2715934099373767,0.07035587167619634,0.4687492124718761,0.1893015059145508
IO1,0.10282502012069743,0.009661024584488467,0.597360259473029,0.2901536958217852
EA1,0,0.3810471007930604,0,0.6189528992069396
EI1,0,0.03784041016733679,0.23452841022789597,0.7276311796047672
EE1,0.23116696799459796,0.0291769251267773,0.5731384539603771,0.16651765291824752
EO1,0.03241762808176056,0.025019464462066276,0.5078410466806333,0.4347218607755398
OA1,0.10609832994622902,0.107044925455574,0.3554518475832983,0.43140489701489865
OI1,0.022436675916666645,0.021517474327768557,0.46834612220827426,0.48769972754729046
OE1,0.27450358835083677,0.050682752081493,0.5085386757210738,0.16627498384659656
OO1,0.049056249982911374,0.012804472372206404,0.5404717261637786,0.3976675514811037
AA2,0.2848469342825237,0.024110750467044178,0.5098818035104288,0.18116051174000328
AI2,0.05220654688249833,0.025406805874350978,0.5369357929167485,0.3854508543264021
AE2,0,0.3359158365165153,0,0.6640841634834846
AO2,0,0.04150143688399588,0.23258608448200602,0.7259124786339982
IA2,0.35380086647944853,0.022551303986801163,0.48141995352878664,0.1422278760049637
II2,0.1478243370006592,0.007405600815843922,0.6433882992919131,0.2013817628915838
IE2,0.4245954273200711,0.04133565044375787,0.41646752829762324,0.11760139393854774
IO2,0.1759020825766137,0.006164342180260883,0.6212835437388812,0.1966500315042442
EA2,0,0.3359158365165153,0,0.6640841634834846
EI2,0,0.03599154308307726,0.3532239504445171,0.6107845064724057
EE2,0.36636572321957833,0.018808562870101204,0.5114866548999727,0.1033390590103477
EO2,0.060132299510324554,0.021544703469287683,0.6030695451913155,0.3152534518290723
OA2,0.36758575240545566,0.06631551961637973,0.3659777527018403,0.2001209752763243
OI2,0.105440479772633,0.008968906020746388,0.6457546366941359,0.23983597751248478
OE2,0.4138901164917471,0.017338593170958688,0.48285958836565546,0.08591170197163882
OO2,0.16371045641867488,0.005325317160068795,0.6435050826545298,0.18745914376672634
AA3,0.2843462656434854,0,0.6151680124521786,0.10048572190433601
AI3,0.3664309708039657,0,0.5634453959523383,0.07012363324369597
AE3,0.2783158170554427,0.12214260646716636,0.41938718134088293,0.18015439513650783
AO3,0.39304546192290213,0.023706705380695504,0.4852390684231615,0.0980087642732407
IA3,0.08053590050159679,0,0.6460515153970867,0.2734125841013166
II3,0.14897445709671267,0.05106759823777612,0.5379261764761962,0.262031768189315
IE3,0.33645185409849787,0.1790628259492216,0.3436013415081346,0.14088397844414594
IO3,0.21951974869098648,0.08814697029655778,0.47113954401318614,0.2211937369992696
EA3,0,0.07312935831298557,0.25677850403505764,0.6700921376519567
EI3,0,0.12429903833138918,0.22198956206649903,0.6537113996021119
EE3,0.3329629551671462,0.0406341328341369,0.48413327748164564,0.14226963451707125
EO3,0.10183140025603246,0.11167080041657372,0.4325818276256417,0.3539159717017521
OA3,0,0.015585540676042583,0.33712263492413747,0.6472918243998198
OI3,0.046319155737019155,0.07350172180119503,0.4370901983880966,0.44308892407368927
OE3,0.3671858343736526,0.10396622726816294,0.3974809932247478,0.1313669451334367
OO3,0.14096438514532716,0.1124225872547314,0.4440085018967597,0.30260452570318175
AA4,0.009454752172679541,0,0.582834371545733,0.4077108762815875
AI4,0.07453085694728509,0.0482294142973685,0.4806323982602561,0.39660733049509034
AE4,0,0.4745057296080507,0,0.5254942703919493
AO4,0.06920682095190824,0.10822907438556227,0.3475478808288231,0.4750162238337063
IA4,0.11528208434564705,0,0.671670367987579,0.21304754766677403
II4,0.20946315641209223,0.012014092452123589,0.569693037480631,0.20882971365515315
IE4,0.49022056256768126,0.054114276302284395,0.34185635387750146,0.11380880725253274
IO4,0.31296061293820204,0.020367308911606177,0.49140704108858785,0.17526503706160404
EA4,0,0.04004279478558761,0.3315040644397488,0.6284531407746636
EI4,0,0.045965386394706764,0.3036584018684307,0.6503762117368626
EE4,0.440584554366086,0.021875058118093323,0.4338826914796329,0.1036576960361879
EO4,0.1561829965816589,0.051362238396005976,0.4896705596854963,0.30278420533683886
OA4,0.06673402380699836,0.008746883969731355,0.5996940981107763,0.32482499411249394
OI4,0.1640320240803674,0.011788444398745908,0.5708234673792449,0.25335606414164175
OE4,0.49395270017122506,0.019731578203313713,0.4018132950398721,0.08450242658558911
OO4,0.31921355457551415,0.01424253806718054,0.5083410060951231,0.1582029012621822
