AA1,0.6054615177838073,0,0.3945384822161927,0
AI1,0.27447778293679287,0,0.6363929053433137,0.08912931171989348
AE1,0.2265044848786248,0.060581912977478426,0.49349545564021274,0.2194181465036839
AO1,0.2190161787049271,0.014238082786751052,0.5954680634370999,0.1712776750712219
IA1,0.2520363266907566,0.054863623312813824,0.47508513984991857,0.21801491014651092
II1,0.11944852807263441,0.023760688451667938,0.5746831459860079,0.2821076374896898
IE1,0.2854217307355831,0.06920948819188044,0.45664788642636855,0.18872089464616795
IO1,0.12194331341726862,0.018068746709205493,0.5792859838477777,0.2807019560257481
EA1,0,0.3761692358077409,0,0.6238307641922591
EI1,0,0.04891720147338314,0.2544453198241873,0.6966374787024296
EE1,0.2528052564149721,0.032173490344041974,0.5437270819838098,0.1712941712571761
EO1,0.05023871676110913,0.028312928029847147,0.4983801745357612,0.42306818067328256
OA1,0.15182643536958407,0.10610079137699184,0.3596687979617253,0.38240397529169873
OI1,0.048745990392436496,0.03397451180796851,0.4649507765525283,0.45232872124706675
OE1,0.2877547584098005,0.053467577794266544,0.4893343186879152,0.16944334510801765
OO1,0.06780707161444419,0.02255751982943446,0.5274878210601506,0.3821475874959708
AA2,0.29270430926981295,0.030810945651238233,0.49714085959845933,0.17934388548048955
AI2,0.07772659321626643,0.03229032697990826,0.5269857967800848,0.3629972830237406
AE2,0,0.33213894317706427,0,0.6678610568229356
AO2,0,0.054507572834473814,0.26907457480150276,0.6764178523640234
IA2,0.3591576019509272,0.028938769275553795,0.47240944208706703,0.1394941866864519
II2,0.17963318545201232,0.014911289032335316,0.6110604789798046,0.19439504653584777
IE2,0.4154523187718063,0.04299324473314644,0.4205430720411819,0.12101136445386555
IO2,0.19080441629589748,0.013116695786842509,0.6021953105604325,0.19388357735682765
EA2,0,0.33213894317706427,0,0.6678610568229356
EI2,0,0.04462652057312198,0.36771601854764785,0.5876574608792302
EE2,0.3688322192859527,0.020623480788146006,0.5010388769220641,0.10950542300383731
EO2,0.08143653973077784,0.023172499233328637,0.5847464634219015,0.31064449761399193
OA2,0.3736170285250127,0.06425343255854658,0.37601204361408247,0.1861174953023582
OI2,0.13894040698188995,0.016119980161648454,0.6131392932493435,0.23180031960711805
OE2,0.4104285499406963,0.018806283794994966,0.4799786805355011,0.09078648572880788
OO2,0.18695914182065201,0.008428443478197526,0.6192433318484871,0.18536908285266332
AA3,0.30944980050687465,0,0.5854793861385618,0.1050708133545634
AI3,0.3764896786448305,0,0.5487156335137523,0.07479468784141712
AE3,0.28503784465775084,0.11258961127461117,0.41735334799017915,0.18501919607745881
AO3,0.39218896146701826,0.027401118664152464,0.48036752136224714,0.10004239850658209
IA3,0.10913993111331696,0,0.6205686723287193,0.2702913965579638
II3,0.1738580171782951,0.05411447050814195,0.5210093287181142,0.25101818359544875
IE3,0.3366417183819677,0.16113279571139383,0.35457328036835245,0.14765220553828598
IO3,0.23433857751972378,0.08454252698606432,0.4692819637140955,0.2118369317801164
EA3,0,0.07927889407878994,0.2742102412361955,0.6465108646850145
EI3,0,0.12442736922465976,0.24172745973028237,0.6338451710450578
EE3,0.3342102999964898,0.045704891610232556,0.47128806308376386,0.1487967453095138
EO3,0.11479386094788645,0.11240995348025551,0.430974657790835,0.34182152778102304
OA3,0,0.025093265990698655,0.34768073982651054,0.6272259941827908
OI3,0.07730913592847821,0.07978996836687821,0.43174419484327725,0.41115670086136635
OE3,0.36051692368115,0.10044339485284001,0.39988076174473963,0.1391589197212704
OO3,0.1695332686227235,0.10889525632406225,0.44122402233247315,0.280347452720741
AA4,0.019633565507835852,0,0.5757248342908617,0.4046416002013024
AI4,0.10109239193881674,0.05213704793498657,0.47590740417027366,0.370863155955923
AE4,0,0.4628587986093504,0,0.5371412013906496
AO4,0.1003395869353921,0.10420585878370514,0.3671819143118283,0.42827263996907444
IA4,0.15021183075875735,0,0.639727605214585,0.21006056402665754
II4,0.23668830861678158,0.020226921327724755,0.5444363615391568,0.19864840851633703
IE4,0.4734039841953457,0.05658134306197701,0.3517469898886185,0.11826768285405871
IO4,0.32122060938802377,0.030327764116015444,0.48198196811807964,0.16646965837788116
EA4,0,0.049259144186646016,0.3480346981272561,0.6027061576860978
EI4,0,0.057051154816488016,0.3221965610478624,0.6207522841356496
EE4,0.4340760838577808,0.025131236962984426,0.4308942409620711,0.10989843821716366
EO4,0.16957639150803425,0.05922351302492748,0.48121169471967784,0.2899884007473605
OA4,0.09754823074569526,0.01589222946951474,0.5756684347556905,0.3108911050290996
OI4,0.1947365858291066,0.02026947509438595,0.5449132999152799,0.2400806391612275
OE4,0.48080692288229626,0.022568547342685916,0.40668115946232564,0.08994337031269219
OO4,0.3274413777352582,0.02349758086057537,0.4941796583403391,0.1548813830638273
