AA1,0.5330262152688356,0,0.4669737847311643,0
AI1,0.34306390791123326,0,0.5456057526288239,0.11133033945994282
AE1,0.2376297242322839,0.10572973314908293,0.3688859683601074,0.28775457425852585
AO1,0.21833511120203167,0.026116203044719448,0.5256989686115252,0.2298497171417237
IA1,0.3481579423052352,0.04284887529007072,0.4569060077022857,0.1520871747024083
II1,0.2386683347475989,0.02590655749374938,0.5100004769275978,0.22542463083105402
IE1,0.25027011636530977,0.11181044488611339,0.359226516077,0.2786929226715768
IO1,0.1670537929639224,0.030860591810430327,0.5141962891453127,0.28788932608033463
EA1,0,0.3832954481512678,0,0.6167045518487322
EI1,0,0.10537158813722775,0.3292447471981727,0.5653836646645994
EE1,0.2740761427568623,0.052423035779753845,0.45748768902515935,0.21601313243822448
EO1,0.08239495925879615,0.04977262713748959,0.45673554835512686,0.41109686524858735
OA1,0.16058992870735533,0.08885245967875452,0.4262697424032405,0.32428786921064956
OI1,0.10154796706371111,0.05094374327269613,0.47250889143191593,0.3749993982316767
OE1,0.2805668174418116,0.08651569949886577,0.3983067436144491,0.23461073944487354
OO1,0.08237758255094386,0.041837006531236676,0.4860309913922718,0.3897544195255477
AA2,0.3478090654898876,0.030662589240443995,0.47804764359833274,0.14348070167133573
AI2,0.1994467472305071,0.032321732430493445,0.5158917104210942,0.25233980991790517
AE2,0,0.33884769577383295,0,0.661152304226167
AO2,0,0.06777687569743801,0.4371166249166812,0.49510649938588075
IA2,0.3699311652348748,0.029450333297012975,0.4732056128066999,0.12741288866141212
II2,0.25402375827814566,0.018860255475149034,0.5314110697674053,0.19570491647930002
IE2,0.2892741804388717,0.08963862453710211,0.3737154401388156,0.24737175488521065
IO2,0.1876452339502668,0.025523221431231553,0.53295341348806,0.2538781311304416
EA2,0,0.33884769577383295,0,0.661152304226167
EI2,0,0.0892133709607503,0.37676859092646425,0.5340180381127855
EE2,0.3053806573023294,0.04291476141402209,0.46321260917312135,0.18849197211052715
EO2,0.09542225495484753,0.043515483255373126,0.49155138525915415,0.36951087653062514
OA2,0.3848727760186213,0.056948267742315664,0.4184772714292613,0.13970168480980186
OI2,0.26147576856743754,0.022755844631236668,0.5203329136891315,0.19543547311219434
OE2,0.3337662048858678,0.03996120550586683,0.46169295491076734,0.164579634697498
OO2,0.24672396801208688,0.02082682661210179,0.5301799440487924,0.20226926132701886
AA3,0.333238897359379,0,0.532496913762231,0.13426418887838998
AI3,0.37257990133419144,0,0.5203889936830066,0.10703110498280186
AE3,0.24587097733232005,0.13833831687784442,0.34213074814639166,0.27365995764344386
AO3,0.37775124314668507,0.041918790334864155,0.4541623630709684,0.1261676034474824
IA3,0.21832926515584888,0,0.5438628175020966,0.23780791734205434
II3,0.25678733975731827,0.04065296994530353,0.48461392166214945,0.2179457686352287
IE3,0.25824418152663153,0.14760397427823155,0.33086033927375685,0.2632915049213802
IO3,0.293271981798051,0.06757093988367581,0.4374188428088171,0.20173823550945616
EA3,0,0.12479016803621876,0.32087071104695636,0.5543391209168249
EI3,0,0.13443422006254963,0.31071172881286263,0.5548540511245876
EE3,0.2924346133665966,0.06285017612274023,0.4346218743385692,0.21009333617209394
EO3,0.17563426205986557,0.10338856175132617,0.3887366486672668,0.3322405275215414
OA3,0,0.039739797708032806,0.4596135672828537,0.5006466350091134
OI3,0.11258127273811888,0.07009691798357966,0.4500164171531722,0.3673053921251294
OE3,0.2936708128732471,0.11126468161364349,0.37139503109908206,0.22366947441402743
OO3,0.20937160812873734,0.08894769403805566,0.4228960285949264,0.2787846692382805
AA4,0.13484614194726566,0,0.5661090409469243,0.29904481710581005
AI4,0.20750096083717615,0.047411260183964896,0.48756975028223065,0.2575180286966282
AE4,0,0.4049472505107584,0,0.5950527494892417
AO4,0.2274634244814079,0.09287424266273235,0.4168065004186637,0.26285583243719607
IA4,0.2278700019604398,0,0.5548330621554279,0.21729693588413238
II4,0.2696958217542415,0.02646522593649597,0.5024279698538602,0.20141098245540218
IE4,0.29269618287409327,0.11321137530271218,0.34211676706818156,0.251975674755013
IO4,0.31128135562662185,0.04923814971691866,0.45237244971421836,0.18710804494224106
EA4,0,0.0997831353739503,0.3514429739061081,0.5487738907199416
EI4,0,0.10603381011156376,0.34189211190326707,0.5520740779851692
EE4,0.3177339326410793,0.0506761763616055,0.4356747852918675,0.1959151057054477
EO4,0.19273948463360063,0.08132243962045242,0.40932012157131686,0.31661795417463007
OA4,0.22803630902494423,0.022319229552301742,0.51016571657142,0.2394787448513339
OI4,0.2809785462449692,0.026868904788607137,0.49004052385973096,0.20211202510669277
OE4,0.34903269806053255,0.04681576345359805,0.43350681697525995,0.17064472151060953
OO4,0.35301615978648077,0.03581435054766913,0.4555077608364585,0.1556617288293916
