AA1,0.5420355003845598,0,0.4579644996154403,0
AI1,0.40846673883966655,0,0.5136439556554668,0.07788930550486658
AE1,0.2992645292714142,0.07681928180700795,0.35354440674108345,0.27037178218049435
AO1,0.22835465890433734,0.010623765868162816,0.5701693613138799,0.19085221391362003
IA1,0.44324765339779537,0.007574923510570945,0.4702523898660196,0.07892503322561403
II1,0.34397223968538954,0.006108287101536574,0.5091648580131706,0.14075461519990323
IE1,0.30387064375576417,0.07830807986324805,0.3502890078086784,0.26753226857230933
IO1,0.19539547729329043,0.011967203848314916,0.5650124891534875,0.22762482970490716
EA1,0,0.30666273363832613,0,0.6933372663616739
EI1,0,0.08480893683640409,0.4120571269035081,0.503133936260088
EE1,0.3420277603572826,0.031043974194852948,0.450285282666197,0.1766429827816675
EO1,0.14291028492846483,0.0309721425048711,0.47558719767536806,0.35053037489129596
OA1,0.22514539976763817,0.03194500811645371,0.5034456216179455,0.23946397049796259
OI1,0.1824097053606586,0.026399861047682428,0.5184235109880273,0.27276692260363167
OE1,0.33679904344062467,0.05712290213489488,0.40046595784869393,0.20561209657578647
OO1,0.11055369380414869,0.017965615785748176,0.5506001789116334,0.3208805114984697
AA2,0.41490560293181455,0.006700786974040249,0.4961722404250628,0.08222136966908246
AI2,0.30427995480772635,0.007164046739635188,0.5258582378567301,0.16269776059590832
AE2,0,0.27347179104857866,0,0.7265282089514213
AO2,0,0.02407284504757647,0.5903517690870715,0.385575385865352
IA2,0.42774476153784075,0.006473715500593708,0.4928351549615183,0.07294636800004728
II2,0.33368045168814836,0.0053828333092194635,0.5253309415130438,0.13560577348958838
IE2,0.3235477594379755,0.07125209396058702,0.3502689120993957,0.254931234502042
IO2,0.20670338714860143,0.011968964663630035,0.56288738285447,0.21844026533329858
EA2,0,0.27347179104857866,0,0.7265282089514213
EI2,0,0.0774749902236914,0.4377191928877034,0.48480581688860525
EE2,0.35191272042967126,0.028861810273098688,0.44811188566931726,0.1711135836279128
EO2,0.15219288364013886,0.02955354093183171,0.4834253857193564,0.33482818970867306
OA2,0.4452267985700423,0.018082605753664938,0.46132831280479286,0.07536228287149994
OI2,0.351738070624578,0.009976948126729286,0.5090910837532127,0.12919389749548002
OE2,0.36864918030223787,0.026214421915017994,0.4496477911412243,0.15548860664151978
OO2,0.2929399319055205,0.0074525078262524915,0.5343375545863147,0.16527000568191233
AA3,0.38881927454930376,0,0.5232852216954089,0.08789550375528736
AI3,0.4103444733895662,0,0.5135307092240278,0.076124817386406
AE3,0.3000795510851486,0.09491304647368906,0.3375153851010257,0.26749201734013645
AO3,0.43084770128020083,0.01357901718720796,0.4733936952564273,0.08217958627616392
IA3,0.3145164564427923,0,0.5319930834698426,0.153490460087365
II3,0.3435907227384237,0.00818379233376894,0.5062337158366633,0.14199176909114392
IE3,0.3047602975776695,0.09762442481740724,0.33337986932132324,0.2642354082836
IO3,0.37304490687812397,0.02890942557478351,0.45653497760143325,0.1415106899456591
EA3,0,0.08501824408586878,0.4038185880736987,0.5111631678404326
EI3,0,0.08682053297782621,0.4008068039057544,0.5123726631164194
EE3,0.34590618614700147,0.03306197620952881,0.44269937495526157,0.17833246268820807
EO3,0.25140574271321225,0.06149022651520259,0.40716651023682177,0.2799375205347634
OA3,0,0.014547902028583932,0.5959219899553234,0.3895301080160926
OI3,0.19035138122612805,0.02924479206345678,0.5030330035550215,0.27737082315539374
OE3,0.3393308279590736,0.06840735325064941,0.38771623613943124,0.20454558265084574
OO3,0.2606343878940067,0.0513967115598947,0.4473390243367618,0.24062987620933673
AA4,0.25756983543329404,0,0.5566383531687573,0.18579181139794854
AI4,0.2918617129475133,0.009749834452908753,0.5287319668708049,0.16965648572877312
AE4,0,0.30787980770756745,0,0.6921201922924325
AO4,0.32131356146706014,0.032498979550221095,0.47194135117504005,0.17424610780767866
IA4,0.29822674640850183,0,0.5500714839172329,0.15170176967426524
II4,0.32546312198516536,0.007120675491482569,0.526649075259046,0.140767127264306
IE4,0.31056253335921297,0.08567490176554783,0.3381621080790273,0.26560045679621175
IO4,0.35741986256798747,0.024550083164055353,0.4766984108230243,0.14133164344493288
EA4,0,0.07525607560396508,0.41160933577959,0.513134588616445
EI4,0,0.07625709597322991,0.40885794627306044,0.5148849577537096
EE4,0.34472879793027456,0.03120803026740439,0.4446510675126588,0.17941210428966214
EO4,0.24404018778053638,0.05515060592670306,0.4199921996370155,0.2808170066557451
OA4,0.3214540459422283,0.00884232097044667,0.5175774380268817,0.15212619506044317
OI4,0.34961498287504617,0.009506107519589932,0.5062416702573996,0.13463723934796412
OE4,0.36407465502478,0.02802997690965187,0.4451682838534149,0.16272708421215332
OO4,0.39336651644826304,0.015488349906396949,0.47772542218430436,0.11341971146103579
