AA1,0.4397632622253635,0,0.5602367377746365,0
AI1,0.24856476342584202,0,0.48680104380169803,0.26463419277245986
AE1,0.10135786206631357,0.32853538984436625,0.17613173348504257,0.39397501460427753
AO1,0.09918585511051746,0.23507300840479425,0.2828780812675408,0.3828630552171475
IA1,0.14874076065485972,0.2808979547021621,0.21351525190659942,0.35684603273637877
II1,0.11328460189621942,0.24226881821309137,0.24810838537326896,0.39633819451742036
IE1,0.1070210557165604,0.335116343084489,0.16928846618754542,0.38857413501140525
IO1,0.08403947800146695,0.23348321157442778,0.26310267641301405,0.41937463401109115
EA1,0,0.4817682025510695,0,0.5182317974489306
EI1,0,0.34540093418056333,0.14820238546865672,0.50639668035078
EE1,0.12755586639174554,0.2798729097441186,0.2279481996802487,0.36462302418388715
EO1,0.07972494315190089,0.2539748879578942,0.21706335670999224,0.44923681218021266
OA1,0.08055178869227507,0.36430188099827526,0.1391144195908683,0.41603191071858137
OI1,0.05781332332419231,0.2995087882130932,0.20776259761714821,0.4349152908455664
OE1,0.12265289790469691,0.3040974749815711,0.20575976621189596,0.367489860901836
OO1,0.07624565524601853,0.2545777559414918,0.23299211667837377,0.43618447213411593
AA2,0.16285113373856366,0.24790083075608632,0.24170005493045113,0.3475479805748989
AI2,0.11104874730991049,0.24254526123656509,0.24557093092723803,0.4008350605262863
AE2,0,0.4685683995219952,0,0.5314316004780048
AO2,0,0.3145478802291655,0.19145758611731017,0.49399453365352436
IA2,0.18373812081844312,0.2392942950443896,0.2498826168197857,0.32708496731738157
II2,0.13877503067005356,0.20471108604270105,0.2967736428413982,0.3597402404458471
IE2,0.15720752781196984,0.28706517800538045,0.2133493656577291,0.3423779285249207
IO2,0.12182643805886988,0.20013192566061397,0.31129586251825137,0.3667457737622648
EA2,0,0.4685683995219952,0,0.5314316004780048
EI2,0,0.3180385129847736,0.20741824190827443,0.474543245106952
EE2,0.17891924655903504,0.23388784502729787,0.27577479679530587,0.311418111618361
EO2,0.11279994229824754,0.22273528076475207,0.27540752959590087,0.3890572473410996
OA2,0.12709118268845354,0.33411168528069596,0.1546478549634379,0.3841492770674126
OI2,0.09290782504840385,0.23772015532842872,0.28920769618589304,0.3801643234372743
OE2,0.18831780846174767,0.22973862325030453,0.27931410879800284,0.30262945948994513
OO2,0.13262299102621572,0.19830344615268908,0.30956053074816187,0.35951303207293334
AA3,0.24162812618762797,0,0.4618234860194649,0.2965483877929071
AI3,0.2660584512011921,0,0.4706565753335353,0.26328497346527263
AE3,0.10529721353817824,0.35378611321238984,0.15924471049675168,0.3816719627526802
AO3,0.16513591221139978,0.2799841067842575,0.24232601164978976,0.3125539693545529
IA3,0.15864874088753073,0,0.41738711099597225,0.42396414811649696
II3,0.1162085081034302,0.2716213907174206,0.23280521209656044,0.3793648890825887
IE3,0.112086419558577,0.3604261047125175,0.15239783109617322,0.37508964463273226
IO3,0.13566305879322588,0.3002437947339651,0.2114003974546187,0.3526927490181903
EA3,0,0.3615547914376192,0.13972028837798287,0.49872492018439807
EI3,0,0.3681453895496062,0.13333257096653853,0.4985220394838554
EE3,0.13849563912467489,0.2984986652539987,0.2074899359989585,0.3555157596223679
EO3,0.09058752159996153,0.3352085387159214,0.1595372539198223,0.4146666857642947
OA3,0,0.3089048813042773,0.20362503058280956,0.48747008811291315
OI3,0.06266158651701524,0.32345139680360263,0.19279564125034088,0.4210913754290413
OE3,0.1318606972139933,0.32601684128576264,0.18651444357403665,0.35560801792620733
OO3,0.11177581938302074,0.32193425316746355,0.19072658001076911,0.3755633474387466
AA4,0.09277423899505746,0,0.45034055024319264,0.45688521076175
AI4,0.10417199664402119,0.2848685059283808,0.21884416482608035,0.39211533260151754
AE4,0,0.5061339991380256,0,0.4938660008619744
AO4,0.09315967588164495,0.34148490406732007,0.17299816913953028,0.3923572509115046
IA4,0.1854467245021949,0,0.44199341917797247,0.3725598563198327
II4,0.13543426072864836,0.24269415187652713,0.25966275836132474,0.3622088290334998
IE4,0.1492080280609697,0.33085676534249325,0.17178698743217205,0.34814821916436495
IO4,0.16448903044806498,0.27260106219383856,0.23286957087160048,0.3300403364864959
EA4,0,0.3506088315471312,0.16818009790382318,0.4812110705490457
EI4,0,0.35679108100601337,0.16081600654781023,0.48239291244617644
EE4,0.17642096765025833,0.27178535132804654,0.22674691282989295,0.3250467681918021
EO4,0.1174117532153721,0.3126706590652314,0.18279770848513108,0.38711987923426533
OA4,0.07362652738704666,0.2635612466676945,0.25688780054931826,0.40592442539594065
OI4,0.09302109970906487,0.2715246512106139,0.24405527572011704,0.39139897336020424
OE4,0.18621982816915858,0.26737068293525784,0.22991412322564916,0.31649536566993436
OO4,0.16675464593572037,0.26883755948445515,0.2291952380151008,0.33521255656472365
