AA1,0.4909415233303264,0,0.5090584766696735,0
AI1,0.1008491696369137,0,0.8720049953511275,0.027145835011958726
AE1,0.09956830253294086,0.24263530034510827,0.19661731869517535,0.4611790784267756
AO1,0.08899396825091013,0.021444721884646373,0.5204596603008816,0.3691016495635619
IA1,0.20393264281672052,0.09211135024605319,0.3891364630952583,0.31481954384196786
II1,0.0522851718272335,0.026726869023366944,0.48911157224856966,0.43187638690082986
IE1,0.1091779936327045,0.30045963223443795,0.18638726130210093,0.40397511283075666
IO1,0.030358874021003148,0.029538737908727054,0.4159558742921224,0.5241465137781474
EA1,0,0.6356753884165341,0,0.36432461158346585
EI1,0,0.1717090779457761,0.05685910654369457,0.7714318155105293
EE1,0.15035373287830983,0.11412395113898591,0.41783063684124067,0.3176916791414636
EO1,0.016531699115989562,0.057245428675928994,0.26044970839075204,0.6657731638173293
OA1,0.05648586663523982,0.26809309443659757,0.12364615016090014,0.5517748887672624
OI1,0.013688013163947762,0.07503414425339062,0.1871589198408474,0.7241189227418141
OE1,0.15605402479761676,0.19433118068495928,0.2987329837417472,0.3508818107756768
OO1,0.015450791222781713,0.03619589640688571,0.28172666650254624,0.6666266458677863
AA2,0.22049394389395155,0.04491420054525026,0.461844870444308,0.2727469851164901
AI2,0.03266408710547233,0.039607834032154725,0.4889473840906001,0.43878069477177284
AE2,0,0.5753989739191242,0,0.4246010260808758
AO2,0,0.09487922306215538,0.13712447300158592,0.7679963039362587
IA2,0.337060455643716,0.035373347435916316,0.461720593089722,0.1658456038306457
II2,0.07526738818246699,0.010962593580293892,0.6908018596878187,0.2229681585494204
IE2,0.3241949229724692,0.1668520204693944,0.23420004341054948,0.274753013147587
IO2,0.04469625038465875,0.015888259444554336,0.6302481434430723,0.30916734672771456
EA2,0,0.5753989739191242,0,0.4246010260808758
EI2,0,0.14368323592367954,0.09711888767756814,0.7591978763987522
EE2,0.41628699115776946,0.045428556531317464,0.3999222275916769,0.13836222471923607
EO2,0.023188025476542924,0.04055804986763781,0.4600585927246052,0.47619533193121405
OA2,0.2549539921303523,0.23376927199851022,0.1742349415426848,0.33704179432845266
OI2,0.0642589907352547,0.03497930374431718,0.46594383597972805,0.4348178695407002
OE2,0.4994733100385666,0.034620828745789825,0.3684982350324205,0.09740762618322302
OO2,0.05796929476166681,0.011945922618666022,0.6909014993208524,0.23918328329881483
AA3,0.23126937068142825,0,0.725821345137576,0.04290928418099568
AI3,0.3660064039910176,0,0.6125081345049788,0.021485461504003624
AE3,0.10141886737913205,0.42357340195809784,0.14335707347429474,0.33165065718847553
AO3,0.3900655316982825,0.07559860797954598,0.3791097073712648,0.15522615295090675
IA3,0.03527863344241417,0,0.7578264793950584,0.20689488716252738
II3,0.12631510454019113,0.09731757229028226,0.404726968257181,0.3716403549123457
IE3,0.10966936864080463,0.5087304551312786,0.12162533158701645,0.25997484464090037
IO3,0.162896109681282,0.22874944390371332,0.25112735458599195,0.3572270918290128
EA3,0,0.29511073216831324,0.05151198905294998,0.6533772787787367
EI3,0,0.3451479433339779,0.042926306175255474,0.6119257504907666
EE3,0.24474432887530342,0.17325922880142042,0.3238051167896806,0.25819132553359553
EO3,0.03409290481995144,0.36576134534426663,0.12511873224377124,0.47502701759201066
OA3,0,0.0672300002918868,0.1423538143804479,0.7904161853276653
OI3,0.051331299591073826,0.18081736704856258,0.15571142997280818,0.6121399033875554
OE3,0.22052130139652806,0.3082796910976216,0.21533720887973276,0.2558617986261177
OO3,0.07591469344685366,0.3124465311353776,0.14894690819383635,0.4626918672239324
AA4,0.009105063875237381,0,0.7061133828119642,0.2847815533127984
AI4,0.06379226080063848,0.08232479518558866,0.34236636544423554,0.5115165785695374
AE4,0,0.6833146771049226,0,0.3166853228950774
AO4,0.05327221986836803,0.23234379088228196,0.16822599379900713,0.5461579954503429
IA4,0.052225338777907346,0,0.8098259417190014,0.13794871950309143
II4,0.18152228708172718,0.024772918380727576,0.47596264587230064,0.3177421486652446
IE4,0.32625448993204414,0.23479994517553265,0.17122858786156617,0.26771697703085706
IO4,0.262474348425932,0.09125796674207601,0.3120385173962366,0.33422916743575554
EA4,0,0.17175044423003108,0.07600924444527027,0.7522403113246986
EI4,0,0.19919592274172915,0.0658112878644108,0.7349927893938601
EE4,0.5102119145606815,0.06701957127121909,0.2627109325687734,0.16005758159932607
EO4,0.05812128069154995,0.21770196180762993,0.1847801379913602,0.5393966195094599
OA4,0.056823577223602616,0.03379935292233524,0.34528468022757275,0.5640923896264893
OI4,0.17064397746434182,0.056156344265559203,0.31757600080098797,0.4556236774691111
OE4,0.610300145227326,0.04959211490735771,0.22946566371015584,0.11064207615516047
OO4,0.34585850641598376,0.07608186816918287,0.31251771036227655,0.2655419150525568
