AA1,0.478732262326238,0,0.521267737673762,0
AI1,0.10782908103806502,0,0.7199779403213551,0.17219297864057997
AE1,0.017571420073441084,0.4130131165632658,0.06598220538088294,0.5034332579824102
AO1,0.018876909585315675,0.21996519012548377,0.2597238058488335,0.501434094440367
IA1,0.1789180707153926,0.2624630831942495,0.27102396647720206,0.28759487961315583
II1,0.04743437658227132,0.18926034527767258,0.33799824756265573,0.4253070305774003
IE1,0.020221896317069638,0.43471183400702573,0.05821722309869118,0.48684904657721334
IO1,0.01501199894421245,0.2337051754479019,0.22723123312153848,0.5240515924863471
EA1,0,0.5586017780887154,0,0.4413982219112847
EI1,0,0.21675754916584855,0.14191619893689647,0.641326251897255
EE1,0.055705528030858154,0.19733616218706743,0.3119887763724043,0.43496953340967004
EO1,0.020779503236948126,0.15846494159955132,0.27214596867172725,0.5486095864917733
OA1,0.09029345990540379,0.3652984431994402,0.13699162663963116,0.4074164702555249
OI1,0.031587207526801726,0.21379761341867679,0.20823266440439564,0.5463825146501259
OE1,0.04033020497268153,0.35223462528941646,0.1526104723245991,0.45482469741330295
OO1,0.013723582530701429,0.20782574802964215,0.21083112846056726,0.5676195409790892
AA2,0.22788333471007394,0.19699043535104857,0.3104329741090266,0.26469325582985087
AI2,0.04170736322371322,0.19084401599087483,0.35264600594129897,0.41480261484411296
AE2,0,0.5242411688762049,0,0.475758831123795
AO2,0,0.29954236225847536,0.13020925061257418,0.5702483871289504
IA2,0.26968286128902325,0.1864212238830608,0.3107924312868924,0.2331034835410237
II2,0.06543759195639806,0.1453790951761832,0.42397297287899627,0.3652103399884225
IE2,0.058997953696908384,0.39452711344494884,0.08948720467893785,0.45698772817920486
IO2,0.03276587928801958,0.20529241574122975,0.28856612877964044,0.47337557619111026
EA2,0,0.5242411688762049,0,0.475758831123795
EI2,0,0.20171262764871165,0.18752149334471832,0.6107658790065699
EE2,0.14321887722765225,0.15023824533952768,0.36521375928922745,0.3413291181435925
EO2,0.041529224703253736,0.13449697601789462,0.36115424237509586,0.46281955690375576
OA2,0.19314707107588514,0.3197565560379172,0.15587352566135404,0.3312228472248436
OI2,0.05838342644118669,0.11116487609417146,0.38992919301698525,0.44052250444765656
OE2,0.20196818446621226,0.13655778620721606,0.37348934884245355,0.2879846804841181
OO2,0.09095458501789098,0.08820854390546475,0.45456578296479094,0.36627108811185327
AA3,0.14779855700555442,0,0.6282676206683203,0.22393382232612524
AI3,0.27243512770510625,0,0.576386758973814,0.15117811332107983
AE3,0.030052632174428065,0.49607629046073864,0.051685475770813116,0.4221856015940201
AO3,0.1270334366166643,0.34885026187993434,0.15881514448586345,0.365301157017538
IA3,0.07164632730473747,0,0.6126471682154235,0.3157065044798391
II3,0.11290837641031122,0.24788349166852897,0.2785523932598949,0.3606557386612649
IE3,0.03840950472997011,0.5203935515613292,0.044304429547066385,0.39689251416163435
IO3,0.10072706463256924,0.38013072013099525,0.13418925382659638,0.38495296140983915
EA3,0,0.25566654949973633,0.12543084552887246,0.6189026049713913
EI3,0,0.26746207824887014,0.12000569225078501,0.6125322295003449
EE3,0.1457295261122059,0.2102776927954239,0.2514180005640622,0.3925747805283079
EO3,0.06323858415119793,0.25830665986318213,0.2050832380221201,0.47337151796349985
OA3,0,0.1487895336379665,0.22393740176186291,0.6272730646001706
OI3,0.07669885803288988,0.2684252622574896,0.17470750028534576,0.4801683794242748
OE3,0.09346337822076006,0.39926928120527727,0.12165171234852898,0.38561562822543366
OO3,0.08970477821444887,0.3564377429215434,0.14102570174205445,0.4128317771219533
AA4,0.03315469729711245,0,0.6132141467269056,0.3536311559759821
AI4,0.06990898418219246,0.2709967729070356,0.26385455452481804,0.3952396883859539
AE4,0,0.6114121603557199,0,0.3885878396442802
AO4,0.039415886126359406,0.4568795296149137,0.0809225576439532,0.42278202661477365
IA4,0.09910923890983504,0,0.6325926704639669,0.268298090626198
II4,0.13134567763161079,0.20433740851367752,0.31099107121191427,0.35332584264279737
IE4,0.06233719924678679,0.47200329597025664,0.053041594908449535,0.412617909874507
IO4,0.12113418050931088,0.34148096115976556,0.149067291036779,0.3883175672941446
EA4,0,0.23434188649847018,0.13782598831189855,0.6278321251896312
EI4,0,0.24284746685328712,0.13223100591887627,0.6249215272278366
EE4,0.18041644556937844,0.18923572031755648,0.2572230970928356,0.3731247370202296
EO4,0.07506483643439882,0.2355738359922484,0.21996504891475743,0.46939627865859546
OA4,0.05734207964073051,0.1263636623336689,0.30628453770888825,0.5100097203167123
OI4,0.1450374254355621,0.13462270638425636,0.28220278314102826,0.4381370850391533
OE4,0.2621457637699112,0.16965396536584607,0.255724147631655,0.3124761232325878
OO4,0.2369778828207865,0.156185186626848,0.27425692238573496,0.3325800081666307
