AA1,0.594015465149997,0,0.405984534850003,0
AI1,0.4600684659955689,0,0.5218307398765041,0.018100794127927006
AE1,0.3963366562422206,0.06583191846871993,0.3664706605991184,0.1713607646899412
AO1,0.3026752432737694,0.00969814954764203,0.5685746045656785,0.11905200261291009
IA1,0.5182327792978715,0.002857519089068321,0.453920733373335,0.02498896823972529
II1,0.40988242404987757,0.002948259716488195,0.5423637986811091,0.04480551755252514
IE1,0.4038477116518869,0.0675949809346548,0.36231257227917585,0.1662447351342826
IO1,0.2731607943954669,0.010893241747364054,0.5796352944134376,0.13631066944373135
EA1,0,0.3601252409304939,0,0.6398747590695061
EI1,0,0.060254133816465,0.3818816452389126,0.5578642209446224
EE1,0.4432882885783047,0.021365911170155766,0.4781567313960458,0.057189068855493685
EO1,0.15096525608664713,0.02321930293316957,0.5711187571447877,0.25469668383539557
OA1,0.29964319959558916,0.01459858851389097,0.4992661577500306,0.1864920541404892
OI1,0.2319076576949383,0.010861760483238201,0.5480701760442589,0.20916040577756462
OE1,0.45036380722384567,0.03869984336627231,0.428978275411748,0.08195807399813416
OO1,0.12054903650267398,0.01525546116362633,0.5927812900327779,0.2714142123009218
AA2,0.4919214668585639,0.0025041811775214067,0.4768211085211884,0.028753243442726166
AI2,0.3650828411134045,0.0028684006811273907,0.5690369087617031,0.06301184944376509
AE2,0,0.29777427053620714,0,0.7022257294637929
AO2,0,0.023619916606310257,0.5332125072038151,0.44316757618987457
IA2,0.49967189483065877,0.0024422810055149437,0.47347233701563013,0.024413487148196168
II2,0.39796153803880796,0.0025373808993212794,0.5541883187030738,0.04531276235879687
IE2,0.41738495116424906,0.05664919114863541,0.3604432671541557,0.16552259053295995
IO2,0.27534992376672807,0.009584722114579478,0.576355002274971,0.13871035184372152
EA2,0,0.29777427053620714,0,0.7022257294637929
EI2,0,0.05439581209446888,0.42107998001381397,0.5245242078917172
EE2,0.4564712421295377,0.019702933579248422,0.4660705302734818,0.05775529401773206
EO2,0.1511219039596043,0.02197226437349285,0.5673149222660668,0.25959090940083607
OA2,0.5360182291813412,0.006605048589683012,0.43284553478531823,0.02453118744365757
OI2,0.43416073082590156,0.004518095918931955,0.5262279419017867,0.035093231353379814
OE2,0.47825251136961255,0.017315765631394038,0.45833646098581876,0.04609526201317439
OO2,0.37700039967493354,0.009270668453626604,0.5576866095691098,0.05604232230233017
AA3,0.4428239395552055,0,0.5318053509207524,0.025370709524042162
AI3,0.46992622734598893,0,0.5116324461711953,0.018441326482815875
AE3,0.3712872327277892,0.10368223101366751,0.3467626688874101,0.17826786737113332
AO3,0.5155397393017598,0.012542482977397806,0.447171204685586,0.02474657303525636
IA3,0.3672527839144839,0,0.570256653436325,0.06249056264919101
II3,0.4174915489128772,0.0033418575668525945,0.5320475143905242,0.047119079129745785
IE3,0.3761234722541073,0.11179376271967918,0.33960869249459813,0.1724740725316153
IO3,0.48408177142229114,0.01850041362216889,0.4512799513535709,0.046137863601969115
EA3,0,0.08104120127377107,0.3717006943268309,0.547258104399398
EI3,0,0.08428438913818927,0.36763659967506757,0.5480790111867431
EE3,0.4483415144736816,0.022354224866672632,0.4681586100087893,0.061145650650856545
EO3,0.367365052828247,0.038754762549499604,0.4714029357784847,0.1224772488437689
OA3,0,0.009403395933075088,0.5661829005031997,0.42441370356372515
OI3,0.24763967302284393,0.016451548331698807,0.5113547706971816,0.2245540079482758
OE3,0.446801607157074,0.04968087525574615,0.4162098651518399,0.08730765243534008
OO3,0.3517669459933035,0.0679629963019301,0.40115453311780613,0.17911552458696023
AA4,0.2874113990836248,0,0.6049987790941045,0.10758982182227085
AI4,0.35766961464225583,0.0033296148929310024,0.5642712784892934,0.07472949197552
AE4,0,0.3448630029385687,0,0.6551369970614314
AO4,0.4241835963509574,0.020292484026282583,0.4789143605527114,0.07660955907004867
IA4,0.3459072916821663,0,0.5854006456676925,0.06869206265014133
II4,0.3949608715201162,0.0027889644720598284,0.5494629269934058,0.05278723701441804
IE4,0.38569216680705437,0.07102053954720658,0.34305277759481134,0.20023451605092768
IO4,0.4613430383223535,0.01287920173842654,0.47360797110849656,0.052169788830723575
EA4,0,0.0548166362691529,0.35195715265235333,0.5932262110784938
EI4,0,0.055831080514730624,0.3487247131707954,0.595444206314474
EE4,0.44756004442806435,0.021649116565938993,0.460881032916324,0.06990980608967252
EO4,0.3470288193409779,0.03376364281623307,0.47860195602960454,0.14060558181318458
OA4,0.4034755823135525,0.004807705242843957,0.5371733261233282,0.05454338632027531
OI4,0.4453013498750004,0.004812080392624896,0.5092041951387537,0.040682374593621
OE4,0.47307798117775063,0.01886483237694795,0.45232163647542534,0.055735549969876036
OO4,0.5178901628805457,0.009085496392226429,0.4524009677054365,0.020623373021791437
