AA1,0.4438101370455346,0,0.5561898629544654,0
AI1,0.22769842656891975,0,0.594441918074612,0.17785965535646825
AE1,0.06861845980519228,0.3710433947160025,0.13796771233877805,0.4223704331400271
AO1,0.06753765081479832,0.24371529669453793,0.2755413901969939,0.4132056622936699
IA1,0.08918025791018819,0.3186689797424392,0.18467534924056098,0.4074754131068117
II1,0.06276059791571717,0.2700186729106066,0.2153983355947677,0.4518223935789085
IE1,0.0732061817926216,0.37964127488365185,0.13113706100296912,0.4160154823207575
IO1,0.039052367450665586,0.24039313733773846,0.24230044929872316,0.47825404591287285
EA1,0,0.5140018018502199,0,0.48599819814978007
EI1,0,0.37402965135280963,0.08801277455670918,0.5379575740904812
EE1,0.10793816339709522,0.30196310361665335,0.21938023822089703,0.37071849476535446
EO1,0.029359022806599404,0.24813385105055843,0.19351219221152752,0.5289949339313147
OA1,0.03723998488357601,0.4182146425363532,0.09132841355508856,0.4532169590249824
OI1,0.02931608467186598,0.3211986959090433,0.1502969309964073,0.4991882884226834
OE1,0.09228223455802569,0.33961813818031794,0.18259218684613168,0.38550744041552465
OO1,0.023701856717631125,0.24169885179952685,0.20288012596178615,0.5317191655210559
AA2,0.11699231014572792,0.26435103942460847,0.23140039722070355,0.38725625320896007
AI2,0.06393579528521919,0.25865371406320675,0.2366350157751599,0.4407754748764143
AE2,0,0.49534510197055404,0,0.5046548980294459
AO2,0,0.32116065928425586,0.15693601355979742,0.5219033271559466
IA2,0.14367291841423657,0.25729246829756636,0.23785096335526013,0.3611836499329369
II2,0.0943603773045225,0.22133948899713662,0.2816494326247369,0.4026507010736041
IE2,0.1328986596856877,0.32507089606632233,0.17720976897422275,0.3648206752737674
IO2,0.06659011553543924,0.20963589976663619,0.3070492881668833,0.41672469653104127
EA2,0,0.49534510197055404,0,0.5046548980294459
EI2,0,0.3505688397857537,0.13726611038149156,0.5121650498327546
EE2,0.18116018710299575,0.2421643990299468,0.2752674632143533,0.3014079506527042
EO2,0.049473735770849736,0.2249099632581757,0.27567161712645105,0.4499446838445234
OA2,0.08110546001653521,0.3954597357768876,0.09701921813296854,0.4264155860736085
OI2,0.059208311833566604,0.27044002762032776,0.22970981136043356,0.440641849185672
OE2,0.19821990579891902,0.2336899509677111,0.2815007482624064,0.2865893949709635
OO2,0.0817309050570189,0.1946477658650847,0.3198114630607174,0.403809866017179
AA3,0.22656059917154842,0,0.5571737311064874,0.2162656697219643
AI3,0.27383754013655115,0,0.5552806917525157,0.17088176811093317
AE3,0.07292556753184147,0.3920381807903891,0.127445824032406,0.4075904276453635
AO3,0.1476557475901034,0.29756167851301596,0.23472628826445294,0.3200562856324278
IA3,0.08899969869750599,0,0.4711103293122134,0.4398899719902807
II3,0.06869693361573218,0.3038445810477089,0.20280034538201702,0.4246581399545419
IE3,0.07996473992222089,0.40115854189904815,0.12091686645379834,0.39795985172493265
IO3,0.07437416828768725,0.3595522871892459,0.15961817843426823,0.4064553660887985
EA3,0,0.37919231205189347,0.07940033954712689,0.5414073484009797
EI3,0,0.38455588746372665,0.07632471951633404,0.5391193930199392
EE3,0.12741708027045573,0.31276752504246075,0.19991357191725592,0.3599018227698275
EO3,0.044512002807996276,0.3829911921789326,0.1024023901073851,0.4700944149056861
OA3,0,0.3058283176977952,0.14858566537900675,0.5455860169231981
OI3,0.031712399509374614,0.3394642592191768,0.14040022159199095,0.4884231196794576
OE3,0.10689777320438798,0.354449223843047,0.16769325338147112,0.3709597495710939
OO3,0.05602447676831475,0.37581510391462347,0.13007907024483037,0.43808134907223134
AA4,0.04765647178130231,0,0.4987246009039046,0.45361892731479314
AI4,0.06029948831272127,0.3055421316505454,0.20716671228089398,0.42699166775583935
AE4,0,0.5287565717021214,0,0.47124342829787874
AO4,0.052388606745378236,0.3879542853018178,0.13678300954291484,0.42287409840988915
IA4,0.12054004593797703,0,0.5199848249695666,0.3594751290924565
II4,0.09594292161468147,0.25908503575167563,0.2449183040341625,0.40005373859948057
IE4,0.1293492817607101,0.3623517763885662,0.14336399784120754,0.3649349440095161
IO4,0.10651982008760179,0.3211171077548846,0.18904226707969968,0.38332080507781396
EA4,0,0.37236467565120623,0.10209185355814696,0.5255434707906468
EI4,0,0.3771068032844885,0.09820712703435783,0.5246860696811538
EE4,0.18576691912899268,0.27766502063896753,0.2210726814993722,0.3154953787326676
EO4,0.05888204115922573,0.367491712567932,0.12738114166313091,0.4462451046097114
OA4,0.04424836697380143,0.2849710240760069,0.19483294816896043,0.4759476607812313
OI4,0.06185794299449323,0.2982217000836239,0.1837485924399474,0.45617176448193547
OE4,0.205106512295831,0.26865418516758627,0.22465015513232106,0.30158914740426174
OO4,0.11919354867636515,0.3139313020431944,0.17891193015768259,0.3879632191227578
