AA1,0.4598752067118017,0,0.5401247932881983,0
AI1,0.2298797072956036,0,0.591363425576674,0.17875686712772246
AE1,0.06479834814383789,0.3957301475286185,0.11199798981754781,0.4274735145099958
AO1,0.06695949392391008,0.2067405594336371,0.29064471068255104,0.43565523595990174
IA1,0.14399316173547852,0.2748270073944105,0.24218295457957012,0.3389968762905409
II1,0.08285161457516052,0.22865991673611025,0.2744925102172943,0.41399595847143483
IE1,0.06777800367184798,0.40544794023480457,0.10660506804383879,0.4201689880495086
IO1,0.04570826866676081,0.20693878304815472,0.2615445956607874,0.485808352624297
EA1,0,0.5212316009504405,0,0.47876839904955953
EI1,0,0.39396316505746176,0.0633278306597197,0.5427090042828184
EE1,0.0796876173208616,0.36174878406253164,0.15901558924656528,0.3995480093700416
EO1,0.03715362676689235,0.3076249227235266,0.14624544333829848,0.5089760071712826
OA1,0.07368904503325656,0.38616860831373506,0.11118823189043617,0.4289541147625722
OI1,0.03751519057200071,0.3074506154123669,0.16060968048613575,0.4944245135294965
OE1,0.07606092285718893,0.379303804009209,0.13880964220895284,0.4058256309246493
OO1,0.035538407741154514,0.27163496813622473,0.17295654026323684,0.5198700838593839
AA2,0.16933749771749215,0.2218599371218062,0.2847190324503106,0.3240835327103911
AI2,0.08227473736141741,0.22071579427571553,0.2932147354105464,0.4037947329523207
AE2,0,0.49993707470519716,0,0.5000629252948028
AO2,0,0.2727980409518217,0.19148471502947922,0.535717244018699
IA2,0.21722679482955046,0.2086150858437246,0.2907135753399801,0.28344454398674473
II2,0.12603066852664999,0.18149632120236825,0.3378427830326978,0.3546302272382839
IE2,0.12627868974353665,0.34965824532718515,0.15193952727906188,0.3721235376502164
IO2,0.07755732958454746,0.17420124614441834,0.32273753685910317,0.42550388741193107
EA2,0,0.49993707470519716,0,0.5000629252948028
EI2,0,0.38096996314601966,0.09798844839877931,0.5210415884552011
EE2,0.1471909937348166,0.301486618824553,0.2139338939198745,0.33738849352075584
EO2,0.061965882150445545,0.2797656408581544,0.21672995148397767,0.44153852550742245
OA2,0.1306391061996731,0.3525749145584858,0.1403274170821279,0.3764585621597133
OI2,0.07724833395491831,0.26451724311180524,0.2381228942738089,0.42011152865946744
OE2,0.15659976842406415,0.29629728655697035,0.21794130802567188,0.32916163699329365
OO2,0.08029968826921106,0.23582203202757368,0.26393078292730954,0.41994749677590576
AA3,0.23564459729899354,0,0.5551638939423885,0.2091915087586179
AI3,0.278766689111805,0,0.5497267049200073,0.17150660596818762
AE3,0.06892206694670255,0.4098839012652806,0.10519999682084137,0.4159940349671756
AO3,0.1649805650486431,0.2903261823371093,0.22409053870226503,0.32060271391198253
IA3,0.10934568302185561,0,0.5064509161599808,0.3842034008181635
II3,0.1066883666498195,0.263132500019709,0.25207089636638363,0.3781082369640879
IE3,0.07272607787832097,0.4209609832644465,0.09963581621054181,0.4066771226466907
IO3,0.1253764407907839,0.29775775863125475,0.21443461385798124,0.3624311867199802
EA3,0,0.40162915734519755,0.06192382389883437,0.5364470187559681
EI3,0,0.4134464591548589,0.0563277586736799,0.5302257821714611
EE3,0.09657122699222072,0.36700425042821627,0.14727001965027148,0.38915450292929143
EO3,0.046700062382212484,0.4040711916612049,0.08344401168669778,0.46578473426988487
OA3,0,0.3018264877543303,0.13936945344560578,0.5588040588000638
OI3,0.06434538838500499,0.3255727480624904,0.14653489148681537,0.4635469720656893
OE3,0.08820157639615898,0.38772791508790744,0.12958039876292865,0.39449010975300497
OO3,0.07857589081788371,0.3609115008617239,0.12994830056252574,0.4305643077578667
AA4,0.04095596659416514,0,0.519149601587481,0.4398944318183538
AI4,0.08893588784566187,0.2686508975757449,0.2461745896500121,0.39623862492858125
AE4,0,0.5396019966870859,0,0.4603980033129142
AO4,0.08018138664134672,0.33076128711063685,0.18605516159665522,0.40300216465136124
IA4,0.158100293184924,0,0.5283865653019091,0.31351314151316695
II4,0.14719739744715452,0.21471398146171625,0.2816737153336346,0.35641490575749457
IE4,0.12065516115975768,0.38414171063506436,0.11832239324207054,0.3768807349631074
IO4,0.1726355938851749,0.2515130262619879,0.23546211265158223,0.340389267201255
EA4,0,0.398121946376583,0.07846175116738899,0.5234163024560281
EI4,0,0.406919306951972,0.07155370188278735,0.5215269911652406
EE4,0.1473537438043765,0.3356524241081827,0.16455935661747714,0.35243447546996365
EO4,0.06427221568239207,0.3890683039721209,0.1014720697302677,0.44518741061521944
OA4,0.05223098618417648,0.2772021126827942,0.20978590302997233,0.460780998103057
OI4,0.10626458623074823,0.2876260606237213,0.18713394818147353,0.418975404964057
OE4,0.15692619172021888,0.3310084915317368,0.16670736757312798,0.34535794917491625
OO4,0.13760240413134303,0.320560891986021,0.1617766691724987,0.38006003471013733
