AA1,0.47411084456595787,0,0.5258891554340422,0
AI1,0.2132108234880115,0,0.6857166650461951,0.10107251146579348
AE1,0.04400238609805876,0.4022423810657085,0.11404191071466707,0.4397133221215657
AO1,0.04492416813824944,0.20374596248300222,0.3204121035385121,0.43091776584023617
IA1,0.1292401853059348,0.28684218086747176,0.24749822640680846,0.3364194074197849
II1,0.0773809736971205,0.2190471098451251,0.29818595951592936,0.40538595694182505
IE1,0.04921150647236899,0.41540541432128425,0.10429460130387748,0.43108847790246935
IO1,0.016851784609070268,0.20494766473513185,0.2869426990057495,0.49125785165004837
EA1,0,0.5338533794205054,0,0.4661466205794947
EI1,0,0.32003893961471624,0.05442629930169549,0.6255347610835882
EE1,0.08769877868998976,0.3162928701394721,0.1961074634705534,0.3999008876999847
EO1,0.019992661483060566,0.2475129863866479,0.1710446886264962,0.5614496635037953
OA1,0.04398080827731604,0.3963649865986035,0.10562343807703847,0.45403076704704204
OI1,0.02275098592135047,0.26417744520724457,0.153509998476375,0.5595615703950299
OE1,0.08123579566995061,0.360814881175902,0.1552091796442579,0.4027401435098895
OO1,0.017395851876423445,0.21718883861978364,0.19399325157836317,0.5714220579254298
AA2,0.16433784620721842,0.21582482198858116,0.30362949343938267,0.31620783836481775
AI2,0.07068889414002513,0.22044354722014214,0.3253404942920415,0.38352706434779127
AE2,0,0.5039111751252889,0,0.496088824874711
AO2,0,0.26382216791907764,0.18433675019140383,0.5518410818895185
IA2,0.21907724007819704,0.2029572139106988,0.30358190527192197,0.27438364073918226
II2,0.11146345614089101,0.170364295353825,0.37986374586626703,0.3383085026390169
IE2,0.11848670408754292,0.35689487292880856,0.1478251037039385,0.3767933192797101
IO2,0.02998884891535537,0.1759590203596128,0.3660057734304893,0.4280463572945425
EA2,0,0.5039111751252889,0,0.496088824874711
EI2,0,0.3164482033464943,0.09298424261700086,0.5905675540365048
EE2,0.18049230480391235,0.24659920831547347,0.258576949452387,0.3143315374282273
EO2,0.028262736116095567,0.22476740961914454,0.2718669038703633,0.47510295039439654
OA2,0.15037558573344154,0.3431780486583536,0.12499679106725221,0.38144957454095274
OI2,0.08343242235297572,0.22024374929476015,0.2512902427528004,0.4450335855994636
OE2,0.20353058484985193,0.23815428241623413,0.26134623379036304,0.29696889894355094
OO2,0.04789663706540206,0.17533325962531537,0.3525013868890611,0.42426871642022146
AA3,0.23783469581390285,0,0.6316669219754881,0.13049838221060892
AI3,0.2991712265087923,0,0.60876650604489,0.09206226744631768
AE3,0.04991901714166599,0.4324284135506159,0.10292562969162261,0.4147269396160956
AO3,0.180002588695585,0.2787202794855664,0.24307515550620856,0.2982019763126401
IA3,0.07955821916995036,0,0.602515400633027,0.31792638019702263
II3,0.09973578182993707,0.29778957644965703,0.2527822134866526,0.34969242823375324
IE3,0.058774222755245936,0.45256946576901147,0.0919771051802122,0.3966792062955304
IO3,0.1005736703632966,0.3407745537424917,0.19137345990545387,0.36727831598875776
EA3,0,0.344512765471582,0.052185517363152086,0.6033017171652659
EI3,0,0.3609177645483633,0.04639788986213338,0.5926843455895033
EE3,0.11543931856757254,0.31914276173024647,0.17855381569820597,0.38686410400397503
EO3,0.03365307782784742,0.38348262921402065,0.0880045291350797,0.4948597638230522
OA3,0,0.23247605136689595,0.1267823799816307,0.6407415686514734
OI3,0.049457218406978455,0.28933538187320695,0.1361886578704465,0.5250187418493679
OE3,0.10722778721891983,0.3718268549933997,0.14067707577553482,0.38026828201214563
OO3,0.056739040869060925,0.3703210937104994,0.12394639451868351,0.4489934709017561
AA4,0.02995351582259979,0,0.5882592588090676,0.3817872253683325
AI4,0.07618810037706998,0.28769829231172867,0.26453654569184076,0.37157706161936055
AE4,0,0.564649914992217,0,0.43535008500778316
AO4,0.061833122150389615,0.37747598025508644,0.15775882620473572,0.40293207138978815
IA4,0.12121969194937861,0,0.6306630994240768,0.24811720862654468
II4,0.14307296089368282,0.20896689703578714,0.3083625080721382,0.33959763399839193
IE4,0.11388219579218964,0.3917898255393084,0.11481759571970007,0.3795103829488018
IO4,0.1506977448999105,0.27008213901326616,0.22570202477174983,0.35351809131507356
EA4,0,0.32859194163262057,0.06842176223862967,0.6029862961287498
EI4,0,0.3348121740341493,0.06187911423605856,0.6033087117297921
EE4,0.187484697534189,0.2789974105413024,0.19390763897568103,0.33961025294882763
EO4,0.04380435123580836,0.358837275933876,0.10860530301551477,0.4887530698148009
OA4,0.058699698649267405,0.23187330759451075,0.21458972821970462,0.49483726553651725
OI4,0.12853480522612667,0.235249133105772,0.1886196296024404,0.4475964320656611
OE4,0.21500603868313053,0.2691451503378204,0.19412480001090132,0.3217240109681479
OO4,0.15273464660255612,0.2800815564156763,0.18001418102208933,0.38716961595967836
