AA1,0.42556331549779486,0,0.5744366845022052,0
AI1,0.21878182717564162,0,0.5898822052299164,0.19133596759444205
AE1,0.07356869893043025,0.33403666704473806,0.18503980889247887,0.4073548251323529
AO1,0.07396826927528456,0.21343359681896976,0.3144926991468422,0.3981054347589036
IA1,0.055931296876909196,0.31101448354805683,0.1778853619316047,0.45516885764342924
II1,0.03498434683867278,0.2590866095185996,0.22186414778439037,0.4840648958583371
IE1,0.08555309011872807,0.34414092934399737,0.1728563528214203,0.3974496277158543
IO1,0.04105106144980074,0.2101364836284094,0.2664525912854379,0.482359863636352
EA1,0,0.49698922452053823,0,0.5030107754794617
EI1,0,0.3470533042758417,0.10986181732114024,0.543084878403018
EE1,0.10021090787340003,0.29212116377748654,0.23311650848308996,0.37455141986602347
EO1,0.033460582857806107,0.24764598223059495,0.2050365596456181,0.5138568752659808
OA1,0.02995465996031872,0.3834712372260098,0.10595707334397486,0.4806170294696967
OI1,0.015272597347853438,0.29647375061909953,0.17927366700921937,0.5089799850238276
OE1,0.09338276306462003,0.32149983527446196,0.20058579577382848,0.3845316058870895
OO1,0.032098692191272774,0.22608123377284253,0.23591091942806094,0.5059091546078236
AA2,0.08394139673587268,0.257643813355088,0.23531159670723778,0.42310319320180156
AI2,0.047301107532847254,0.25764993336368713,0.23669062343715544,0.4583583356663102
AE2,0,0.47778835399552894,0,0.5222116460044711
AO2,0,0.2854842418047973,0.18078422368939628,0.5337315345058063
IA2,0.10600460064299509,0.2525379700055919,0.23900550515580382,0.4024519241956091
II2,0.06648956120152863,0.21359473896809056,0.30125311428627694,0.4186625855441039
IE2,0.1654926541663063,0.2783014249838783,0.22836034801769214,0.3278455728321233
IO2,0.07842714978867568,0.17425648501262242,0.34828454115079344,0.39903182404790855
EA2,0,0.47778835399552894,0,0.5222116460044711
EI2,0,0.32422920511388464,0.16827203476923536,0.50749876011688
EE2,0.1834036095487234,0.2275185311926619,0.291480648220248,0.2975972110383667
EO2,0.061545978628643944,0.217331610602375,0.2892727533634107,0.4318496574055704
OA2,0.0781166000837319,0.35214815480869543,0.12719030440690243,0.4425449407006703
OI2,0.043422752225302334,0.2505764701916749,0.26520630111207466,0.44079447647094805
OE2,0.19590329609814325,0.22238568104071432,0.29427909696799737,0.28743192589314526
OO2,0.08084634934071958,0.18015830456691484,0.3459613890677372,0.39303395702462834
AA3,0.2222937014951567,0,0.5553309389049358,0.22237535959990756
AI3,0.2561561307841373,0,0.5499371536892737,0.1939067155265891
AE3,0.08094336719968133,0.35836543226334205,0.16421219471948753,0.39647900581748907
AO3,0.16204292580282628,0.2479881879956525,0.28679140143791965,0.3031774847636014
IA3,0.06267050365609249,0,0.4670574604995677,0.4702720358443398
II3,0.04340766925179096,0.3019215763057909,0.19870445399299422,0.455966300449424
IE3,0.09613232354146617,0.3705820885093508,0.15163850240083263,0.3816470855483505
IO3,0.0652694071567268,0.3218707822564679,0.18703793212161976,0.4258218784651855
EA3,0,0.35544752631028853,0.1057318956769602,0.5388205780127513
EI3,0,0.36940649370954703,0.09562250262965785,0.5349710036607952
EE3,0.11892226408648632,0.3062301227606845,0.2068269522650719,0.3680206608877573
EO3,0.03974287189336267,0.3677606234927349,0.12035125825350158,0.47214524636040095
OA3,0,0.269333288359985,0.19570600423925832,0.5349607074007566
OI3,0.023135606108091473,0.32179508617820596,0.16042475586634625,0.49464455184735645
OE3,0.1073086338671758,0.34198645502446096,0.17748657386642955,0.37321833724193365
OO3,0.04972405446914062,0.33838448117148273,0.16199352544038062,0.44989793891899615
AA4,0.03053092211126555,0,0.5092412848892397,0.4602277929994947
AI4,0.04909509944640367,0.3060436738182013,0.197713333734394,0.44714789300100105
AE4,0,0.525971653168738,0,0.4740283468312619
AO4,0.0462995929952605,0.3492220468748194,0.15340885312975178,0.45106950700016823
IA4,0.10756611697066354,0,0.5218340359490338,0.37059984708030275
II4,0.07229175649167544,0.2512302569391399,0.24880252508954218,0.4276754614796423
IE4,0.1630375040990301,0.3229346420300085,0.17558857652240664,0.3384392773485546
IO4,0.11007821138646294,0.27386591969016766,0.2266676498325472,0.3893882190908223
EA4,0,0.34392155894144977,0.139121690670957,0.5169567503875933
EI4,0,0.353902706714779,0.12670753055960693,0.5193897627256139
EE4,0.18829603467855802,0.2642988732296523,0.22955669471877124,0.31784839737301845
EO4,0.05965213290379235,0.34345030391597436,0.15311474030093034,0.44378282287930304
OA4,0.02485750083740681,0.2610591066975474,0.23959376593854437,0.4744896265265015
OI4,0.05246952827088661,0.2794102431489765,0.21241593281643337,0.4557042957637035
OE4,0.20298483773201237,0.25832353940652636,0.23130259508874432,0.3073890277727168
OO4,0.11084683321676903,0.2830253603531983,0.21492815837860357,0.391199648051429
