AA1,0.4236966423438044,0,0.5763033576561957,0
AI1,0.07115442601080259,0,0.7621022054975953,0.16674336849160204
AE1,0.0670888132260542,0.21633410381587667,0.18628718663782942,0.5302898963202397
AO1,0.06406727812857291,0.022882256679349518,0.4682269663159596,0.444823498876118
IA1,0.17600836731321143,0.0858486188116571,0.4368885832621419,0.30125443061298957
II1,0.046912735687721974,0.01675613716636933,0.49562521638954443,0.4407059107563642
IE1,0.07565224333062814,0.28212880778089605,0.16155098230969392,0.4806679665787819
IO1,0.03716492232615693,0.03907464275651563,0.39299797925973257,0.5307624556575948
EA1,0,0.6444922218400653,0,0.3555077781599347
EI1,0,0.09053573863679927,0.16284726046655681,0.7466170008966438
EE1,0.08198909741410351,0.07299514053562008,0.37330539587889905,0.47171036617137724
EO1,0.019635347613980506,0.05780909232071695,0.3068622947637501,0.6156932653015524
OA1,0.08334365170368317,0.19483033173977213,0.2434405829279086,0.47838543362863617
OI1,0.02527809713593517,0.03800928268695061,0.3392549326927287,0.5974576874843855
OE1,0.08986972338997112,0.18799852474069378,0.2396837894946068,0.4824479623747283
OO1,0.023455705392879295,0.04829880341615669,0.33116064689900143,0.5970848442919625
AA2,0.2510263383410644,0.04122821214212708,0.46393461455554824,0.24381083496126021
AI2,0.03531284511898255,0.03358278705332867,0.4619954078188912,0.46910896000879765
AE2,0,0.5745178224484117,0,0.4254821775515883
AO2,0,0.10934755385987727,0.19657707499579685,0.6940753711443258
IA2,0.35502555745276654,0.036214816442347614,0.42727110814017694,0.18148851796470886
II2,0.05704970882366024,0.00861874602935419,0.6174537550385281,0.3168777901084574
IE2,0.1713036833272833,0.186685116735672,0.20910187636879798,0.43290932356824674
IO2,0.05149289672046758,0.023103993711219507,0.5035296367940262,0.4218734727742868
EA2,0,0.5745178224484117,0,0.4254821775515883
EI2,0,0.06660279599535875,0.2549221840899739,0.6784750199146673
EE2,0.155447978371553,0.042095199804020364,0.44760565510679057,0.35485116671763606
EO2,0.02450393593093293,0.038178257920005954,0.42217380987384207,0.515143996275219
OA2,0.32267636353715196,0.13673710681777831,0.2645325355292267,0.2760539941158431
OI2,0.05318388205407207,0.009219704027683613,0.5877860708898429,0.34981034302840136
OE2,0.20591711427155387,0.04031613304612719,0.4459757491618291,0.3077910035204899
OO2,0.05304319101390813,0.012107452323291365,0.5857699495850643,0.34907940707773616
AA3,0.1160030112744299,0,0.6768838611329471,0.2071131275926231
AI3,0.22729634883798738,0,0.6250298024892875,0.14767384867272515
AE3,0.07927724001188899,0.4074438171945346,0.13466782512070263,0.3786111176728738
AO3,0.23878223825987982,0.11876730270231561,0.32061902954047766,0.321831429497327
IA3,0.03727295367417186,0,0.6615900017688361,0.30113704455699203
II3,0.10534938746071044,0.05683014919678494,0.4366696438774087,0.40115081946509584
IE3,0.09950521766843569,0.49311063000989747,0.10385552151610258,0.3035286308055643
IO3,0.12858016754585952,0.1807590850774256,0.284784311305571,0.4058764360711439
EA3,0,0.17588750679321008,0.15684717721810323,0.6672653159886867
EI3,0,0.21950696335169925,0.13510445831073217,0.6453885783375685
EE3,0.1599931644852934,0.14460128894118604,0.3017800413599603,0.39362550521356027
EO3,0.043262328672790534,0.2092613459336716,0.21835186436563972,0.5291244610278981
OA3,0,0.03127294441687457,0.32099726916676874,0.6477297864163567
OI3,0.054796602197199805,0.10445921049358145,0.29900101238452353,0.5417431749246951
OE3,0.1550590823607079,0.3436731984435581,0.16699390176913495,0.33427381742659906
OO3,0.0815433979889333,0.19836777255569799,0.2445380624162117,0.47555076703915705
AA4,0.012859967076468734,0,0.6638851827362884,0.3232548501872428
AI4,0.05698684897246511,0.06861827907594463,0.369302307637904,0.5050925643136862
AE4,0,0.7026050186504571,0,0.2973949813495429
AO4,0.048280523729304976,0.2505403410885557,0.18558105925282015,0.5155980759293192
IA4,0.046319554148984636,0,0.7011862685934322,0.2524941772575831
II4,0.1398518895624199,0.017821705216534745,0.4797885922135612,0.36253781300748433
IE4,0.2161717828211775,0.271015297066556,0.14740211981847468,0.3654108002937918
IO4,0.19425687871754002,0.07745917540835258,0.3308251771970219,0.3974587686770855
EA4,0,0.09097470310629253,0.20270602319441625,0.7063192736992912
EI4,0,0.10983741147414233,0.1807183152862042,0.7094442732396534
EE4,0.25263488979935667,0.06889343169716912,0.3224103647380611,0.3560613137654131
EO4,0.061831008997381455,0.10852532597039172,0.2748296775234576,0.5548139875087692
OA4,0.054332160418780855,0.010566474219884346,0.4796383827473322,0.45546298261400253
OI4,0.1286981385558377,0.017175329152909757,0.45424905921401687,0.39987747307723553
OE4,0.3642850312649366,0.06034952511521388,0.29316044092491894,0.2822050026949306
OO4,0.2375423786722028,0.03641201221310147,0.38154293055615385,0.34450267855854183
