AA1,0.45937640976211613,0,0.5406235902378839,0
AI1,0.3060460365220499,0,0.5262966503053311,0.167657313172619
AE1,0.2536458646431457,0.0994256457637155,0.4022778838962103,0.24465060569692862
AO1,0.2515152635143462,0.04291417631834971,0.4767143836519005,0.22885617651540346
IA1,0.24925263582135898,0.08273144287143823,0.41545996038482286,0.25255596092237986
II1,0.20851853642780227,0.051979510468047156,0.454611610744768,0.2848903423593825
IE1,0.2676837273442784,0.1066250156524925,0.3927972374337378,0.23289401956949132
IO1,0.2095289237894484,0.049255309985319656,0.45969622605360666,0.28151954017162545
EA1,0,0.38413732882077833,0,0.6158626711792217
EI1,0,0.10983279603050015,0.37951705117801854,0.5106501527914813
EE1,0.2762617536402634,0.06688102948098755,0.4452464828428244,0.21161073403592445
EO1,0.15307377105046713,0.06223251024872569,0.43528882182020723,0.3494048968805999
OA1,0.17380863067322697,0.13511899914320755,0.3492936456439146,0.34177872453965075
OI1,0.11960455313768104,0.08056179754380487,0.4197230935971481,0.38011055572136593
OE1,0.2798916558152733,0.08711554870856637,0.419758611361238,0.2132341841149222
OO1,0.1607299714852061,0.05939083114375099,0.4439544526954714,0.33592474467557154
AA2,0.27482108388453386,0.05955403135591465,0.4428453692738352,0.22277951548571623
AI2,0.18576029418430995,0.05950671358140386,0.4581247941540678,0.2966081980802183
AE2,0,0.34663981982503494,0,0.653360180174965
AO2,0,0.11557288865476636,0.4049668817662739,0.47946022957895973
IA2,0.2959579461682224,0.05709032120911185,0.4432806010970478,0.20367113152561783
II2,0.24737782982214881,0.03732117750381376,0.48471771278296094,0.23058327989107644
IE2,0.31874427860674687,0.08143012113017041,0.41100180897298577,0.1888237912900969
IO2,0.2500522715456198,0.03768274905974541,0.48487194248211546,0.22739303691251922
EA2,0,0.34663981982503494,0,0.653360180174965
EI2,0,0.09354011558468542,0.4528916907411405,0.45356819367417417
EE2,0.32319174765504316,0.052148614393673534,0.4563080126716969,0.16835162527958633
EO2,0.1865753370685009,0.05171617949082353,0.47462635437257394,0.28708212906810154
OA2,0.28372046125675915,0.10518339958298042,0.37086532523285276,0.24023081392740767
OI2,0.21420914530668084,0.04487640323297492,0.48269345912619066,0.25822099233415363
OE2,0.3355408253605633,0.05055023509495388,0.4565485960108899,0.157360343533593
OO2,0.25185931588961946,0.03588282641717631,0.48773924507408084,0.22451861261912331
AA3,0.31289459661562746,0,0.5040122625189344,0.1830931408654381
AI3,0.33577341798815474,0,0.5034428359578477,0.16078374605399764
AE3,0.27185919605163095,0.12213606665377952,0.37425665254043533,0.2317480847541542
AO3,0.31620055856344825,0.07322224664030849,0.43022008450513316,0.18035711029111015
IA3,0.2173862022746236,0,0.49399165090774233,0.288622146817634
II3,0.22678025655475992,0.07120997403992392,0.42955094862815246,0.2724588207771636
IE3,0.2851627818630761,0.13303190532155224,0.3626778268906292,0.21912748592474238
IO3,0.2530328533127631,0.10563892400038277,0.39313208952231726,0.24819613316453704
EA3,0,0.12676217160968006,0.37592849815206697,0.49730933023825297
EI3,0,0.14059806385256082,0.36220445136602863,0.4971974847814105
EE3,0.3001583551465966,0.07797061271995559,0.41934738010311234,0.20252365203033534
EO3,0.21406222620688053,0.1067578636978073,0.3824293801884106,0.2967505299069015
OA3,0,0.07638591301063197,0.4360443470848218,0.48756973990454616
OI3,0.13207539800283152,0.10683146635956783,0.3964097402128339,0.36468339542476674
OE3,0.3006399974581049,0.10648788819561156,0.39095765270850075,0.2019144616377828
OO3,0.2203659408075634,0.11744444945789062,0.38103952771467564,0.28115008201987046
AA4,0.10916562695455488,0,0.5363657087159033,0.35446866432954194
AI4,0.19128480973001658,0.08399727076290461,0.4242649036013935,0.3004530159056852
AE4,0,0.4249263414062125,0,0.5750736585937875
AO4,0.18669309962071412,0.1389373971244429,0.3571085261212228,0.3172609771336202
IA4,0.2445081880756479,0,0.5094492885866463,0.2460425233377059
II4,0.25909177892249674,0.05090473757558372,0.4527534914430864,0.2372499920588332
IE4,0.329182421000755,0.10135799385713329,0.3769026607176959,0.1925569244244158
IO4,0.2910679789081748,0.07813493311220795,0.4140864276254186,0.21671066035419873
EA4,0,0.10562521601096264,0.4293572610929525,0.4650175228960848
EI4,0,0.11502191832864912,0.41666791539538267,0.46831016627596816
EE4,0.33892249659397866,0.06173475497524084,0.42520495941882536,0.17413778901195512
EO4,0.24882480161798518,0.08452508511652912,0.40612654840564705,0.26052356485983874
OA4,0.1886958413066706,0.04811087645403297,0.465953930216358,0.29723935202293855
OI4,0.22703665150615762,0.05468173667413282,0.4503494562997042,0.2679321555200052
OE4,0.3522330462380587,0.05969850358346104,0.4253442920498044,0.16272415812867583
OO4,0.307080650839924,0.060359151586599526,0.42959111065493116,0.20296908691854523
