AA1,0.5133593701395366,0,0.48664062986046347,0
AI1,0.21168407503606215,0,0.6891019835159536,0.0992139414479842
AE1,0.11090814180862084,0.2864739631784548,0.2039383626428037,0.39867953237012055
AO1,0.10865075150281689,0.0737420223655752,0.45481044253675473,0.3627967835948531
IA1,0.18446427703247284,0.12877760289604362,0.3823317004336939,0.30442641963778966
II1,0.09983229852001839,0.07131994027208909,0.44781432891652617,0.38103343229136644
IE1,0.1221309620059869,0.3147161516783663,0.18827832333330624,0.37487456298234056
IO1,0.06781723129035824,0.09048473523201739,0.4000939205859394,0.4416041128916849
EA1,0,0.5546917934162329,0,0.4453082065837672
EI1,0,0.2681040544000162,0.11034030935563827,0.6215556362443455
EE1,0.1614495894644314,0.17801730707698632,0.33441690954885844,0.3261161939097239
EO1,0.035354813182381574,0.13514956420545587,0.29851580043995113,0.5309798221722115
OA1,0.0696394528222758,0.2963187215525759,0.18287875146359137,0.451163074161557
OI1,0.0393334011296526,0.1666051599951826,0.26361923615544897,0.5304422027197158
OE1,0.1520039851774703,0.24509353437411102,0.25904372813298204,0.3438587523154366
OO1,0.03640786849673458,0.11301778647309388,0.32852073686712724,0.5220536081630444
AA2,0.20612222824677912,0.09678483854248908,0.41610472402768867,0.28098820918304324
AI2,0.08018044845960408,0.08894398637596791,0.4381709064734799,0.39270465869094817
AE2,0,0.5233352646590315,0,0.4766647353409686
AO2,0,0.17600409684847113,0.23359114087485502,0.5904047622766739
IA2,0.27733035477300955,0.0825228454908765,0.4212967896833204,0.21885001005279345
II2,0.14505119911004644,0.04791719072664034,0.5229107204061048,0.2841208897572083
IE2,0.2374755421451793,0.23211044642465073,0.2272480115984588,0.30316599983171116
IO2,0.10495549295238728,0.06545594252263365,0.4836893650591403,0.34589919946583875
EA2,0,0.5233352646590315,0,0.4766647353409686
EI2,0,0.24082259662331204,0.16143600854322393,0.5977413948334641
EE2,0.2966705419387208,0.11557696247474522,0.359158725046529,0.2285937705400049
EO2,0.05539910991290994,0.10725202654541008,0.39354064158479585,0.44380822195688424
OA2,0.21637664943868104,0.2543633741374352,0.22565267262445038,0.30360730379943335
OI2,0.11881960158398251,0.10171094668349356,0.41711135691866286,0.362358094813861
OE2,0.33491110260686935,0.1043508394936737,0.36053709569801584,0.20020096220144118
OO2,0.12650661413388178,0.05578990385078801,0.5046982384189982,0.313005243596332
AA3,0.2546844063947714,0,0.6183297492223477,0.1269858443828809
AI3,0.32524073703537715,0,0.5862267750271387,0.0885324879374842
AE3,0.1318245768645344,0.3331113224635016,0.176262815294914,0.3588012853770501
AO3,0.2919767791096532,0.1282502785850568,0.35934380389864984,0.2204291384066403
IA3,0.08185011082577431,0,0.6236109054613422,0.29453898371288345
II3,0.13387988430945344,0.09579613205824113,0.4088937297601147,0.3614302538721907
IE3,0.14738159527431735,0.36370977363544243,0.1591403259644032,0.329768305125837
IO3,0.15695135342204064,0.20392453280707729,0.29098095027009385,0.3481431635007883
EA3,0,0.2994009288526206,0.10962021287859332,0.590978858268786
EI3,0,0.32440482048341285,0.09740279135057049,0.5781923881660166
EE3,0.21416437991324605,0.19881536173595163,0.2898162756268946,0.29720398272390763
EO3,0.06663092584248013,0.309437117144823,0.17344356271770414,0.4504883942949926
OA3,0,0.13201392451887373,0.25170802538886355,0.6162780500922628
OI3,0.0524265804319319,0.2089045063988215,0.23927966340699722,0.4993892497622492
OE3,0.19616639526513732,0.27739431947935395,0.22047228018641601,0.3059670050690927
OO3,0.09631103251169389,0.26328630086843113,0.2242500601570791,0.4161526064627957
AA4,0.026206678568940413,0,0.6310573763265315,0.3427359451045282
AI4,0.09462611256141305,0.12233396363125745,0.3707464727455596,0.41229345106176984
AE4,0,0.5859162465983262,0,0.4140837534016737
AO4,0.08989311451384868,0.2562728972466625,0.22960041290335045,0.42423357533613837
IA4,0.10852241307990747,0,0.6566308798494723,0.23484670707062033
II4,0.18384762494995815,0.06658355364496182,0.4420452102712687,0.3075236111338112
IE4,0.246328877368381,0.27947984761310746,0.1785430009873702,0.29564827403114136
IO4,0.2259488739258277,0.1521650800561949,0.31819198474128824,0.3036940612766892
EA4,0,0.2629274933204544,0.13862172729852204,0.5984507793810235
EI4,0,0.28351213563937955,0.12415947114419755,0.5923283932164229
EE4,0.3304568860247634,0.14384760328404142,0.2891022738465206,0.23659323684467448
EO4,0.0994777277691656,0.2622522483684356,0.20744743470920815,0.43082258915319066
OA4,0.08975797606559847,0.10173455670431163,0.380097055730547,0.4284104114995429
OI4,0.15104966360219846,0.12826072833824217,0.34670273936603313,0.37398686869352626
OE4,0.3750714774801296,0.1294527394547706,0.2885833340577162,0.20689244900738363
OO4,0.2589303872262108,0.14497057006089256,0.31467217057327646,0.2814268721396201
