AA1,0.43525395840920816,0,0.5647460415907919,0
AI1,0.12321852935529391,0,0.5776786429635018,0.2991028276812043
AE1,0.0730480678365026,0.239411931174525,0.24111275635086676,0.4464272446381057
AO1,0.07429243556914222,0.09435391932733435,0.4162763833459509,0.41507726175757254
IA1,0.1609643697828618,0.14374097740568406,0.3706540387676784,0.32464061404377575
II1,0.07588298112348511,0.07980725311784109,0.42690173009449445,0.4174080356641793
IE1,0.08145859388177329,0.2647811918867806,0.222318191103727,0.43144202312771907
IO1,0.05497759026612242,0.11746792664913001,0.3778407011010719,0.4497137819836756
EA1,0,0.4941809598229546,0,0.5058190401770455
EI1,0,0.18838979348270596,0.2528042471750708,0.5588059593422231
EE1,0.08644745539131742,0.1517588314421711,0.3422326053264658,0.4195611078400457
EO1,0.03416834098006365,0.14216640058936014,0.32684448701847335,0.4968207714121029
OA1,0.09246826477208868,0.22157353492918275,0.27472147259519936,0.41123672770352915
OI1,0.04305581159599466,0.1279585537348487,0.3538364618215621,0.4751491728475946
OE1,0.08897576138433497,0.22471249995251738,0.265272356875537,0.42103938178761074
OO1,0.03662245651725865,0.1329203873635194,0.3485876157890314,0.4818695403301906
AA2,0.18982074262121107,0.10920145569396728,0.397691984906708,0.30328581677811367
AI2,0.06390746568636342,0.10392901548798006,0.40916921768304904,0.4229943011426075
AE2,0,0.46315736916141464,0,0.5368426308385854
AO2,0,0.19193294586873919,0.2817090819349724,0.5263579721962884
IA2,0.2215381329501865,0.10675206608475586,0.39694654887011965,0.27476325209493796
II2,0.09693097900930416,0.06206612312999751,0.4749967363047043,0.36600616155599397
IE2,0.12568925308565515,0.21946050048521784,0.25895759584990014,0.39589265057922685
IO2,0.07531015028527076,0.09514401562725462,0.42718194383173125,0.4023638902557434
EA2,0,0.46315736916141464,0,0.5368426308385854
EI2,0,0.16334101216274446,0.3099677212885793,0.5266912665486763
EE2,0.12761726629891335,0.12141706802882839,0.38173544682593924,0.3692302188463191
EO2,0.045921468774634724,0.11936327893309,0.3827765392163505,0.4519387130759248
OA2,0.20414043063152928,0.18336792049346365,0.2986067443434286,0.3138849045315785
OI2,0.08891236813895145,0.0694862287535466,0.46243013441309017,0.37917126869441187
OE2,0.14902217712255916,0.1192399348663677,0.38415203364973016,0.34758585436134287
OO2,0.0886506579078947,0.07229320737951989,0.45855854272589003,0.38049759198669547
AA3,0.14049337137804038,0,0.5381896520010477,0.32131697662091196
AI3,0.1909913523124653,0,0.5304493990452979,0.27855924864223686
AE3,0.09429551074326711,0.2898197073754946,0.21413595254754988,0.40174882933368844
AO3,0.166069582069889,0.15709377124972515,0.3414143103282584,0.3354223363521274
IA3,0.07628532022841314,0,0.5331454873984517,0.39056919237313514
II3,0.11251052273291183,0.10627415742539763,0.3924012223675753,0.3888140974741152
IE3,0.10981181404100622,0.31623776066863585,0.19363053269510655,0.3803198925952514
IO3,0.12239031082547804,0.18991799368466902,0.3099625649650596,0.37772913052479345
EA3,0,0.22010913990684156,0.24753653154240743,0.532354328550751
EI3,0,0.23624257994957107,0.23320285713059363,0.5305545629198353
EE3,0.12476579164512552,0.18229642353082787,0.30814735360482776,0.3847904312192189
EO3,0.06475454735992241,0.21756453126051647,0.2680240002596821,0.44965692111987904
OA3,0,0.10987335392212991,0.3686503668911679,0.521476279186702
OI3,0.06427820098949377,0.16538544810584974,0.325671517263846,0.44466483364081055
OE3,0.12590659459433845,0.26810759936000866,0.23234148024662482,0.3736443257990282
OO3,0.09144910039808449,0.20785538366944326,0.2892931252473442,0.41140239068512807
AA4,0.03042742866815125,0,0.5546197555265433,0.4149528158053055
AI4,0.0821388435156362,0.14142455092119358,0.3577921994189499,0.41864440614422027
AE4,0,0.5391710674681257,0,0.46082893253187435
AO4,0.07136513671134415,0.25898518048073377,0.24162792804451966,0.4280217547634024
IA4,0.08933821322747547,0,0.5518214690919684,0.3588403176805562
II4,0.13212669229911778,0.08397447369772242,0.41639206718323923,0.36750676681992056
IE4,0.1477660623595076,0.27089413879049706,0.21155079642904823,0.36978900242094703
IO4,0.1488751867889699,0.15655986602328978,0.3323520357511879,0.36221291143655243
EA4,0,0.19498758087352108,0.2791213782259559,0.525891040900523
EI4,0,0.20905938258512904,0.2642613619585214,0.5266792554563494
EE4,0.16032247498170965,0.15397261704553133,0.32373281951200217,0.3619720884607569
EO4,0.08064774719724543,0.18847181887573972,0.2940673319224964,0.43681310200451845
OA4,0.0716316721069228,0.07573782244640069,0.43055133415202224,0.4220791712946542
OI4,0.12283071885693357,0.09041465893850464,0.40440513963252805,0.3823494825720336
OE4,0.191676690898286,0.14940912752445534,0.3219856675497081,0.33692851402755053
OO4,0.16848547931318333,0.1181306221426915,0.36443438490379015,0.3489495136403351
