AA1,0.5715735227570694,0,0.4284264772429306,0
AI1,0.3543744216558824,0,0.5620272505641561,0.08359832777996141
AE1,0.24166594066669,0.10046717177522202,0.37064235387257816,0.2872245336855099
AO1,0.212753970099294,0.01662502349175269,0.5628201505738052,0.2078008558351481
IA1,0.3663097312338998,0.04470672127081718,0.4626003580524834,0.12638318944279966
II1,0.23230526533113868,0.02469826638019305,0.53394502675736,0.2090514415313084
IE1,0.2593125343584026,0.10965808258286051,0.3571944429884364,0.2738349400703005
IO1,0.15371852426393204,0.020903276912641603,0.5490910050482021,0.2762871937752243
EA1,0,0.40970002657950616,0,0.5902999734204938
EI1,0,0.08715794700995777,0.2821356331166833,0.630706419873359
EE1,0.29233059446072457,0.03765723920876742,0.48252154729787267,0.18749061903263542
EO1,0.06428187274391314,0.0328666573585123,0.46936355201438523,0.4334879178831893
OA1,0.14803366375183394,0.09088475517655624,0.44027801690762486,0.320803564163985
OI1,0.08029053518201071,0.04192590576094007,0.4868994306185594,0.39088412843848974
OE1,0.3024482026218074,0.07098170740560587,0.4145673622092716,0.21200272776331516
OO1,0.0643684401394967,0.02638252020072608,0.5018943458018624,0.4073546938579148
AA2,0.3685460692539351,0.028963841252256962,0.48469521792251913,0.11779487157128875
AI2,0.18738233231125961,0.03146876639842544,0.5433049726273254,0.2378439286629896
AE2,0,0.3478467677151519,0,0.6521532322848482
AO2,0,0.058056358025507966,0.41547361904179403,0.5264700229326981
IA2,0.39540682402019023,0.027808532174980766,0.4749670478489609,0.10181759595586819
II2,0.25188802646603914,0.01637161216698142,0.5552707612160896,0.1764696001508898
IE2,0.3084447359431388,0.0812744828962628,0.3735189151370634,0.23676186602353505
IO2,0.17502417466871464,0.015870392558241762,0.5707896999614269,0.23831573281161658
EA2,0,0.3478467677151519,0,0.6521532322848482
EI2,0,0.07044360949123271,0.3327942051851989,0.5967621853235684
EE2,0.3315659626437559,0.02840776801463647,0.48318998110415773,0.15683628823744997
EO2,0.07595492797057374,0.027250014563623193,0.5124168536582597,0.3843782038075434
OA2,0.4196472297191807,0.05528427897879146,0.4095124286516247,0.11555606265040311
OI2,0.2697680875059787,0.01645280997029078,0.537480437604311,0.17629866491941948
OE2,0.3649808335236261,0.025898957075334645,0.47719620812358277,0.13192400127745654
OO2,0.25155334912149835,0.010378514984655364,0.5616789987558879,0.17638913713795845
AA3,0.3473440324678322,0,0.5525064154892603,0.10014955204290751
AI3,0.38828571824442154,0,0.5342441533529486,0.07747012840262972
AE3,0.24996765751115238,0.15092512179540865,0.3354329524325794,0.2636742682608596
AO3,0.41367211646637747,0.035035756442195885,0.45503452265540933,0.09625760443601725
IA3,0.2036838872671917,0,0.5810705472443396,0.2152455654884687
II3,0.25338227223456183,0.045116316888306425,0.5035072520336752,0.19799415884345664
IE3,0.2666457372483988,0.16653182617307324,0.3187132721048239,0.24810916447370404
IO3,0.30723040122875045,0.06681252062179181,0.4477418647451783,0.17821521340427932
EA3,0,0.11878018454987016,0.27563795707901184,0.605581858371118
EI3,0,0.13085332749792322,0.2633371081486612,0.6058095643534156
EE3,0.31909067045183626,0.04973023725241231,0.4533066300900163,0.1778724622057352
EO3,0.17225837353630424,0.09816936662524907,0.39555612263220696,0.33401613720623974
OA3,0,0.03009135821221754,0.43439122234598987,0.5355174194417925
OI3,0.09788984486943417,0.06676668938034064,0.45888528378494614,0.376458181965279
OE3,0.3209894019416037,0.10403160294363664,0.379296629074536,0.19568236604022365
OO3,0.20583984477959663,0.08994879892015194,0.4325080801564768,0.2717032761437746
AA4,0.11738374731349895,0,0.5976622183342873,0.2849540343522138
AI4,0.19805279922364988,0.04863730158991917,0.5112158226195884,0.2420940765668425
AE4,0,0.42726675399083225,0,0.5727332460091678
AO4,0.23196876462552463,0.09422861872189864,0.42708475648618605,0.24671786016639066
IA4,0.21614558593916386,0,0.589616925619923,0.19423748844091313
II4,0.27323590091736455,0.023875183081781774,0.5222368372875504,0.18065207871330316
IE4,0.3160177645351463,0.10603201849853816,0.33610403054626875,0.2418461864200468
IO4,0.332986592906924,0.04157869196463596,0.462299129507588,0.1631355856208519
EA4,0,0.07946685739403933,0.3055315484010989,0.6150015942048618
EI4,0,0.08602656039988998,0.29397700418944217,0.6199964354106678
EE4,0.35289435525083535,0.034340241488977366,0.44919308350432235,0.16357231975586506
EO4,0.1931272870668558,0.06712696732671566,0.41881360784903665,0.32093213775739193
OA4,0.2325873994404278,0.016762686857711907,0.5277406781828595,0.22290923551900074
OI4,0.29747004941286226,0.020470668964828145,0.5008924038977186,0.18116687772459109
OE4,0.38980146470607013,0.030954689148788742,0.4424777958185166,0.13676605032662453
OO4,0.38728086155282837,0.025870336606853932,0.4573022176038431,0.1295465842364746
