AA1,0.584468934644459,0,0.41553106535554096,0
AI1,0.34843704072756787,0,0.5676785858182841,0.08388437345414801
AE1,0.2599636426079331,0.08049697822839713,0.3414090034865904,0.31813037567707936
AO1,0.19327836208597654,0.013026904243424085,0.5970036568196035,0.19669107685099577
IA1,0.46920339806563105,0.0018515973999474605,0.4820189529955736,0.046926051538847914
II1,0.2765253381442972,0.0009403656565124667,0.5846762152321944,0.13785808096699603
IE1,0.27048316879884243,0.08686059905560514,0.33614359526110943,0.3065126368844429
IO1,0.1450333706167188,0.015077550183141924,0.5989546220569952,0.24093445714314393
EA1,0,0.331696140926358,0,0.6683038590736419
EI1,0,0.0428019709347719,0.32757685233484946,0.6296211767303785
EE1,0.2746640321215847,0.014742757614364011,0.49913811669617464,0.21145509356787678
EO1,0.06947573036049838,0.014351417507791037,0.496723552145789,0.4194492999859216
OA1,0.2664895359185067,0.02995218643310629,0.4893762290947499,0.21418204855363704
OI1,0.13206253276237867,0.013112535427501681,0.5499667838434777,0.3048581479666418
OE1,0.30087350345648334,0.05776923558860671,0.3898922273520137,0.25146503360289635
OO1,0.05988832070652654,0.013964427074964819,0.5609033467763122,0.3652439054421964
AA2,0.45492418038204274,0.0013222858603600782,0.4950196650557159,0.04873386870188136
AI2,0.23701881503726552,0.0015093738814536087,0.5856579670170245,0.17581384406425654
AE2,0,0.29238981202453446,0,0.7076101879754656
AO2,0,0.03603078809723907,0.4775803749421079,0.486388836960653
IA2,0.4725836083932814,0.0012132482476303603,0.4854765010954548,0.04072664226363353
II2,0.2698909414336868,0.0006361328440473632,0.5960003128036627,0.13347261291860318
IE2,0.31836934708014925,0.07203394781906335,0.331120851948828,0.2784758531519593
IO2,0.15540990495925683,0.014494353110121547,0.5994459754515824,0.23064976647903943
EA2,0,0.29238981202453446,0,0.7076101879754656
EI2,0,0.03624192403941063,0.3695606023156001,0.5941974736449892
EE2,0.3281308299343505,0.01235952425062095,0.46811819501067725,0.19139145080435127
EO2,0.07593523756330306,0.01317574732465731,0.5088193912301617,0.40206962388187784
OA2,0.4982995571522426,0.005944788256516302,0.45092159080551375,0.04483406378572745
OI2,0.2883990867586614,0.0020889636908528793,0.5808305372807643,0.12868141226972138
OE2,0.3601814029907608,0.011857927296555474,0.4655263446297941,0.16243432508288963
OO2,0.22388729021519038,0.0006494578548713355,0.6149180347006636,0.16054521722927462
AA3,0.3601139987964398,0,0.5541432947518461,0.08574270645171422
AI3,0.40161612095319604,0,0.52752753611922,0.070856342927584
AE3,0.26495031789527734,0.13126639474560406,0.31504351700979416,0.2887397703493246
AO3,0.4496853483595139,0.021044712009763496,0.45146076923954204,0.07780917039118052
IA3,0.2584921182255983,0,0.5939910794625968,0.147516802311805
II3,0.32142237088873576,0.0021638982610880236,0.5511192338157651,0.1252944970344111
IE3,0.2758590128963022,0.14283078435951505,0.30582011742023224,0.27549008532395064
IO3,0.37122362040416346,0.029225915404763207,0.4750178223152119,0.12453264187586137
EA3,0,0.06763534068130794,0.32625860088580577,0.6061060584328863
EI3,0,0.0726579929026796,0.32063534534142824,0.6067066617558922
EE3,0.30205457032634353,0.018464233375496283,0.4807041981499812,0.198776998148179
EO3,0.17250094437286287,0.03940709502089603,0.4474337314442175,0.3406582291620236
OA3,0,0.011564838528267436,0.5050947858178507,0.48334037565388177
OI3,0.19007680437198474,0.028150651808775573,0.49779581556999214,0.2839767282492474
OE3,0.3169612113373776,0.09162694114642082,0.36286533937495435,0.22854650814124727
OO3,0.23333784281289388,0.05856944939416115,0.4542155899419965,0.25387711785094846
AA4,0.18565111048931573,0,0.6077848616656215,0.20656402784506267
AI4,0.25583333933206953,0.002140147329991578,0.5688056820893073,0.17322083124863163
AE4,0,0.36155590550805694,0,0.6384440944919431
AO4,0.28578687487746396,0.055387436158267606,0.47386179868625633,0.1849638902780121
IA4,0.24994170189794376,0,0.6024603134029977,0.14759798469905844
II4,0.31235219045820356,0.0008473454520771137,0.5610476409936798,0.12575282309603938
IE4,0.32342000142139793,0.09546399519596178,0.30480401761002945,0.27631198577261085
IO4,0.3636827078113226,0.023096404387270963,0.4876558591102695,0.12556502869113692
EA4,0,0.04198121022596241,0.3296585570781553,0.6283602326958823
EI4,0,0.042906580572390815,0.32522748808636703,0.631865931341242
EE4,0.34699193163602277,0.01374897001955624,0.4478542161025864,0.19140488224183466
EO4,0.17345038933421944,0.027691598288078437,0.45048265320122477,0.3483753591764773
OA4,0.2795004232545481,0.002345114508660347,0.5630339903930833,0.1551204718437081
OI4,0.3510592614742521,0.0026976920059665604,0.5271715363599482,0.11907151015983346
OE4,0.3904653330303761,0.012971737991277904,0.4384214698946761,0.15814145908366986
OO4,0.4219586885909475,0.0023830262721643855,0.48246014686840544,0.09319813826848268
