AA1,0.5545288726813544,0,0.4454711273186455,0
AI1,0.3957285639498948,0,0.5719675890462509,0.032303847003854254
AE1,0.4133993170849623,0.030999522719608975,0.4711198276562129,0.08448133253921582
AO1,0.377626774022129,0.010664358441488676,0.5380839864519964,0.07362488108438588
IA1,0.3688304660199919,0.0663230199302918,0.41007973127584124,0.154766782773875
II1,0.2864327637481773,0.02977979691278163,0.5259131184806535,0.15787432085838762
IE1,0.43082054174183276,0.03503005246758791,0.4572916707872181,0.07685773500336107
IO1,0.3210815724192863,0.014310898571039767,0.5622323087455252,0.10237522026414861
EA1,0,0.4391887511145712,0,0.5608112488854289
EI1,0,0.048229569466046514,0.33034818421952505,0.6214222463144284
EE1,0.4320090126816939,0.002178987010620417,0.5388759732750912,0.026936027032594467
EO1,0.21783620344295357,0.0020523151317391793,0.5677032901940325,0.21240819123127475
OA1,0.2288901054620969,0.1585658340776648,0.2849168527635413,0.327627207696697
OI1,0.14800216874306157,0.03988049703153106,0.4156102590203882,0.3965070752050192
OE1,0.449263882920784,0.0061067814595271485,0.5141633460507133,0.03046598956897549
OO1,0.2207760836221173,0.004818610659409397,0.555819798582096,0.21858550713637728
AA2,0.3927979234238695,0.03633133929088219,0.44368191502514265,0.1271888222601056
AI2,0.24534681263857852,0.03749401784553757,0.5150194551851145,0.20213971433076935
AE2,0,0.3773985380297534,0,0.6226014619702466
AO2,0,0.13133870960803815,0.2668561068476915,0.6018051835442705
IA2,0.41455055965977483,0.03346642466642121,0.44523242335487684,0.10675059231892714
II2,0.3251202648322195,0.01436850749698049,0.5523274467892332,0.10818378088156677
IE2,0.5031480107678267,0.01761704382223243,0.42950265634850837,0.04973228906143259
IO2,0.37315416436922744,0.0067916492724847165,0.5521294487100487,0.06792473764823925
EA2,0,0.3773985380297534,0,0.6226014619702466
EI2,0,0.03523849974760996,0.46074001241262563,0.5040214878397644
EE2,0.49303287909520094,0.0011322448369151118,0.4880273442196009,0.017807531848282935
EO2,0.2455007467451425,0.001250716019360328,0.6017950706787947,0.15145346655670233
OA2,0.38353750236257156,0.10764709819647615,0.3184482388051927,0.19036716063575965
OI2,0.2352104592864901,0.014390983666704113,0.5788927529895112,0.17150580405729457
OE2,0.5054366596286453,0.0009647573127837762,0.47893171574110627,0.014666867317464808
OO2,0.3409086037288086,0.0008584657400471442,0.5951626601420725,0.06307027038907179
AA3,0.40560136086790294,0,0.555000024310846,0.039398614821250955
AI3,0.4340151570306987,0,0.5367979463002933,0.029186896669007922
AE3,0.41445849669839985,0.08964885283775766,0.4228680693315692,0.07302458113227339
AO3,0.44948052946960465,0.05368466809831595,0.4450824342681956,0.05175236816388381
IA3,0.2854261191392913,0,0.5888268752875119,0.12574700557319687
II3,0.295466878309665,0.11122434597101295,0.45268041498309725,0.1406283607362248
IE3,0.42569192216344065,0.10821955945505768,0.40098898138817896,0.06509953699332266
IO3,0.37014037882350903,0.13561400167209514,0.3986360485145917,0.09560957098980423
EA3,0,0.08519401745816949,0.32636694868695915,0.5884390338548714
EI3,0,0.10517079282484118,0.30912257664951587,0.5857066305256429
EE3,0.47780389278712165,0.0038716615381061232,0.4940474286372925,0.024277017037479767
EO3,0.3780265169633357,0.03310764040305226,0.49702559269877056,0.09184024993484156
OA3,0,0.04824712576831695,0.36506754385730733,0.5866853303743758
OI3,0.16964254792658495,0.1050518769961221,0.357336879659503,0.3679686954177899
OE3,0.4869926292315824,0.018370340629471026,0.4677791614599585,0.026857868678988102
OO3,0.34692132568394796,0.1171677505240826,0.4077379767937124,0.12817294699825701
AA4,0.14238471093648086,0,0.5986443992405645,0.2589708898229547
AI4,0.2486571251952625,0.07125675539697385,0.46487271097762506,0.21521340843013861
AE4,0,0.4917589146849436,0,0.5082410853150563
AO4,0.2289799085894386,0.19974680730202646,0.3139236876662155,0.2573495964423195
IA4,0.3117427058584115,0,0.592719192376422,0.09553810176516653
II4,0.3482614608915624,0.027924247367430693,0.5061799467153576,0.11763434502564933
IE4,0.5144480000720362,0.029839533077541242,0.4001213817124989,0.05559108513792379
IO4,0.4454410631369394,0.03609658695791569,0.4383254402476758,0.08013690965746925
EA4,0,0.04053798862964176,0.3937641551269227,0.5656978562434356
EI4,0,0.045876202856409434,0.38008183546466745,0.5740419616789231
EE4,0.5240372729641809,0.0016717031163306093,0.45484386275046984,0.019447161169018786
EO4,0.41229525608835305,0.01603267486698291,0.5007041809639203,0.07096788808074382
OA4,0.2330506215983935,0.016663869704232507,0.5325210747281712,0.2177644339692028
OI4,0.27755139512183474,0.019123775354893964,0.5105143087118289,0.19281052081144226
OE4,0.5375672676718539,0.0014224978115259688,0.44505300435355877,0.015957230163061515
OO4,0.4746703403702668,0.00972144390217379,0.478419009454773,0.03718920627278633
