AA1,0.5371384505028187,0,0.4628615494971813,0
AI1,0.3417139138019256,0,0.5562498748288724,0.10203621136920187
AE1,0.28486931737544635,0.055521388852594326,0.38434582574775916,0.2752634680242002
AO1,0.24108952691469818,0.009375284253758635,0.560836108331571,0.18869908049997222
IA1,0.37540914511837625,0.015556674639903572,0.500788305256513,0.10824587498520719
II1,0.22831988355817226,0.00877323159655533,0.5570155259309332,0.20589135891433907
IE1,0.29112870070388736,0.0592298476694043,0.3796523473861888,0.26998910424051953
IO1,0.16505696957299243,0.011612954118238289,0.5574513382629718,0.2658787380457974
EA1,0,0.3178494221737215,0,0.6821505778262785
EI1,0,0.029402346626044275,0.3535562849092529,0.6170413684647028
EE1,0.2775551633998081,0.01581824378502731,0.4765162160156204,0.23011037679954416
EO1,0.0601553486985986,0.015455323713587602,0.46833360355626763,0.45605572403154615
OA1,0.16438258392632737,0.03340855806142545,0.5170697499455089,0.28513910806673837
OI1,0.08939565102674213,0.011240079681074273,0.5420039838071097,0.35736028548507387
OE1,0.3016049945710358,0.049053271835617175,0.40602584688318694,0.2433158867101602
OO1,0.05752111779805151,0.013677590008845743,0.54301749640337,0.38578379578973254
AA2,0.37210266549272164,0.010282160653646804,0.521130725847266,0.0964844480063656
AI2,0.2050218838297852,0.011109941280953039,0.5569404754167755,0.22692769947248612
AE2,0,0.25726340110873047,0,0.7427365988912696
AO2,0,0.031108381518260664,0.4947693540540392,0.47412226442770006
IA2,0.38397549008980525,0.010384790605988417,0.5174047941210702,0.08823492518313607
II2,0.23819083855541917,0.006241449029202504,0.5705970454166259,0.18497066699875236
IE2,0.34578304418738565,0.04844625437087909,0.3699280631660816,0.2358426382756536
IO2,0.1787483479589505,0.009514642298333296,0.5707285340136474,0.2410084757290687
EA2,0,0.25726340110873047,0,0.7427365988912696
EI2,0,0.025839321278243194,0.399786556011774,0.5743741227099829
EE2,0.3327681245508863,0.014233780472789,0.4524217911974152,0.20057630377890956
EO2,0.06503226582621383,0.015609115149439105,0.49929451908257744,0.42006409994176963
OA2,0.40886169667866606,0.02010822736605458,0.48759597102162094,0.08343410493365855
OI2,0.2523394851631401,0.0012410864354676595,0.568831894721349,0.1775875336800433
OE2,0.3602997898478992,0.013846552445096699,0.44715701857588563,0.17869663913111844
OO2,0.2158375414439743,0.002358620804285563,0.5774500540596965,0.20435378369204368
AA3,0.3455518275906537,0,0.5484385170696601,0.10600965533968618
AI3,0.3802987619902795,0,0.5314409503131896,0.08826028769653081
AE3,0.2864265717232343,0.09879481119443016,0.36352775767372564,0.2512508594086099
AO3,0.41543627882136136,0.017435314305236996,0.4707362618512995,0.09639214502210228
IA3,0.21295069353926155,0,0.5734992211395749,0.21355008532116365
II3,0.26263066644723265,0.016622716402988073,0.532225497123596,0.18852112002618324
IE3,0.2916242937859713,0.10988391103108916,0.35464210475380137,0.2438496904291382
IO3,0.29606790240482983,0.044377079841743106,0.4701535260283886,0.18940149172503845
EA3,0,0.04600674467633941,0.34995509644291173,0.6040381588807489
EI3,0,0.05408724797184606,0.34294616285637086,0.6029665891717831
EE3,0.29537795125037514,0.01749450084657633,0.4690008933192651,0.21812665458378344
EO3,0.1569782442202643,0.049597752915396934,0.40755107625264436,0.38587292661169437
OA3,0,0.006797333216365138,0.5166302334159782,0.4765724333676567
OI3,0.12340841699854752,0.02365168393512749,0.5090817228443192,0.3438581762220058
OE3,0.30923916913426347,0.08224957152158466,0.3861015852353244,0.22240967410882745
OO3,0.17353776924650566,0.05313311720931934,0.4662305039330923,0.3070986096110827
AA4,0.1583104614820907,0,0.5908313190618651,0.25085821945604425
AI4,0.21698936096066104,0.018584896997357027,0.5434399685792168,0.2209857734627651
AE4,0,0.34139391761337473,0,0.6586060823866252
AO4,0.23689195234042945,0.05854820930179906,0.4732223134354515,0.23133752492231988
IA4,0.21597231371495695,0,0.5877950007669833,0.1962326855180597
II4,0.26737027233775973,0.010468010674442689,0.5474895903425756,0.17467212664522208
IE4,0.34657201975544033,0.06659351575920215,0.35614131626554124,0.23069314821981624
IO4,0.30933496065142574,0.02617107586240288,0.4889032470841128,0.1755907164020585
EA4,0,0.026827286876660684,0.3681640671527813,0.605008645970558
EI4,0,0.02896271594311076,0.3630823914604069,0.6079548925964823
EE4,0.34181622940956563,0.015404735963954554,0.44479267449100024,0.19798636013547954
EO4,0.16397946407160463,0.027251564928898592,0.43245675362074826,0.3763122173787485
OA4,0.2332079615666597,0.0016027221658126657,0.5645933720990588,0.20059594416846885
OI4,0.29602826870601,0.0017577370637387939,0.5360246812104124,0.1661893130198389
OE4,0.37600637846082174,0.014830152154221954,0.4355661778582375,0.1735972915267188
OO4,0.35073947130679356,0.005599217332613175,0.4946335694819093,0.1490277418786839
