AA1,0.47529768168454484,0,0.5247023183154552,0
AI1,0.2820025376627179,0,0.4726801808421033,0.24531728149517887
AE1,0.07469467967734938,0.37674566984144864,0.11644970961108031,0.4321099408701217
AO1,0.06908139026846681,0.2787839642781372,0.2554061880937787,0.3967284573596174
IA1,0.21285696901780105,0.24394061928019295,0.22938319740170604,0.3138192143002999
II1,0.1645735054518811,0.22314681983283027,0.24110095702313303,0.3711787176921556
IE1,0.07988434890961665,0.38212017924369673,0.11068975793053042,0.42730571391615624
IO1,0.059370287063021526,0.2764174007550401,0.24032825250904666,0.42388405967289156
EA1,0,0.47014605292541534,0,0.5298539470745847
EI1,0,0.29017974319785406,0.206494313349791,0.5033259434523552
EE1,0.1375976488951257,0.2620119742023731,0.2654745382546063,0.33491583864789487
EO1,0.06959398121148477,0.23626411008719686,0.24619293202700815,0.44794897667431033
OA1,0.09638115223925758,0.3407378087120394,0.16050193862922343,0.4023791004194795
OI1,0.053856643220202366,0.27441915768226627,0.24077046136583968,0.4309537377316917
OE1,0.11590191449227374,0.32113113102456026,0.21199826990653436,0.35096868457663166
OO1,0.06250014192283372,0.26432727321861943,0.2436147444266097,0.4295578404319371
AA2,0.21099866167961656,0.2294111931093272,0.25958082652276654,0.3000093186882898
AI2,0.14881677211703864,0.21607535670954467,0.2596402470787877,0.37546762409462897
AE2,0,0.46885650610150376,0,0.5311434938984962
AO2,0,0.3309126944612689,0.18919528499202823,0.4798920205467029
IA2,0.21573268259464684,0.22511471689197335,0.26480534209407836,0.2943472584193015
II2,0.1584228275077904,0.20679634232271826,0.27988386666194254,0.35489696350754873
IE2,0.11179032493308179,0.3596618610936416,0.13571699283142813,0.3928308211418485
IO2,0.07962487386596896,0.26529007224982726,0.26761801034965094,0.3874670435345528
EA2,0,0.46885650610150376,0,0.5311434938984962
EI2,0,0.27331037343599507,0.2525872154861701,0.4741024110778348
EE2,0.1691969750840294,0.23403695923128828,0.29463525967336646,0.30213080601131587
EO2,0.08749105369283951,0.22162214532260638,0.28661656702558275,0.4042702339589713
OA2,0.1759847889720439,0.30133306978239754,0.15774357384883297,0.36493856739672575
OI2,0.12762037786093272,0.1776373219083286,0.3199081907422317,0.37483410948850704
OE2,0.18547737028365843,0.22676832948036946,0.2973231318568066,0.29043116837916544
OO2,0.12750149432351388,0.20085288950305225,0.3182244991342246,0.3534211170392092
AA3,0.2458444352549362,0,0.4543673625979923,0.29978820214707147
AI3,0.2812689031865203,0,0.4771010109496031,0.24163008586387671
AE3,0.07599020227789667,0.4134886162877054,0.10347651778529693,0.4070446636491009
AO3,0.14549360714440565,0.3404927015553245,0.17232062097005207,0.3416930703302178
IA3,0.18374729183771144,0,0.4159461831473721,0.4003065250149165
II3,0.15635872869773942,0.26342748167657204,0.22646967965548218,0.3537441099702064
IE3,0.08308086013657442,0.41981343698496004,0.09754234303515626,0.3995633598433092
IO3,0.14769350883452823,0.32831134804568435,0.18251887426931118,0.3414762688504762
EA3,0,0.3009484560956792,0.18998524495116473,0.5090662989531561
EI3,0,0.3035468476405946,0.18799086614826524,0.5084622862111402
EE3,0.1561834816623358,0.2746612163395399,0.24474786989561,0.32440743210251427
EO3,0.10883804848224639,0.29288786204354544,0.21981836774134608,0.37845572173286224
OA3,0,0.25190095793702894,0.2420501082190519,0.5060489338439191
OI3,0.07403714318998107,0.2955911731163627,0.21738358172062328,0.4129881019730329
OE3,0.1287446041907967,0.3470163160312315,0.1925926222546599,0.3316464575233119
OO3,0.11835525532631032,0.33508735709072945,0.17872360511098304,0.36783378247197723
AA4,0.14205299118245712,0,0.4239674144583075,0.43397959435923544
AI4,0.1362211023543744,0.27122224390859684,0.22712271564344932,0.3654339380935793
AE4,0,0.5196951015339992,0,0.48030489846600066
AO4,0.09875200599012089,0.37457529719537214,0.14402155591020424,0.3826511409043027
IA4,0.17634118728729126,0,0.44046747639816874,0.38319133631453994
II4,0.14991564088042508,0.2580209607852897,0.24363345707740156,0.3484299412568836
IE4,0.10177582672800725,0.41946377113892364,0.10371818293137093,0.3750422192016982
IO4,0.1411630825158233,0.3400075286073327,0.18899967393205347,0.3298297149447904
EA4,0,0.30022357378440645,0.20670344767432905,0.49307297854126453
EI4,0,0.301211207142539,0.2049927140620591,0.4937960787954019
EE4,0.1724986572661778,0.2666392278250961,0.2492574675296887,0.3116046473790374
EO4,0.11709651569438422,0.2871689209773704,0.2318050171950583,0.36392954613318707
OA4,0.10163195502333452,0.19841904152835507,0.2806173386507793,0.4193316647975311
OI4,0.13026886168615961,0.20081219208104986,0.27372522320780585,0.3951937230249848
OE4,0.1901661064918265,0.2581660849206545,0.2512385440481824,0.3004292645393366
OO4,0.17030600725344017,0.25239216740387943,0.2578310928600858,0.3194707324825946
