AA1,0.6285459627292982,0,0.3714540372707018,0
AI1,0.292718832985038,0,0.6636247804853593,0.04365638652960278
AE1,0.2791233836844253,0.07973273652154808,0.4575385316511321,0.18360534814289461
AO1,0.24322265804113558,0.009475829101177474,0.6113644011005731,0.1359371117571139
IA1,0.3086883621293023,0.047221520545443915,0.5084834862201845,0.1356066311050694
II1,0.14596329427578744,0.014772429711947975,0.6500764136915873,0.1891878623206774
IE1,0.33331709888069433,0.08963467608621217,0.4145065264932106,0.16254169853988287
IO1,0.153980165187627,0.01383737597607799,0.6264995577378101,0.20568290109848483
EA1,0,0.40173614249420864,0,0.5982638575057914
EI1,0,0.04170736298777618,0.19300645955038856,0.7652861774618352
EE1,0.31757369433700433,0.02985209945689912,0.5477027652887227,0.10487144091737383
EO1,0.06538524820778717,0.028966129715405794,0.5673125410359247,0.33833608104088225
OA1,0.14002761474569417,0.11417012541303007,0.36490828674264336,0.38089397309863243
OI1,0.03370559574390434,0.02627931660833774,0.4799619062229448,0.46005318142481305
OE1,0.3549223705865267,0.05216230829444621,0.47526329205377454,0.11765202906525252
OO1,0.0758196455406101,0.019238954562467825,0.576518518999174,0.328422880897748
AA2,0.3503048447390281,0.024262199756102425,0.5139947406574414,0.11143821484742795
AI2,0.08820870490346489,0.02656536845332366,0.6109851328723779,0.27424079377083366
AE2,0,0.366679731868204,0,0.633320268131796
AO2,0,0.05451789683886836,0.20428029368896372,0.7412018094721678
IA2,0.4211862856072038,0.021089386657009688,0.47652944958312077,0.0811948781526658
II2,0.20868889164557902,0.008124122058804709,0.6581462299822735,0.1250407563133428
IE2,0.46771162266428795,0.051719502801350216,0.37509804055720014,0.10547083397716181
IO2,0.23014737060114657,0.008734622422109125,0.6198332469348465,0.14128476004189777
EA2,0,0.366679731868204,0,0.633320268131796
EI2,0,0.0412991770187263,0.3072881866887279,0.6514126362925458
EE2,0.43830840973588,0.0183451969332074,0.4769602078125433,0.06638618551836933
EO2,0.101135905088335,0.02300807656188268,0.6362096900034169,0.23964632834636534
OA2,0.44552683571340446,0.06390360121017716,0.34662632277074956,0.1439432403056688
OI2,0.14148474626034563,0.009124916578426522,0.6809935930110911,0.16839674415013683
OE2,0.4794820874815533,0.016096669276594613,0.4508235289690918,0.05359771427276014
OO2,0.22726260225543826,0.007528603857235843,0.6514024147090026,0.11380637917832322
AA3,0.32787795858758745,0,0.6149921113594143,0.057129930052998226
AI3,0.4036597742661332,0,0.559760492038261,0.03657973369560598
AE3,0.32127980961993347,0.15679550715728796,0.3706099020254417,0.15131478119733677
AO3,0.4517026294028744,0.03098997877578086,0.45243959592541527,0.06486779589592956
IA3,0.12943604360585848,0,0.7117965038701802,0.1587674525239613
II3,0.2125037848267436,0.05866362887257863,0.5641711141964603,0.1646614721042175
IE3,0.3563758272816655,0.21303229335794174,0.3069007076584133,0.12369117170197948
IO3,0.3117877445893251,0.09570585332115415,0.4608816738465195,0.13162472824300106
EA3,0,0.09580204553051341,0.21677060240409196,0.6874273520653946
EI3,0,0.15313949037499897,0.18364151868991743,0.6632189909350836
EE3,0.4086603169668342,0.03761053256972866,0.46200925822454836,0.09171989223888873
EO3,0.18358311043862952,0.10504005595546853,0.4737987780729121,0.2375780555329899
OA3,0,0.018622710783377464,0.3095471303820301,0.6718301588345924
OI3,0.06713736114827105,0.09925594587885608,0.4355867540395882,0.3980199389332847
OE3,0.4281134764751376,0.09030083767076906,0.38388558980036863,0.09770009605372477
OO3,0.21867574400245826,0.12885902439024888,0.44258309428509407,0.20988213732219888
AA4,0.0186243341693584,0,0.6498628629875641,0.3315128028430774
AI4,0.11304202153057573,0.04803525070731335,0.5438393912066855,0.29508333655542557
AE4,0,0.4863631947046111,0,0.5136368052953889
AO4,0.11827564856684745,0.14071251385949934,0.3609183240124555,0.3800935135611977
IA4,0.17027967720780532,0,0.7033226546196873,0.12639766817250728
II4,0.275952582177498,0.012312996728486486,0.5778753831903675,0.133859037903648
IE4,0.5098187633570188,0.07008984921245176,0.31228155440677735,0.10780983302375215
IO4,0.4062590711106297,0.0256699952683036,0.4609156363239771,0.10715529729708975
EA4,0,0.045238675319928666,0.27190895215856986,0.6828523725215015
EI4,0,0.05140631744700849,0.2454652585675174,0.703128423985474
EE4,0.5016859194848373,0.02242532895215074,0.40627810219395605,0.06961064936905577
EO4,0.25002509479031454,0.05393589482957775,0.49358820762727323,0.2024508027528345
OA4,0.1024561657962862,0.009320356804651288,0.6381657175744179,0.2500577598246447
OI4,0.21470587284604467,0.011497503030770859,0.5902175799908999,0.18357904413228474
OE4,0.5465935480655457,0.01939017620347645,0.37843812122840653,0.05557815450257138
OO4,0.43890885534934765,0.015324714159434342,0.4697126683097017,0.07605376218151631
