AA1,0.473998979928486,0,0.526001020071514,0
AI1,0.12268986112180882,0,0.7106522349038242,0.1666579039743668
AE1,0.07254562939982752,0.24459798436130445,0.23695964741194328,0.44589673882692477
AO1,0.07102440070439454,0.05708226941747502,0.47862448512809463,0.3932688447500359
IA1,0.13129082802526534,0.15644591988994222,0.34155655384070693,0.3707066982440855
II1,0.046836733886988155,0.07230893877468261,0.4245412193726306,0.45631310796569857
IE1,0.08578233066102092,0.2866565428511717,0.2126568563578145,0.4149042701299929
IO1,0.0378953139391321,0.07764765094571079,0.40327439945778065,0.48118263565737635
EA1,0,0.561087867082893,0,0.4389121329171069
EI1,0,0.23677486904594833,0.13280029254264664,0.6304248384114051
EE1,0.09640376492525016,0.17677182200342326,0.3250708890567919,0.40175352401453474
EO1,0.02124669552746685,0.14205517839416784,0.2789935478889148,0.5577045781894505
OA1,0.06641548804028927,0.2922827928973558,0.18174819450937768,0.4595535245529773
OI1,0.02327328346215431,0.138026571535088,0.2866109634604989,0.5520891815422587
OE1,0.09638127709037393,0.24254843452121583,0.2608055313706661,0.4002647570177442
OO1,0.023095092449996257,0.10648562875959348,0.3315827530548821,0.5388365257355282
AA2,0.15701328799147612,0.10628682739713279,0.3985439813189466,0.3381559032924445
AI2,0.03688273613311695,0.10170737927012513,0.40217494417160743,0.4592349404251504
AE2,0,0.5220450708515185,0,0.4779549291484814
AO2,0,0.1717720312806585,0.23907267555119185,0.5891552931681496
IA2,0.22061506927647048,0.09906431289216529,0.40085292500786934,0.2794676928234949
II2,0.07656412947132958,0.04753486094687257,0.5253792242377753,0.35052178534402273
IE2,0.21458314978940457,0.19819917801064246,0.26277863483484926,0.32443903736510366
IO2,0.06642259875237291,0.053848232134011985,0.5059781557029844,0.37375101341063055
EA2,0,0.5220450708515185,0,0.4779549291484814
EI2,0,0.2032165661304275,0.20185780351820243,0.5949256303513701
EE2,0.2246682045037974,0.11331825943491078,0.37279212687977525,0.2892214091815164
EO2,0.035097343555195996,0.10951118787033506,0.3856451587062625,0.46974630986820637
OA2,0.18069845228979284,0.24241052065962954,0.22537488165643405,0.35151614539414355
OI2,0.060252194692061195,0.08333348628809825,0.44443632190833937,0.41197799711150124
OE2,0.2613242528937025,0.10780207146608341,0.37068099158975937,0.2601926840504548
OO2,0.0741784025452741,0.05401143856025756,0.5057087970895704,0.366101361804898
AA3,0.17687741235878507,0,0.6267079753050951,0.19641461233611987
AI3,0.2511941403488292,0,0.6013471984333351,0.1474586612178358
AE3,0.10361273402389924,0.30724970287753367,0.19887755291284107,0.39026001018572604
AO3,0.22545878480553533,0.11242454096952618,0.38426562147787313,0.27785105274706534
IA3,0.0426629144581888,0,0.5996987835207306,0.35763830202108055
II3,0.0867085886206436,0.11061405331201457,0.38086902510263476,0.4218083329647071
IE3,0.1268495176523812,0.3530883892023649,0.17147558001081664,0.34858651313443717
IO3,0.10348138925694196,0.19085849280917228,0.2989274170655393,0.4067327008683465
EA3,0,0.2755879764916477,0.13623010071621042,0.5881819227921419
EI3,0,0.31506904998776886,0.11512428906609437,0.5698066609461367
EE3,0.15208465245141906,0.21442360875903912,0.2763069478165136,0.35718479097302813
EO3,0.038109745344246666,0.3131565321256752,0.1676757460944045,0.4810579764356736
OA3,0,0.10944663038677349,0.2804244907439327,0.6101288788692939
OI3,0.04655591196643261,0.19290078670630714,0.2543582244931746,0.5061850768340855
OE3,0.14917373489918473,0.29535019031360493,0.21382310006448468,0.34165297472272554
OO3,0.06785865292920183,0.23997022990049255,0.23659813382685368,0.4555729833434519
AA4,0.011941069328154598,0,0.6196183030050543,0.3684406276667912
AI4,0.054734809666673,0.14820294078684193,0.33156403308207333,0.4654982164644117
AE4,0,0.6047776941275483,0,0.39522230587245155
AO4,0.04727452053013286,0.2574424606415618,0.21794764378020615,0.4773353750480993
IA4,0.06035542666561444,0,0.6499764459357396,0.289668127398646
II4,0.12240983782170274,0.07015210982647753,0.4341279829981012,0.3733100693537186
IE4,0.24064250899219605,0.25137163432599563,0.19696157737375164,0.31102427930805676
IO4,0.15835724967914425,0.13102694645971127,0.3447198360825087,0.3658959677786358
EA4,0,0.22737081638745038,0.17891810972822908,0.5937110738843205
EI4,0,0.2585220017552623,0.15387096047721388,0.5876070377675239
EE4,0.2665109159291278,0.14825816415803822,0.2912828492138994,0.2939480706989346
EO4,0.06036260172539388,0.25278980344452867,0.21284275052264143,0.474004844307436
OA4,0.04771872483039208,0.07837081945776707,0.4025256597377303,0.4713847959741105
OI4,0.10772760353554395,0.11150210091084317,0.35834363827972326,0.4224266572738897
OE4,0.31245976513220075,0.1394357165508033,0.2860911626524504,0.2620133556645455
OO4,0.17332741213997419,0.1336905744496242,0.33248831679274105,0.3604936966176606
