AA1,0.4015266805206102,0,0.5984733194793898,0
AI1,0.05602900597532428,0,0.83294515095406,0.11102584307061565
AE1,0.056702580419906105,0.18296014364231036,0.1797402289389889,0.5805970469987948
AO1,0.0523373205147491,0.012462120121205787,0.4705917305055779,0.4646088288584672
IA1,0.15446078411278596,0.07947793194534417,0.4379814693426201,0.32807981459924973
II1,0.024068327660142715,0.015021427294312585,0.4884838379631058,0.47242640708243894
IE1,0.06654734201513983,0.25116640918122585,0.16105427869200883,0.5212319701116255
IO1,0.01550066445193137,0.02026653140295569,0.38314978582610615,0.5810830183190068
EA1,0,0.6589260109679237,0,0.34107398903207625
EI1,0,0.06991729842014739,0.10421862378659053,0.825864077793262
EE1,0.08058976357897685,0.05823878114129562,0.3649520924140123,0.4962193628657152
EO1,0.004781295710337077,0.03964838696119119,0.26354225092631217,0.6920280664021595
OA1,0.06339791649955903,0.16985197889945272,0.20441259120349742,0.5623375133974907
OI1,0.0072106674553026875,0.030509312918103066,0.2807101544200045,0.6815698652065898
OE1,0.08562508812722533,0.15972187890646347,0.24582843685849107,0.50882459610782
OO1,0.005481068855636885,0.02660870053684455,0.29694840168667547,0.6709618289208431
AA2,0.24087276782528866,0.03245931578765135,0.48409626181246235,0.2425716545745977
AI2,0.013824887125395254,0.027087606704463498,0.46393005532393405,0.49515745084620727
AE2,0,0.5788853963072279,0,0.42111460369277204
AO2,0,0.07437713125956681,0.1682089915095997,0.7574138772308334
IA2,0.39183880617709355,0.026815224450984578,0.4213395836130741,0.16000638575884768
II2,0.03151706292195321,0.006742802005200016,0.6749292013758496,0.2868109336969972
IE2,0.20151104999291494,0.14941845070742557,0.21224772490660307,0.4368227743930565
IO2,0.02652372858590792,0.011279548128743518,0.5355187620879588,0.4266779611973897
EA2,0,0.5788853963072279,0,0.42111460369277204
EI2,0,0.05470570034535639,0.1929859344146733,0.7523083652399704
EE2,0.19672519583187775,0.031217681486983357,0.44777253905898734,0.32428458362215157
EO2,0.007124792838346037,0.027078092564834247,0.4151345759837154,0.5506625386131043
OA2,0.3446288460488525,0.11341133964246337,0.2364460299299166,0.30551378437876753
OI2,0.026635292355754257,0.006909707587916345,0.6223067040750633,0.34414829598126623
OE2,0.24596932832838433,0.02914570469903168,0.4530168490685703,0.2718681179040136
OO2,0.02489553209278677,0.005606534863585982,0.6370659747956546,0.33243195824797256
AA3,0.10771583290909444,0,0.7330006615850196,0.15928350550588588
AI3,0.25181100355593694,0,0.651020575004296,0.09716842143976713
AE3,0.0613832839519119,0.46511654181192796,0.11437425551957908,0.359125918716581
AO3,0.26183009941253704,0.09294462768377629,0.3310079497207507,0.3142173231829361
IA3,0.018022446759708873,0,0.7081703374634704,0.2738072157768209
II3,0.08271358592997452,0.06965116882750817,0.42249003811180824,0.4251452071307091
IE3,0.07698511293073407,0.5722462201740083,0.08488639211777955,0.2658822747774781
IO3,0.10895009040232514,0.1844570944314127,0.27137061141994834,0.43522220374631376
EA3,0,0.16529923031557586,0.10185957034993712,0.732841199334487
EI3,0,0.20997610046790824,0.08576723043383963,0.7042566690982522
EE3,0.17124964280317395,0.13487411350518205,0.2926694670338579,0.4012067766577861
EO3,0.028169819888266057,0.22386649025861166,0.16668574015859242,0.5812779496945298
OA3,0,0.023877392585126205,0.2490014605561513,0.7271211468587224
OI3,0.037254451951342686,0.10030530469324939,0.24685503748208779,0.6155852058733202
OE3,0.15087218822116,0.38076732895888127,0.15580999210446195,0.3125504907154967
OO3,0.0575800511440513,0.21264406989125154,0.2121902772586729,0.5175856017060243
AA4,0.0037094938704341465,0,0.701712790695903,0.29457771543366285
AI4,0.03602608762876156,0.05931791077438987,0.3430641486096771,0.5615918529871714
AE4,0,0.7162442514320402,0,0.2837557485679597
AO4,0.026654242560029327,0.20430258687621322,0.17341495413931887,0.5956282164244385
IA4,0.027523874766794538,0,0.7616304089566288,0.21084571627657664
II4,0.12157828076902676,0.015278718409200708,0.4848168154083748,0.37832618541339774
IE4,0.24603102963766194,0.22776791209731287,0.15148202258352989,0.37471903568149545
IO4,0.1897350245794825,0.05144055940410151,0.3283632786188848,0.4304611373975311
EA4,0,0.07121893208217821,0.14098894693003747,0.7877921209877843
EI4,0,0.08327684234171777,0.12386010873582652,0.7928630489224557
EE4,0.31566822188358507,0.048092695607917166,0.30336572223302016,0.3328733602754777
EO4,0.04361701869339294,0.09705336743710487,0.22835058190132748,0.6309790319681747
OA4,0.027107086740814804,0.008253066457195537,0.45076998898878023,0.5138698578132094
OI4,0.11323196823054917,0.013683036556113267,0.42860976568179304,0.44447522953154445
OE4,0.4571710553251784,0.03879073516825079,0.26313461327716964,0.24090359622940116
OO4,0.2559908141655865,0.02370752539543683,0.36197320101466934,0.35832845942430736
