AA1,0.5287345732100364,0,0.47126542678996364,0
AI1,0.1892566357091413,0,0.6598960201339193,0.15084734415693943
AE1,0.04505525593861346,0.4273166669270539,0.07152534738922835,0.45610272974510435
AO1,0.04612512913739421,0.26266732777386576,0.23614194885088025,0.45506559423785975
IA1,0.22598726392885193,0.2574997501204661,0.24864439138612812,0.2678685945645538
II1,0.09951831872637955,0.20851822260024575,0.3176986359430525,0.37426482273032224
IE1,0.049360338493667784,0.441719466988289,0.06602581591769387,0.4428943786003494
IO1,0.039247382427010584,0.2752788850127332,0.22020140865241045,0.4652723239078459
EA1,0,0.5373193576580431,0,0.46268064234195694
EI1,0,0.20570711733504995,0.1613119672722383,0.6329809153927116
EE1,0.16649361888915792,0.17529211670394632,0.34643832385554335,0.31177594055135244
EO1,0.06374582225307546,0.15522229282058034,0.3359481590320131,0.4450837258943311
OA1,0.08848808476652621,0.384435055097926,0.115834174645663,0.41124268548988474
OI1,0.04767565836705295,0.24674747372716016,0.18750791634926714,0.5180689515565198
OE1,0.12867616139489296,0.3176795272885742,0.19675577471098854,0.35688853660554437
OO1,0.04569299895434977,0.23164335372056924,0.23727880919250735,0.48538483813257366
AA2,0.2573550239271928,0.21389814200546095,0.2762837339120739,0.2524631001552723
AI2,0.08404032181739404,0.20501873818718197,0.3325894660950262,0.3783514739003977
AE2,0,0.5144966818058462,0,0.4855033181941538
AO2,0,0.3389596913489733,0.11450098872952748,0.5465393199214993
IA2,0.2945404681890481,0.1984698148016227,0.2796168085730034,0.22737290843632582
II2,0.13275967385147547,0.16528546399765837,0.3740714005991016,0.3278834615517646
IE2,0.08706759559499799,0.4047256875602217,0.08864208176082447,0.41956463508395586
IO2,0.06325604516262871,0.25217481871927055,0.2511362822788719,0.43343285383922886
EA2,0,0.5144966818058462,0,0.4855033181941538
EI2,0,0.19603545030307323,0.205319656999829,0.5986448926970978
EE2,0.2544853314370286,0.1326785480020839,0.3678577041801973,0.24497841638069012
EO2,0.08813557490513707,0.1310545990190359,0.40419361635799184,0.37661620971783516
OA2,0.1860535401347932,0.3390506325530736,0.13906422479732108,0.3358316025148122
OI2,0.09616226938798395,0.1359863208922555,0.3659597513758014,0.40189165834395923
OE2,0.29651358850680193,0.12173176116072242,0.37814647990053124,0.2036081704319445
OO2,0.1555512462989068,0.10537505956524164,0.4623765562535734,0.2766971378822782
AA3,0.20942776348158978,0,0.5782322090615044,0.21234002745690572
AI3,0.30073704785618216,0,0.5612084764223557,0.13805447572146198
AE3,0.050226020012056095,0.49977264832477425,0.05701833259536466,0.39298299906780504
AO3,0.12317976252787018,0.40703502912598866,0.12172475013637453,0.34806045820976667
IA3,0.1315852963550569,0,0.5862414589150559,0.2821732447298873
II3,0.14078874925569065,0.2820336649173156,0.26154748860049243,0.31563009722650154
IE3,0.05593630313236852,0.5154634644090461,0.05184197266759089,0.37675825979099453
IO3,0.14505172199325356,0.3978360002871778,0.14401320103542473,0.313099076684144
EA3,0,0.23868740757506166,0.14012542057312527,0.621187171851813
EI3,0,0.24547349907312474,0.13588842816963642,0.6186380727572389
EE3,0.2562294860698422,0.17856280160983468,0.28001024983733974,0.2851974624829835
EO3,0.17411331377124617,0.21092197243113495,0.25870562851838963,0.3562590852792293
OA3,0,0.1652162677632841,0.2045607038114078,0.630223028425308
OI3,0.07703243882352422,0.2975684297060339,0.15703646980831257,0.46836266166212925
OE3,0.17558696791285786,0.3491284046416199,0.15994547845636511,0.31533914898915716
OO3,0.14544649490740008,0.36708432185963763,0.15554230529379473,0.3319268779391676
AA4,0.06487856417470006,0,0.579050640164496,0.3560707956608041
AI4,0.09522405702065474,0.2852120488150767,0.25730512307705444,0.3622587710872141
AE4,0,0.5927722280386305,0,0.4072277719613695
AO4,0.0680856897404058,0.4728278168964193,0.09316587129730017,0.3659206220658749
IA4,0.15930865687672868,0,0.5857965608195919,0.25489478230367935
II4,0.1567222588330808,0.23148505939095274,0.28785318611490035,0.3239394956610662
IE4,0.07469755642964516,0.48001187133028744,0.05900334460442889,0.3862872276356385
IO4,0.15844163888005935,0.37076211336858766,0.15101204950909528,0.3197841982422577
EA4,0,0.22755385646176768,0.14933228640839363,0.6231138571298387
EI4,0,0.2323071006171927,0.14508225607648856,0.6226106433063189
EE4,0.27071502961942456,0.16985744386400095,0.28031684578391136,0.27911068073266315
EO4,0.18150093317512686,0.2023921252423698,0.26344373492751705,0.3526632066549863
OA4,0.08552398840363389,0.15734368929409256,0.28774798955105724,0.46938433275121616
OI4,0.15292832830629655,0.15998389686038442,0.27621053577126076,0.41087723906205825
OE4,0.32541091491010465,0.15499423879788302,0.2852196313413022,0.2343752149507102
OO4,0.3087391770123709,0.15731294245869043,0.2913040318718205,0.24264384865711816
