AA1,0.6302653810297311,0,0.36973461897026894,0
AI1,0.3429736044578673,0,0.6059242862106058,0.05110210933152682
AE1,0.19729202941746832,0.13985924582777545,0.3340412444557505,0.3288074802990057
AO1,0.15687704306974765,0.026893930394553397,0.610784877921033,0.205444148614666
IA1,0.3954763748279877,0.038570621073019555,0.47554712497941964,0.09040587911957307
II1,0.20181075235695212,0.02554319253310526,0.6035086314319934,0.16913742367794923
IE1,0.22033575187058005,0.15179499944596053,0.3165570028871157,0.31131224579634365
IO1,0.09948471790686209,0.030927712622872004,0.5929949818134327,0.27659258765683326
EA1,0,0.42080031591530315,0,0.5791996840846968
EI1,0,0.08420122828756378,0.18737782419090193,0.7284209475215343
EE1,0.2713208762848522,0.055922628060631946,0.4932633189760205,0.17949317667849524
EO1,0.03635059141760408,0.046449801907253924,0.44331881767329195,0.4738807890018501
OA1,0.10773485301196137,0.1030631933755353,0.4616053820101222,0.32759657160238115
OI1,0.04207465627588991,0.042578310356784485,0.5012570319952119,0.41409000137211377
OE1,0.28079602737189896,0.10032170173047422,0.3970981175151866,0.22178415338244023
OO1,0.03465900695641169,0.03485272532548796,0.4920547120285606,0.4384335556895398
AA2,0.4058752233000979,0.02579590468666415,0.48500752919984924,0.08332134281338863
AI2,0.1531121471860225,0.03058221713510734,0.6085133692083557,0.20779226647051433
AE2,0,0.35712061439813086,0,0.6428793856018692
AO2,0,0.06084073568003675,0.3525205260712407,0.5866387382487227
IA2,0.4445352865608086,0.023809120810204948,0.4651119257446496,0.066543666884337
II2,0.23335055954413084,0.017442884733572875,0.6141830754115055,0.13502348031079078
IE2,0.2952143802720577,0.11780603302573615,0.32862434781451366,0.2583552388876924
IO2,0.12584387780358003,0.026799854623881864,0.614314183051879,0.23304208452065917
EA2,0,0.35712061439813086,0,0.6428793856018692
EI2,0,0.07643116593332883,0.23578245823906843,0.6877863758276028
EE2,0.3356331535706259,0.04399857867366728,0.47763250416905073,0.14273576358665607
EO2,0.05039894028663649,0.042413064173246605,0.49655397380324295,0.41063402173687397
OA2,0.47967678902301414,0.050774984066647565,0.3797310645821796,0.08981716232815863
OI2,0.2569582370628815,0.0163578813999604,0.5773756386226041,0.1493082429145542
OE2,0.3796264409406917,0.03912624896810279,0.4659534807303872,0.11529382936081824
OO2,0.21691359545457717,0.018455993157163498,0.6087344003907563,0.1558960109975031
AA3,0.35597325985229983,0,0.5791213850231516,0.0649053551245485
AI3,0.4182085581836494,0,0.5379130239888631,0.043878417827487526
AE3,0.21375471281452452,0.22474235983553817,0.2826267214412217,0.27887620590871565
AO3,0.4578799247641764,0.03809325162739578,0.432841550175685,0.07118527343274289
IA3,0.17287518070903135,0,0.654896231633093,0.17222858765787574
II3,0.2531073553115,0.046042348988615665,0.5468762819683278,0.15397401373155656
IE3,0.2354847118454765,0.24785139295144742,0.2597399313545778,0.2569239638484982
IO3,0.3219975503961204,0.077008476017246,0.45549287329215304,0.14550110029448066
EA3,0,0.13321965045931514,0.18480757418822713,0.6819727753524578
EI3,0,0.15084473830472694,0.17162501376689915,0.677530247928374
EE3,0.32849400972742704,0.06598890497386177,0.44395991869102197,0.1615571666076893
EO3,0.1403404257761954,0.12870426333545584,0.3815856489168206,0.34936966197152813
OA3,0,0.028683612166982477,0.3811091357745925,0.590207252058425
OI3,0.0646867269505519,0.07340797171389067,0.46781452068787427,0.39409078064768305
OE3,0.32172405926725334,0.14498469622992427,0.3426401038700414,0.19065114063278105
OO3,0.18945697163752925,0.10941204463288016,0.44559765735973533,0.2555333263698552
AA4,0.07669207238646505,0,0.6598145228277073,0.2634934047858277
AI4,0.18355028720119193,0.045986926048292534,0.5553246791461256,0.2151381076043899
AE4,0,0.44085200414388304,0,0.5591479958561171
AO4,0.22516692531536234,0.10955767302054335,0.4288411972616645,0.2364342044024298
IA4,0.19242897464299802,0,0.65385710910538,0.1537139162516219
II4,0.2846693337990203,0.024328312405954573,0.552784586609593,0.13821776718543202
IE4,0.31327444596743403,0.14312963835682843,0.28105403789370076,0.26254187778203675
IO4,0.363690845761853,0.046891903966221116,0.45748309570853235,0.13193415456339352
EA4,0,0.08016111851444123,0.20625200442137026,0.7135868770641886
EI4,0,0.08627081502400165,0.19416592189298967,0.7195632630830087
EE4,0.3782090549253605,0.048981246636780204,0.4252055717976327,0.14760412664022665
EO4,0.1666320250693345,0.08736830510671217,0.40306973069066027,0.3429299391332931
OA4,0.21872821111819665,0.017199173630193194,0.5617739824816378,0.20229863276997237
OI4,0.3185340321356805,0.01944031610434742,0.5115241844093974,0.15050146735057482
OE4,0.4297264961271277,0.042897577789722814,0.4102306759897479,0.11714525009340146
OO4,0.44275939867462283,0.027852250317591882,0.4357576227946679,0.09363072821311745
