AA1,0.47603269521460256,0,0.5239673047853975,0
AI1,0.20293422931209548,0,0.5519769752795692,0.2450887954083353
AE1,0.04760560487918528,0.39328262742870956,0.09159535191449078,0.4675164157776144
AO1,0.04664997086005306,0.2492309287913263,0.258536438294259,0.44558266205436164
IA1,0.20830319689468724,0.2251656721043377,0.287503825309872,0.279027305691103
II1,0.10660629704792099,0.1917390464977672,0.32545414919245547,0.3762005072618562
IE1,0.05123691159634935,0.39970752588808606,0.08723104816672438,0.4618245143488402
IO1,0.04136854103129769,0.25616114100083603,0.24777075879192206,0.4546995591759442
EA1,0,0.4834990379865887,0,0.5165009620134112
EI1,0,0.24720813113477144,0.19678389521253115,0.5560079736526975
EE1,0.14444359464103923,0.1965435600886096,0.3113204226103271,0.3476924226600241
EO1,0.07001702734740392,0.18051383705460608,0.3041593949925722,0.44530974060541784
OA1,0.09172162821728536,0.3263029805579929,0.18181266053267492,0.4001627306920469
OI1,0.05190067595589937,0.24037471323207496,0.2506230454207837,0.4571015653912419
OE1,0.10572300586497343,0.30054786647369175,0.20188300390760267,0.39184612375373223
OO1,0.04579799180529285,0.22959779921034368,0.26009144912741194,0.46451275985695145
AA2,0.21107499099342372,0.2069207393132911,0.30581780793609153,0.2761864617571936
AI2,0.0904799583194386,0.1915614999526098,0.3272838161962826,0.39067472553166893
AE2,0,0.4725949717874904,0,0.5274050282125096
AO2,0,0.30673820154110043,0.1762098048561877,0.5170519936027118
IA2,0.23208051780692557,0.19810042534782824,0.31173484241612126,0.258084214429125
II2,0.12104932209690852,0.1687040133344764,0.35566372656439804,0.3545829380042169
IE2,0.07827158276779472,0.37321472273604483,0.10834385724601303,0.44016983725014747
IO2,0.061116919429852756,0.2343271522246711,0.271818069465083,0.4327378588803933
EA2,0,0.4725949717874904,0,0.5274050282125096
EI2,0,0.2334533088209627,0.23373693110981536,0.5328097600692219
EE2,0.18810530415809157,0.17071357524115793,0.33387240979034716,0.3073087108104033
EO2,0.08618477104566266,0.16497306999833716,0.3434989343315529,0.4053432246244472
OA2,0.17362657862394557,0.3020553074438716,0.19356104074763447,0.3307570731845483
OI2,0.10652161968328629,0.14205105596863124,0.37142934943353223,0.3799979749145504
OE2,0.21273257142339794,0.16261632354646274,0.3404857521446653,0.284165352885474
OO2,0.1372715991498208,0.1316232404565324,0.3934399629609519,0.3376651974326949
AA3,0.19425186995869786,0,0.5208527216538023,0.28489540838749994
AI3,0.2484827167639201,0,0.5174701426457112,0.2340471405903686
AE3,0.05239252310232875,0.4369237579297531,0.0786984984807662,0.431985220487152
AO3,0.12730689333059572,0.3510955414264693,0.1682130642567709,0.3533845009861639
IA3,0.13671423530051918,0,0.5130212973439361,0.35026446735554473
II3,0.12807355433369833,0.23188070915744552,0.29855239781008525,0.341493338698771
IE3,0.05735472042967571,0.44319571794232976,0.07461220145614257,0.424837360171852
IO3,0.11994908364006968,0.3515538060718923,0.1658817137866534,0.3626153965013846
EA3,0,0.26973065531702256,0.17884430563844408,0.5514250390445333
EI3,0,0.27258735605011325,0.1765614131217983,0.5508512308280884
EE3,0.18330419370043716,0.2064177671829437,0.2770272549595786,0.33325078415704057
EO3,0.14100938212993808,0.22529722412188885,0.25457874095123156,0.3791146527969415
OA3,0,0.19537589315924167,0.2736530361165211,0.5309710707242372
OI3,0.07648533398640713,0.2707930005676725,0.22641159894399118,0.4263100665019292
OE3,0.12852350101639837,0.32824838943589835,0.1775644904104488,0.3656636191372544
OO3,0.12527978419110336,0.3147220889625556,0.1962538106604732,0.36374431618586783
AA4,0.07826431642453996,0,0.5131699093040025,0.4085657742714577
AI4,0.09423364270164246,0.250778119384607,0.28498540411587775,0.37000283379787297
AE4,0,0.5307890020105113,0,0.4692109979894886
AO4,0.0697150586261441,0.4096999952320698,0.12229900453784225,0.39828594160394387
IA4,0.14707474674454105,0,0.5166042266501694,0.33632102660528956
II4,0.1298135033831027,0.22180427681701556,0.3078686473589303,0.3405135724409514
IE4,0.06923987534494,0.434937606267811,0.07985189164932695,0.41597062673792207
IO4,0.12339374066464119,0.34565644496929504,0.17104008523736217,0.3599097291287016
EA4,0,0.26678262347487536,0.18652284927952675,0.5466945272455979
EI4,0,0.2693432900442254,0.18415352495569554,0.546503185000079
EE4,0.19427868037843882,0.20095502689408307,0.27977648100663743,0.3249898117208407
EO4,0.14711788101042306,0.22070326137994647,0.26015970741645994,0.3720191501931705
OA4,0.09372919492889391,0.16440835932577713,0.32202690434942466,0.41983554139590434
OI4,0.13334414783206858,0.16665362625919836,0.3137311984021565,0.3862710275065766
OE4,0.22135002001568138,0.1911407713865935,0.2860888202747459,0.30142038832297924
OO4,0.23309670777936506,0.18220973177647662,0.2963523001383637,0.2883412603057946
