AA1,0.6854977198908819,0,0.314502280109118,0
AI1,0.15896912555500314,0,0.7755322290368072,0.06549864540818966
AE1,0.08569488757918636,0.03545426483030255,0.49382696172735113,0.3850238858631599
AO1,0.07107493452944574,0.00042777191112506837,0.754477434580425,0.17401985897900418
IA1,0.25104065037985773,0.04417294762782267,0.5552655711842396,0.14952083080807999
II1,0.045530099663793504,0.007670002627483953,0.6808514503655669,0.2659484473431555
IE1,0.11905536193587839,0.046107231435343794,0.4747469702316657,0.36009043639711213
IO1,0.023156057636621135,0.0012838612251542202,0.6661269699394188,0.3094331111988059
EA1,0,0.33327935804591124,0,0.6667206419540889
EI1,0,0.02893408877178891,0.17859619510566435,0.7924697161225468
EE1,0.08636909113583392,0.020879747975924207,0.5893611164628673,0.3033900444253746
EO1,0.005544552971633953,0.013303300221921497,0.3736595227997413,0.6074926240067033
OA1,0.06485560640978111,0.08098661569487535,0.5290870422508991,0.32507073564444444
OI1,0.011744952246028378,0.008264163944464453,0.5420467460687913,0.4379441377407159
OE1,0.1263605838873514,0.040289555065444946,0.5137637319464576,0.31958612910074613
OO1,0.007983657116588784,0.002084722462946326,0.5391985638006896,0.4507330566197752
AA2,0.3811865053597619,0.016955359379346745,0.494361263017571,0.10749687224332037
AI2,0.03902115248388326,0.022182172019788827,0.6338301583571743,0.3049665171391536
AE2,0,0.2632863995016209,0,0.7367136004983791
AO2,0,0.024267528020386776,0.3599670870876713,0.6157653848919419
IA2,0.4524169359522553,0.0160294194706982,0.44847169420313265,0.08308195037391404
II2,0.0906940223689821,0.0037581250830600477,0.713060335527783,0.1924875170201749
IE2,0.29088993545243025,0.02763350797104643,0.4496837823718998,0.23179277420462344
IO2,0.04765532021141935,0.0007467256236691927,0.7179835868376562,0.23361436732725532
EA2,0,0.2632863995016209,0,0.7367136004983791
EI2,0,0.024224406839729262,0.25203456060326546,0.7237410325570053
EE2,0.20700786004241384,0.014053345192037395,0.5755209437849111,0.20341785098063755
EO2,0.012324954566691122,0.011615027527433798,0.47280340744271504,0.5032566104631601
OA2,0.5120463073595042,0.029009716862815463,0.36995142935076575,0.08899254642691462
OI2,0.10724447954924161,0.0026496949078167534,0.691880154698532,0.19822567084440953
OE2,0.2904674124804416,0.013251459150109151,0.5443426950205759,0.15193843334887341
OO2,0.07520237855870332,0.0011067488770764703,0.7319603736153378,0.1917304989488824
AA3,0.2942977317987577,0,0.6297869312948893,0.07591533690635306
AI3,0.416863751640635,0,0.5390563298988957,0.04407991846046923
AE3,0.17185449187898047,0.10762703149110217,0.4081038919124011,0.3124145847175164
AO3,0.48635578238895294,0.004107080499494111,0.4597717753310317,0.04976536178052121
IA3,0.05646697540171057,0,0.6904261784990254,0.25310684609926404
II3,0.14139475420611922,0.05620779586510715,0.5807578515653596,0.221639598363414
IE3,0.2360892390285674,0.1625977148149847,0.34414120482941135,0.2571718413270364
IO3,0.20627066026770438,0.050308966531223534,0.5560827951562642,0.187337578044808
EA3,0,0.060129128699983235,0.19663702883285414,0.7432338424671626
EI3,0,0.1019437714623478,0.16881424806705625,0.729241980470596
EE3,0.189744723018928,0.03846851411067869,0.5129299253010025,0.2588568375693907
EO3,0.026606302713698505,0.11064880536360593,0.32799143115076146,0.5347534607719341
OA3,0,0.005839839479888649,0.38283505766543036,0.611325102854681
OI3,0.03687045716291416,0.05561912332970874,0.5072846712415979,0.40022574826577917
OE3,0.26778724851648106,0.11633721459795647,0.381791083917328,0.23408445296823444
OO3,0.08347786264853188,0.062297898297058875,0.5426351866944839,0.31158905235992534
AA4,0.015424137661616157,0,0.6529289585449457,0.3316469037934383
AI4,0.09094257987262638,0.04404154811819115,0.5664985143853106,0.2985173576238719
AE4,0,0.38265243671439425,0,0.6173475632856057
AO4,0.11811046963879282,0.06624336007675258,0.5046106157733279,0.3110355545111267
IA4,0.0893047810887519,0,0.7064171984291134,0.20427802048213461
II4,0.23052847621978945,0.006195514161174293,0.5856554339467563,0.17762057567227998
IE4,0.4044744549339634,0.03309086407205136,0.3444796484999215,0.21795503249406373
IO4,0.321579438957569,0.005560148478511087,0.528540820950429,0.14431959161349103
EA4,0,0.023973118309786507,0.23506720559280497,0.7409596760974085
EI4,0,0.030861611897839102,0.2100783746875352,0.7590600134146256
EE4,0.3028007392700292,0.016451722006335195,0.4755705471637838,0.2051769915598518
EO4,0.04195386028562171,0.04116978966265146,0.388406861892664,0.5284694881590628
OA4,0.11237791729884024,0.0012122882427558893,0.6282227267457854,0.2581870677126186
OI4,0.2752496496306318,0.0037771415620718226,0.5455537480620614,0.17541946074523512
OE4,0.4267208751237624,0.014375433047472201,0.41728400583030284,0.14161968599846264
OO4,0.39407015921729305,0.0033407522248156407,0.4855896619392857,0.11699942661860571
