AA1,0.6114973132685757,0,0.38850268673142424,0
AI1,0.41382226331827304,0,0.5780159477693784,0.00816178891234849
AE1,0.4535747579668405,0.02245766497091926,0.47629970402922817,0.04766787303301209
AO1,0.40295016204580375,0.00792906705804054,0.5497176257426456,0.03940314515351003
IA1,0.4477870504066488,0.044156275765214144,0.4362218416520486,0.0718348321760885
II1,0.33702106058978787,0.012199369880885729,0.5816824236302259,0.0690971458991005
IE1,0.4703397284890772,0.024588904040038807,0.4621619362123609,0.04290943125852319
IO1,0.3516300453573744,0.00965661635187364,0.5902786213771539,0.048434716913598026
EA1,0,0.415968349061417,0,0.5840316509385829
EI1,0,0.018121453570793835,0.3096333220715636,0.6722452243576427
EE1,0.4531898557216924,0.0033831026532163797,0.5307605429314437,0.012666498693647407
EO1,0.21973112292968044,0.003979974288235491,0.6367309678199071,0.13955793496217705
OA1,0.31332280689826064,0.10268661591065768,0.34319189632125585,0.24079868086982595
OI1,0.19590141718232076,0.006955068378036585,0.4775127063003609,0.3196308081392818
OE1,0.4792326580364622,0.008462740702251488,0.4953324028117317,0.016972198449554516
OO1,0.22829721961900273,0.007107781907790267,0.6188241745812969,0.14577082389191007
AA2,0.47153324030838045,0.021527868256860674,0.45277363351729377,0.054165257917465084
AI2,0.2822624831045595,0.02600353064213855,0.5788642530669906,0.11286973318631131
AE2,0,0.3609808886512243,0,0.6390191113487758
AO2,0,0.1031124416850465,0.24301911887551716,0.6538684394394364
IA2,0.49373518704771646,0.01955755668496726,0.44210878948417587,0.04459846678314046
II2,0.36449151710885025,0.0054026514090499125,0.5872716628393633,0.04283416864273649
IE2,0.5371519676110293,0.012601124718342216,0.4240657447725396,0.026181162898088625
IO2,0.39700616117567017,0.0049353478802389005,0.5669286082096336,0.03112988273445725
EA2,0,0.3609808886512243,0,0.6390191113487758
EI2,0,0.015189368871161915,0.4486669311920906,0.5361436999367475
EE2,0.5213015262638291,0.0020313410789147214,0.46898210131838874,0.0076850313388675245
EO2,0.23498061799089556,0.00283698368438179,0.6667613288565797,0.09542106946814298
OA2,0.5016907376599549,0.04746303026598764,0.3612362541536416,0.08960997792041578
OI2,0.3070018163714678,0.0002634584590977935,0.6062897292491418,0.08644499592029253
OE2,0.5387539080082968,0.0011768741639238463,0.4554104285707758,0.004658789257003491
OO2,0.35774723978850814,0.0006466469432949924,0.617515802501511,0.024090310766685993
AA3,0.4277905338271811,0,0.5588623638835741,0.013347102289244772
AI3,0.47421398173338336,0,0.5189384004248352,0.006847617841781425
AE3,0.4531356699962068,0.08206883333013706,0.42545465066531024,0.03934084600834585
AO3,0.5108258422177725,0.030700613298501316,0.43952599423115163,0.01894755025257439
IA3,0.3157391788666993,0,0.6486600417227645,0.03560077941053618
II3,0.35164422197890954,0.11235781942941782,0.47298002630641445,0.06301793228525825
IE3,0.4609153459042352,0.10383685357898942,0.400677716917343,0.0345700835994324
IO3,0.4680400282386661,0.07028496026147715,0.43532465784075347,0.026350353659103373
EA3,0,0.06843685802930702,0.3150218555511436,0.6165412864195494
EI3,0,0.09820936509201146,0.2922454026415273,0.6095452322664613
EE3,0.5021910779597566,0.004816398195581356,0.48186016738776843,0.011132356456893666
EO3,0.419150238875716,0.010555110501951355,0.5413305472700296,0.02896410335230299
OA3,0,0.01790549173819813,0.38818252280851046,0.5939119854532914
OI3,0.23364805590971927,0.07679550959376902,0.3984372736864737,0.2911191608100381
OE3,0.5191047999215439,0.019681428364237412,0.44668989659124525,0.014523875122973505
OO3,0.4067925796350485,0.09611913071817194,0.436985576438326,0.06010271320845359
AA4,0.1575636184546181,0,0.686588863579381,0.15584751796600083
AI4,0.2970716272231152,0.056686988005170906,0.5207628584429922,0.12547852632872167
AE4,0,0.4687213121150155,0,0.5312786878849844
AO4,0.2968656024015959,0.1632121947894148,0.3581020343914436,0.18182016841754567
IA4,0.33716247713189695,0,0.634865319535484,0.027972203332619096
II4,0.406936310515767,0.011891252115786862,0.5318719567433325,0.04930048062511361
IE4,0.5521455302843603,0.020311253980952987,0.39721412816295054,0.03032908757173609
IO4,0.5171955668117107,0.01068282819980411,0.45038862816563036,0.02173297682285476
EA4,0,0.0183775491873322,0.3680639130456342,0.6135585377670337
EI4,0,0.021201770883947032,0.35223054069304166,0.6265676884230112
EE4,0.5503665157319885,0.002772767013890203,0.437871093659314,0.008989623594807225
EO4,0.4459177233004607,0.00426256926128322,0.5259255385395268,0.023894168898729126
OA4,0.2936060015753074,0.00038082041268560507,0.5855059814817181,0.1205071965302889
OI4,0.3765729149194532,0.0005434734705586594,0.5218168759953692,0.10106673561461892
OE4,0.5734807497636043,0.0015389833972833857,0.4194592782648786,0.0055209885742337796
OO4,0.5367076757418597,0.0007270958390675205,0.4573649817208625,0.005200246698210157
