AA1,0.445909763429253,0,0.5540902365707471,0
AI1,0.09154777185623299,0,0.7076123158457069,0.20083991229805995
AE1,0.06452063219976754,0.24733546645364926,0.20198174449668296,0.48616215684990033
AO1,0.06494721529220017,0.04095823049147763,0.464066884901339,0.4300276693149833
IA1,0.16051644126071765,0.10939130911852822,0.4180616995972671,0.31203055002348706
II1,0.054760401145909895,0.03059699053795377,0.48085941867622645,0.43378318963990997
IE1,0.07236719651846443,0.3008736986210391,0.17734043196502036,0.4494186728954761
IO1,0.03785374410966762,0.0633037736913568,0.3981995209656507,0.5006429612333249
EA1,0,0.6064265933246276,0,0.3935734066753724
EI1,0,0.13518937931230177,0.19093647359738708,0.6738741470903111
EE1,0.0827681440903218,0.10875954271131895,0.3654837055946861,0.44298860760367315
EO1,0.01973003325407864,0.0902759978292563,0.31508713815597306,0.574906830760692
OA1,0.07222704479031414,0.2396581916733804,0.23107659225382746,0.45703817128247803
OI1,0.027369475456740244,0.07128490896511887,0.33834022120369783,0.5630053943744431
OE1,0.08622398369898766,0.22511172714100952,0.2427956476887495,0.4458686414712533
OO1,0.022853425508008198,0.07817456717252078,0.33458496369686386,0.5643870436226072
AA2,0.22925506654028147,0.06244020191064776,0.4390136086764165,0.26929112287265433
AI2,0.03956858901444764,0.05386614614191153,0.4443541492972173,0.4622111155464237
AE2,0,0.5533089967646404,0,0.44669100323535965
AO2,0,0.15002064200940862,0.2271270394199878,0.6228523185706036
IA2,0.3106984123400961,0.057330769304764904,0.41847333718251756,0.21349748117262152
II2,0.07049326312599215,0.01869992089736527,0.5684081997593833,0.34239861621725914
IE2,0.14964118580995073,0.21952392830706804,0.22381462324338086,0.4070202626396004
IO2,0.05513062073501026,0.04253134491952108,0.48404713563205226,0.41829089871341635
EA2,0,0.5533089967646404,0,0.44669100323535965
EI2,0,0.10772549181111889,0.27169848718098705,0.6205760210078941
EE2,0.15094690174330758,0.07189863975624805,0.4229704124286697,0.3541840460717747
EO2,0.02657105146389846,0.06691272629677557,0.4090006036390003,0.4975156186003256
OA2,0.2695982828683204,0.17518010935781297,0.26137382753629257,0.293847780237574
OI2,0.06466910160661464,0.024107953370441845,0.5379990608939083,0.3732238841290353
OE2,0.18969681836999894,0.06939068000998334,0.42438816683373726,0.31652433478628056
OO2,0.0644615693218163,0.02469739486578401,0.5406051959999958,0.37023583981240377
AA3,0.12676126120510364,0,0.6373482248179669,0.23589051397692934
AI3,0.2175011185654816,0,0.6031137855213458,0.1793850959131727
AE3,0.08492831241914192,0.36780149380109334,0.15989435799645738,0.3873758357833074
AO3,0.21091530309954074,0.13334900337245215,0.336301614075934,0.3194340794520731
IA3,0.042617091403639534,0,0.6267149287505561,0.33066797984580437
II3,0.10479875001175756,0.06762482530051671,0.42823135525201395,0.39934506943571174
IE3,0.1071598152163524,0.4278860897615659,0.13149182787983726,0.3334622671422446
IO3,0.12696547859302532,0.1871626822769381,0.2929268638838819,0.3929449752461547
EA3,0,0.19809440588159075,0.1828422956498442,0.619063298468565
EI3,0,0.2284110661875053,0.1630131573007919,0.6085757765117029
EE3,0.1510043085164796,0.16358407116893087,0.30382380928610675,0.38158781102848277
EO3,0.045808320080685874,0.22844179680702495,0.2281413931117381,0.4976084900005512
OA3,0,0.0547103151013631,0.33896700370955724,0.6063226811890796
OI3,0.050148509752910346,0.13616913865343191,0.29737408236820406,0.5163082692254537
OE3,0.14784583777839524,0.324075823101521,0.1851414887958822,0.3429368503242017
OO3,0.08461931265199428,0.21559223972840047,0.24810014920346685,0.45168829841613833
AA4,0.012247571666010084,0,0.6327357791685788,0.35501664916541115
AI4,0.05880488946980157,0.09322964535393469,0.36972102678993174,0.478244438386332
AE4,0,0.6628892651336681,0,0.337110734866332
AO4,0.049596972390733234,0.2791107999010463,0.19544069084509227,0.47585153686312814
IA4,0.05424320189451048,0,0.6584010939556941,0.2873557041497954
II4,0.13533523974951198,0.03220685012920916,0.46668629678595963,0.36577161333531927
IE4,0.18941351537261908,0.2952983060187936,0.1632891937494495,0.35199898485913783
IO4,0.1783130111880478,0.11184550835762143,0.3310988162402824,0.3787426642140484
EA4,0,0.13791707978946913,0.2266133693090417,0.6354695509014892
EI4,0,0.157358980512731,0.20569467600917565,0.6369463434780934
EE4,0.22552488944409593,0.10417824849671438,0.32249419709684546,0.34780266496234424
EO4,0.06629161681097755,0.15595118253705142,0.2741163589669208,0.5036408416850502
OA4,0.05415581381235873,0.02675473869691201,0.4658277197615762,0.453261727729153
OI4,0.12480674383250653,0.03844286190195524,0.43545703926553003,0.4012933550000081
OE4,0.30257126362880465,0.09548714195127143,0.30666256421037374,0.29527903020955015
OO4,0.21561953661369207,0.06503712305397841,0.37333860704578503,0.34600473328654463
