AA1,0.4848252561119194,0,0.5151747438880805,0
AI1,0.315282124467746,0,0.5488970312701018,0.13582084426215213
AE1,0.1226487723884337,0.33869796809967384,0.1658175664777728,0.37283569303411956
AO1,0.1178615039521817,0.23219767138422792,0.2947438383440499,0.3551969863195406
IA1,0.16732835859736922,0.2673100511991123,0.23077765714926604,0.3345839330542525
II1,0.13113457374739848,0.24537462927945045,0.25515695114066034,0.3683338458324908
IE1,0.1287807677417492,0.343719829789396,0.15971279810133213,0.3677866043675226
IO1,0.0989428122628475,0.23250990509319097,0.28146284365902896,0.3870844389849325
EA1,0,0.4979188754925495,0,0.5020811245074506
EI1,0,0.36429395471228365,0.09897710030254254,0.5367289449851739
EE1,0.18242261022011996,0.26324135627061646,0.24364689140962598,0.31068914209963766
EO1,0.08086959163000014,0.2326505838785727,0.2307563577310497,0.45572346676037745
OA1,0.07179893498321198,0.38619277056860146,0.11822116210691187,0.4237871323412747
OI1,0.052750705291018087,0.3203297529600875,0.16869558764077047,0.45822395410812394
OE1,0.16950093645239414,0.29021191794853307,0.21635165014588512,0.32393549545318756
OO1,0.0727453051740876,0.2296032389658389,0.24558413791664543,0.4520673179434281
AA2,0.1798808093774305,0.2347324665466175,0.2649311692053698,0.3204555548705823
AI2,0.12118862934577938,0.2343927743140406,0.27686948848502285,0.36754910785515715
AE2,0,0.48520160236846055,0,0.5147983976315395
AO2,0,0.30178770272948463,0.19807103767059736,0.500141259599918
IA2,0.21515647973168467,0.21940344414406326,0.27683213195912465,0.28860794416512753
II2,0.17097099235985766,0.203008712021375,0.3074813929651695,0.3185389026535978
IE2,0.18894492168647453,0.2907814821798538,0.2006351298668066,0.3196384662668651
IO2,0.1432794996481146,0.19576235508217837,0.32960519114000913,0.3313529541296979
EA2,0,0.48520160236846055,0,0.5147983976315395
EI2,0,0.3467337680989857,0.14300162866607913,0.510264603234935
EE2,0.25147787036205815,0.2101504041858345,0.28545433065607534,0.25291739479603204
EO2,0.11654605468318419,0.2037308418829458,0.2966129487382465,0.3831101546956235
OA2,0.13152663854265598,0.35830590597391354,0.1356828579939015,0.3744845974895291
OI2,0.10395772347489057,0.26304099811428056,0.24756815477140875,0.38543312363942006
OE2,0.26150781439423787,0.20427870244598076,0.29022027619062296,0.24399320696915835
OO2,0.16002272808842732,0.18019121043078953,0.32802999327478244,0.3317560682060006
AA3,0.3001213955199545,0,0.5331639548084234,0.16671464967162206
AI3,0.33805861086637595,0,0.5283915392861706,0.13354984984745347
AE3,0.12193028562244354,0.3570001595482291,0.1548931772242332,0.3661763776050942
AO3,0.19401335828845467,0.2760295704180684,0.23991751239809095,0.29003955889538596
IA3,0.17691507748973243,0,0.4909664699592054,0.3321184525510621
II3,0.13394987316591195,0.2737642211431307,0.24034272389327385,0.3519431817976835
IE3,0.1284483455555664,0.36271132852126,0.1488911371322585,0.35994918879091514
IO3,0.1567221679479311,0.30746031480123814,0.20603091976238821,0.32978659748844247
EA3,0,0.370867884967402,0.09507744991951737,0.5340546651130806
EI3,0,0.37774452123873603,0.08889757972649433,0.5333578990347697
EE3,0.19157792363155207,0.2729981515293855,0.22727491723509274,0.30814900760396974
EO3,0.10353270682493462,0.3415849466022836,0.15111225385822996,0.40377009271455194
OA3,0,0.30409403944563623,0.17016154886483426,0.5257444116895296
OI3,0.06281437248583646,0.3346119472188308,0.15728192358949267,0.44529175670584015
OE3,0.174727515091048,0.303933151569483,0.20244054104939843,0.31889879229007073
OO3,0.1297635098741932,0.3335253450557563,0.17326527162954275,0.3634458734405077
AA4,0.09760074873072529,0,0.5008980735828149,0.4015011776864598
AI4,0.11330241798623417,0.27477050835741373,0.24496614378661435,0.3669609298697377
AE4,0,0.5163395851334432,0,0.48366041486655686
AO4,0.11169722637746106,0.3386236678150129,0.17920424230896168,0.37047486349856434
IA4,0.21240115901413514,0,0.5133546507678366,0.2742441902180283
II4,0.1623410761517193,0.24016920024650623,0.2731361413229151,0.3243535822788593
IE4,0.17408115699154203,0.3284096427446456,0.1683957535057611,0.3291134467580513
IO4,0.18886511910372447,0.27898944386326485,0.22921487497418466,0.3029305620588261
EA4,0,0.36332853624912603,0.11836808831722488,0.518303375433649
EI4,0,0.3693699253867703,0.11084496083226515,0.5197851137809646
EE4,0.24345538245717124,0.24181932866437986,0.24255014057089735,0.27217514830755146
EO4,0.137158071782266,0.31663363281462853,0.17410457468951415,0.37210372071359127
OA4,0.07824811549808128,0.2808723744221293,0.22327318488426506,0.4176063251955244
OI4,0.10668789289422571,0.28585009631979846,0.2113480973655695,0.3961139134204062
OE4,0.2549719755813125,0.23531909847484475,0.24630758191565855,0.26340134402818416
OO4,0.20670004435577968,0.2720452390060494,0.2158257024210294,0.3054290142171416
