AA1,0.5509370896452641,0,0.4490629103547359,0
AI1,0.3841960765908432,0,0.5441751857323411,0.07162873767681567
AE1,0.3140698222928444,0.06820026164250487,0.37213733333619403,0.2455925827284567
AO1,0.24836849579557785,0.006075062740613011,0.5765530827310761,0.16900335873273312
IA1,0.45504841687754116,0.004796836284860548,0.47499910200132295,0.06515564483627526
II1,0.3036933272125322,0.0042085282986632075,0.5484715835449575,0.143626560943847
IE1,0.3196645689220967,0.07098784766624161,0.3683551129964769,0.24099247041518476
IO1,0.19630558675910376,0.007537262343042708,0.5732384806474001,0.22291867025045334
EA1,0,0.3198209730900882,0,0.6801790269099118
EI1,0,0.0858684817938286,0.33791785527584406,0.5762136629303273
EE1,0.32873786513372993,0.03206482848357975,0.456618480901375,0.1825788254813152
EO1,0.125102809035267,0.0318850531742505,0.463304416154704,0.3797077216357784
OA1,0.2263501957849323,0.015042771179019351,0.5157277425864463,0.24287929044960221
OI1,0.14915780786432334,0.013725588515660544,0.538411976334142,0.2987046272858743
OE1,0.3316517028451054,0.05562223579158072,0.40880713858220724,0.2039189227811067
OO1,0.10172198242825774,0.01146255310350525,0.5469855294201467,0.3398299350480903
AA2,0.42980795164683433,0.003492751376576657,0.5036851504906911,0.06301414648589795
AI2,0.26836532932233004,0.004000387936210791,0.564366677886913,0.16326760485454603
AE2,0,0.2729551703868833,0,0.7270448296131168
AO2,0,0.01623961334091759,0.5439762845641666,0.43978410209491575
IA2,0.4455016014718398,0.003756814142273046,0.4945422072724283,0.056199377113458716
II2,0.30619627982472397,0.003509941578395497,0.5578269064256124,0.13246687217126815
IE2,0.35572823786025615,0.060124214681698686,0.3626836649615358,0.2214638824965094
IO2,0.21027873448730855,0.0067661819705238406,0.5743216388498867,0.20863344469228087
EA2,0,0.2729551703868833,0,0.7270448296131168
EI2,0,0.07416296226067813,0.37537545878351075,0.550461578955811
EE2,0.36007337872052353,0.028455719163608055,0.4423887260447601,0.1690821760711084
EO2,0.13442959093880869,0.030086076596075,0.4764601199034583,0.3590242125616579
OA2,0.4649312244087265,0.007028144207444734,0.47477292682917743,0.053267704554651185
OI2,0.32178551642561715,0.004654147808960431,0.5512775086019319,0.12228282716349055
OE2,0.3785784629887295,0.02711082518749087,0.4390253322668782,0.15528537955690142
OO2,0.26446738407901604,0.005670629533407435,0.5672747293428455,0.16258725704473106
AA3,0.38470995490378584,0,0.5406032420224944,0.07468680307371968
AI3,0.410547210494555,0,0.5253480560716882,0.06410473343375675
AE3,0.31536453302564155,0.09507758633432022,0.3553895796389359,0.23416830100110242
AO3,0.44828459545409893,0.007041631162963734,0.47638368632490596,0.06829008705803127
IA3,0.28498403256694455,0,0.5604647465849181,0.15455122084813716
II3,0.33262669569612496,0.005593966860689712,0.5278646120619239,0.13391472538126128
IE3,0.3202531895165572,0.10196124581639514,0.349400298262769,0.22838526640427867
IO3,0.3739095929509203,0.014972503722718225,0.4796129998119091,0.1315049035144524
EA3,0,0.09916260839352478,0.33560657109484976,0.5652308205116254
EI3,0,0.10668048614458908,0.3264176013203966,0.5669019125350143
EE3,0.34074567086143454,0.03531652165331096,0.44621340197681486,0.17772440550843965
EO3,0.22825464608274382,0.07430964391047622,0.3832697829695692,0.31416592703721075
OA3,0,0.009072053921209463,0.5481350716129758,0.4427928744658148
OI3,0.18302559940121277,0.01775308238145441,0.5067736608193154,0.29244765739801754
OE3,0.338976425490932,0.0736455992032235,0.3928148236001031,0.19456315170574126
OO3,0.2381149245090035,0.029635107525372305,0.47872531171169663,0.25352465625392745
AA4,0.21836500086898328,0,0.5904826004528385,0.19115239867817807
AI4,0.27549125153441606,0.004919315709828124,0.5568287171208354,0.1627607156349204
AE4,0,0.32224407354652845,0,0.6777559264534715
AO4,0.3113158789396243,0.014769054825159172,0.5104931808942378,0.16342188534097882
IA4,0.28048594333216065,0,0.5724299817925468,0.14708407487529246
II4,0.32613361709546523,0.003846789783395492,0.5409650521974927,0.1290545409236466
IE4,0.3497090407536809,0.07489616185152803,0.348843276368424,0.22655152102636694
IO4,0.3678485419780178,0.010761670846598341,0.49495388971827836,0.12643589745710543
EA4,0,0.0740551574783693,0.34506490362636216,0.5808799388952686
EI4,0,0.07775976848912278,0.33695921372202775,0.5852810177888493
EE4,0.3630692554164338,0.03127892107330433,0.43272685753749257,0.17292496597276927
EO4,0.22832462392410624,0.05833276345560456,0.40021380225456465,0.3131288103657245
OA4,0.3030886963846787,0.00338827899678186,0.547860916120488,0.1456621084980513
OI4,0.3532846141245069,0.0047935097278231425,0.5250269000541884,0.11689497609348158
OE4,0.3860909658540446,0.029618053417795876,0.42645309022468786,0.15783789050347158
OO4,0.40513817794883283,0.008773855532344046,0.4799618616112428,0.10612610490758034
