AA1,0.5144531833255857,0,0.4855468166744144,0
AI1,0.3383472348086979,0,0.5497917361814959,0.11186102900980617
AE1,0.32329839084646433,0.026187565490813653,0.49106102950443464,0.15945301415828741
AO1,0.31954089611529474,0.010079162447414103,0.527788451639266,0.14259148979802513
IA1,0.3194792748431553,0.07373265511772348,0.4058328116274642,0.20095525841165693
II1,0.2213339837898066,0.031114259774010413,0.5046218504205141,0.24292990601566883
IE1,0.34511396299919894,0.03060008269405648,0.4799702455577456,0.14431570874899896
IO1,0.2593650357483322,0.012769490781784167,0.5155085470590006,0.21235692641088297
EA1,0,0.3478558526105675,0,0.6521441473894325
EI1,0,0.02738454853725912,0.4229212272602076,0.5496942242025332
EE1,0.32787374562357346,0.008652303124011829,0.5248159839407563,0.1386579673116584
EO1,0.1705546482742702,0.008262971939447986,0.51284607462639,0.3083363051598919
OA1,0.2356971431339683,0.1164012074454858,0.3233962227092591,0.3245054267112868
OI1,0.1290718116518453,0.035853989708487556,0.4678355879208872,0.36723861071877983
OE1,0.3445022364384898,0.021997297173055184,0.49934955514630436,0.1341509112421507
OO1,0.186433297937273,0.014078599654636582,0.5102201834819967,0.28926791892609366
AA2,0.3531867352698687,0.03946484900207255,0.44258258169835,0.16476583402970876
AI2,0.20536738094536322,0.04142072220868524,0.4686495594567794,0.28456233738917214
AE2,0,0.2922322458342476,0,0.7077677541657524
AO2,0,0.09553235414101066,0.34245403800507723,0.5620136078539121
IA2,0.37506059173217265,0.038363023513738395,0.4409648680355657,0.14561151671852324
II2,0.25952736428342643,0.01640302266715172,0.5432277847235747,0.180841828325847
IE2,0.40484101655397403,0.018647230243614716,0.47129255799370834,0.10521919520870293
IO2,0.30429944435668194,0.008210150626062522,0.5330004518989733,0.15448995311828226
EA2,0,0.2922322458342476,0,0.7077677541657524
EI2,0,0.020079472570686034,0.5343778731068325,0.44554265432248147
EE2,0.38265698579170804,0.005348372607354057,0.5112947312473982,0.10069991035353973
EO2,0.20337557784762023,0.005761285988029994,0.5601913433159946,0.23067179284835515
OA2,0.36683398818805435,0.06562015227618088,0.3717680086173831,0.19577785091838162
OI2,0.21057082132977176,0.008980920059919914,0.5626365372238437,0.2178117213864646
OE2,0.4000658917782796,0.005208303334486047,0.5059682531797843,0.08875755170744977
OO2,0.29066681292766505,0.0034358035950204494,0.5485602117952503,0.15733717168206438
AA3,0.35842081449437735,0,0.5206424552885679,0.12093673021705464
AI3,0.38923212427939574,0,0.5106754864450408,0.1000923892755633
AE3,0.3538888219536246,0.0546589942846214,0.44975735590151417,0.14169482786023974
AO3,0.389717079987629,0.028094732386985274,0.47134751184900076,0.11084067577638501
IA3,0.2487907465030915,0,0.517483705050186,0.2337255484467225
II3,0.2555653392959456,0.07623941470860619,0.44646968708645346,0.22172555890899487
IE3,0.37611364162633787,0.06802114139099473,0.43011410898848046,0.1257511079941869
IO3,0.31163084383775413,0.08143893499692084,0.4253101374008007,0.18162008376452424
EA3,0,0.04428874400117119,0.42399232830879596,0.5317189276900328
EI3,0,0.06611238211338583,0.40270748422051866,0.5311801336660955
EE3,0.37092847538681234,0.014149449865362216,0.4894487570150515,0.12547331773277404
EO3,0.25884872711572643,0.03839411441988522,0.46285600270519156,0.23990115575919682
OA3,0,0.02733393960160578,0.4483204079014934,0.5243456524969008
OI3,0.16179465040642463,0.08141364374814569,0.41047725519590866,0.34631445064952093
OE3,0.38338960112688186,0.04612519543010202,0.45241309309627825,0.11807211034673785
OO3,0.2560145182898934,0.09260761926121201,0.42043812241671413,0.23093974003218057
AA4,0.13305970870578773,0,0.5530620426362799,0.31387824865793235
AI4,0.21631529442167163,0.075319468699058,0.42451440690313047,0.2838508299761399
AE4,0,0.41316822755260685,0,0.586831772447393
AO4,0.20205618606315712,0.1377715294685906,0.3404732528667385,0.31969903160151386
IA4,0.2786432916844712,0,0.5366759649645477,0.18468074335098117
II4,0.297248668919623,0.028921979499918052,0.48984197934097296,0.18398737223948602
IE4,0.43817922264831516,0.028502319169547173,0.42911755303533256,0.10420090514680512
IO4,0.36401164747024306,0.03293432955050568,0.45421190726466226,0.14884211571458905
EA4,0,0.023616363041526957,0.49942911193500866,0.4769545250234644
EI4,0,0.028511880099470848,0.4847122743900399,0.48677584551048925
EE4,0.41868748922123034,0.00743760480107589,0.472922697497815,0.10095220847987883
EO4,0.2975413400542789,0.01863067711392243,0.488446714447547,0.19538126838425163
OA4,0.20462421872443665,0.00988015179135926,0.5247690573742411,0.26072657210996314
OI4,0.2541313575728097,0.012411559268294698,0.5043770788264694,0.22908000433242628
OE4,0.4408665714040126,0.007162010739474804,0.4636964779187257,0.08827493993778683
OO4,0.36855963143043724,0.01191458740039471,0.4809825174117561,0.13854326375741205
