AA1,0.4612191353850518,0,0.5387808646149481,0
AI1,0.12503630011192252,0,0.7493251662100566,0.12563853367802075
AE1,0.09022226192658334,0.23523126012679524,0.24152378521683965,0.43302269272978183
AO1,0.08680970162380552,0.04498239149985385,0.49761588071123264,0.37059202616510806
IA1,0.10200070020894052,0.16390499769730638,0.32637830888624464,0.4077159932075084
II1,0.046842016975910755,0.06787921922802607,0.4083206765757202,0.47695808722034305
IE1,0.10273237766861122,0.2844328632082095,0.21659585405188395,0.39623890507129533
IO1,0.03920735684530613,0.06508089044850017,0.40464880012232096,0.49106295258387267
EA1,0,0.5883325027963854,0,0.41166749720361456
EI1,0,0.2202011601046573,0.12544437022411659,0.6543544696712261
EE1,0.11189193675849551,0.15713598118242872,0.3502407084337911,0.3807313736252847
EO1,0.018136509502387658,0.11508743691604223,0.2801787804596681,0.586597273121902
OA1,0.031222949488915346,0.3072741642013457,0.15581587156325705,0.5056870147464819
OI1,0.015157954415570149,0.12915698640091508,0.25915208189151295,0.5965329772920018
OE1,0.11912352714924176,0.23037807269089425,0.269665723478616,0.3808326766812479
OO1,0.01925891800910222,0.08748416136442154,0.32642533984970823,0.566831580776768
AA2,0.13084097199055986,0.10522220227566356,0.40184581093415467,0.36209101479962197
AI2,0.037051517468950655,0.0978298013204914,0.3926883521797335,0.4724303290308244
AE2,0,0.5431193361817286,0,0.4568806638182714
AO2,0,0.16212225687283488,0.22205250849050526,0.6158252346366598
IA2,0.2000029656505174,0.09847487102624039,0.4044937381671119,0.2970284251561303
II2,0.0726398596756948,0.04207001250801423,0.5352767415369063,0.3500133862793845
IE2,0.2626172319581947,0.17833272993571772,0.26522164872748494,0.2938283893786027
IO2,0.06532888212732667,0.04131202020116452,0.5316829082268248,0.3616761894446839
EA2,0,0.5431193361817286,0,0.4568806638182714
EI2,0,0.18399265008407203,0.19655784709109259,0.6194495028248354
EE2,0.2649288854855231,0.08904928108429112,0.3932761346992926,0.25274569873089314
EO2,0.030055209451719512,0.08322479147935276,0.4043683323926775,0.4823516666762502
OA2,0.15282091947919896,0.26256368712608524,0.20780228431506492,0.3768131090796509
OI2,0.05900001671871617,0.070699487335957,0.44966508006503847,0.42063541588028835
OE2,0.3158515942782402,0.08252623755572903,0.38380600475597715,0.21781616341005372
OO2,0.07333858183562139,0.03833982179499659,0.5399265100621119,0.3483950863072701
AA3,0.1859736756816053,0,0.6543542432948155,0.15967208102357902
AI3,0.2696773270193599,0,0.6186302519854512,0.11169242099518893
AE3,0.11648388924173214,0.31765170313163243,0.19600622675248142,0.369858180874154
AO3,0.25327567214649604,0.10191477544434328,0.3873204070137518,0.25748914539540896
IA3,0.038677901031491345,0,0.6199439143136497,0.341378184654859
II3,0.06935440754371115,0.11987808774717704,0.3634683235371767,0.44729918117193507
IE3,0.13820713825823522,0.373341591683393,0.16733928677228935,0.3211119832860825
IO3,0.09139721576430612,0.19787843184906076,0.286543236607211,0.4241811157794221
EA3,0,0.2698019455672263,0.12425285604872692,0.6059451983840467
EI3,0,0.31454245656280333,0.10474823579561394,0.5807093076415827
EE3,0.17023039980285826,0.20459734381827746,0.2906771997607451,0.3344950566181193
EO3,0.03392169906178616,0.31714185955555735,0.15916138100877605,0.4897750603738805
OA3,0,0.0994548656574499,0.2643073367447555,0.6362377975977945
OI3,0.02281735790664448,0.1968355068946401,0.2281646499117207,0.5521824852869949
OE3,0.1709428742098854,0.29950653802735877,0.21338989965183686,0.3161606881109191
OO3,0.048551014108367575,0.24784212172906328,0.21867759001055878,0.48492927415201037
AA4,0.011246107874666698,0,0.6437414183971851,0.3450124737281482
AI4,0.0475181088050369,0.15262437845317836,0.3099163434026774,0.4899411693391074
AE4,0,0.6322528245772058,0,0.36774717542279434
AO4,0.04290701106089767,0.2624571459393532,0.19883405512220795,0.4958017878775412
IA4,0.05666437536463036,0,0.6790601767677974,0.26427544786757234
II4,0.10574697072641738,0.06914550191247043,0.4306389162896924,0.3944686110714198
IE4,0.28537826265610067,0.24003773509940704,0.19213948727780142,0.2824445149666909
IO4,0.1502364086123657,0.1266164955558193,0.34110241601657615,0.38204467981523876
EA4,0,0.20920570808437594,0.16740784543102213,0.623386446484602
EI4,0,0.24244552670961583,0.14388913095327546,0.6136653423371087
EE4,0.31335245036008147,0.12534276249145876,0.2976449493365219,0.26365983781193797
EO4,0.05668384531794122,0.24061794176507686,0.20894031470851912,0.4937578982084627
OA4,0.043294536051419155,0.0673240882713275,0.3981926864116288,0.49118868926562453
OI4,0.08833794357817829,0.10321753444078459,0.3567149524526374,0.4517295695283997
OE4,0.37534503789658563,0.11470766990993157,0.28566527888151805,0.22428201331196473
OO4,0.16886713159649577,0.12339961846304702,0.3384770973312199,0.3692561526092374
