AA1,0.5576666525472215,0,0.4423333474527784,0
AI1,0.4530313606301688,0,0.4971357871994485,0.04983285217038261
AE1,0.34387716008506225,0.07510514393721822,0.34380474037254827,0.23721295560517122
AO1,0.256218573790648,0.013048126511626642,0.5649574250391636,0.16577587465856178
IA1,0.49705733188273415,0.003572103318975597,0.4657160578045347,0.03365450699375563
II1,0.4070580878592477,0.002028446234830433,0.5132737139655426,0.07763975194037935
IE1,0.3496773852994336,0.07639024054616635,0.33972819643780633,0.23420417771659377
IO1,0.23973196209109643,0.013673696328545497,0.56777606927621,0.1788182723041479
EA1,0,0.3201323561894458,0,0.6798676438105543
EI1,0,0.06373906093297448,0.4497587463512745,0.48650219271575107
EE1,0.4183390615765047,0.01682232760339377,0.45685546484395423,0.1079831459761475
EO1,0.19793895231037176,0.018831005388212634,0.5276696288181256,0.25556041348328995
OA1,0.3050313778831559,0.02638441916734093,0.5082204289727315,0.16036377397677182
OI1,0.2511774252650234,0.01772485632063475,0.5385736443445144,0.19252407406982736
OE1,0.4093173985228511,0.0391477592515452,0.41105651469244686,0.1404783275331567
OO1,0.14158177131993094,0.017923782859689888,0.5767001175975872,0.2637943282227919
AA2,0.4726910711879439,0.0027054287787794218,0.4887396458719264,0.03586385416135027
AI2,0.3687660092882302,0.0027567579089922602,0.5310744279959734,0.09740280480680404
AE2,0,0.28085673035113246,0,0.7191432696488675
AO2,0,0.040980659946681715,0.5834627424804996,0.3755565975728187
IA2,0.4806953956817485,0.0024726660858660284,0.4852316810574823,0.031600257174903126
II2,0.3949956691626998,0.0015222524694483799,0.5261937751614444,0.07728830320640724
IE2,0.35212230507714865,0.07004746451558999,0.34498970103595844,0.23284052937130292
IO2,0.24200466857198627,0.013059795253050973,0.5657533142281143,0.1791822219468486
EA2,0,0.28085673035113246,0,0.7191432696488675
EI2,0,0.05701635194686115,0.46787302200709185,0.47511062604604704
EE2,0.41278274429714,0.016842782595187126,0.46100820385566427,0.10936626925200871
EO2,0.1983532332471957,0.018848906626528193,0.5309032118287756,0.2518946482975005
OA2,0.4950676018395091,0.01100737054591897,0.45562738742582826,0.038297640188743515
OI2,0.4220544030671108,0.0031318352393606085,0.5082034444474935,0.06661031724603507
OE2,0.42800447706964456,0.01464829585095338,0.460007055538864,0.09734017154053806
OO2,0.3636687231536422,0.004279700911145557,0.5334420607522642,0.09860951518294786
AA3,0.42749433662325476,0,0.5137163599884254,0.05878930338831989
AI3,0.4430830239781096,0,0.5066584712021175,0.050258504819772815
AE3,0.3289577032611112,0.09938056161845768,0.330235401974471,0.2414263331459602
AO3,0.4664145864019376,0.0203558109517708,0.45409324332604173,0.05913635932024969
IA3,0.3757793639654789,0,0.5328129602249877,0.09140767580953328
II3,0.3990267528862743,0.0038127333078894804,0.5165301202249173,0.08063039358091892
IE3,0.3341284068582832,0.1021149544930206,0.3257019879011645,0.2380546507475317
IO3,0.43629949276199775,0.026002682031047476,0.4594572324424467,0.07824059276450797
EA3,0,0.07031696819022076,0.4315141507190876,0.49816888109069163
EI3,0,0.0725929067291076,0.42855104938045213,0.4988560438904402
EE3,0.41326694886154897,0.01886885871775891,0.45513888050212925,0.11272531191856285
EO3,0.3612903627332621,0.028814755012264257,0.4496379697977115,0.1602569124567621
OA3,0,0.01644192514963882,0.602536021301327,0.3810220535490341
OI3,0.2574558051419604,0.02280366561026815,0.5173229589258451,0.20241757032192623
OE3,0.3988491127153575,0.05048442423220701,0.4054619940155815,0.14520446903685402
OO3,0.35769052975659144,0.04442053455200071,0.4497636281346987,0.14812530755670905
AA4,0.3123617803435483,0,0.5564265627005426,0.1312116569559092
AI4,0.34891875778041154,0.004447112076373205,0.5379866114487248,0.1086475186944904
AE4,0,0.32088549935421357,0,0.6791145006457863
AO4,0.3770872148301397,0.04115036675286075,0.4648728614641151,0.11688955695288458
IA4,0.35440761890790295,0,0.5478201091112068,0.09777227198089025
II4,0.37721651770193043,0.00228245415076407,0.5340052019668794,0.08649582618042602
IE4,0.32331399693034824,0.0890212116283918,0.32951992395403706,0.2581448674872229
IO4,0.41449779319558383,0.02162197676319712,0.4787461511410942,0.08513407890012484
EA4,0,0.06017738049743135,0.4221058862345194,0.5177167332680493
EI4,0,0.06136950424535728,0.4195935450325132,0.5190369507221294
EE4,0.397052536366416,0.018931101358835467,0.4605746115174149,0.1234417507573336
EO4,0.3421952209554929,0.027149868294355332,0.4573263799242005,0.1733285308259512
OA4,0.3889591225178857,0.0035453879888206496,0.5197152596772739,0.08778022981601974
OI4,0.40931825750267536,0.0038142204800140004,0.5109395798788076,0.07592794213850307
OE4,0.4140537687968387,0.016213586559967092,0.4595075007547151,0.1102251438884792
OO4,0.467861381994593,0.0073056605912580706,0.4759034682389642,0.048929489175184616
