AA1,0.5781233649930747,0,0.4218766350069253,0
AI1,0.3494376372443171,0,0.5828351517924366,0.06772721096324635
AE1,0.33819317997589476,0.023214306096607646,0.5033862894771932,0.1352062244503044
AO1,0.32999420015110326,0.012299334144949242,0.5446556587882944,0.11305080691565318
IA1,0.3611913430349552,0.0569438985465018,0.396301692493829,0.18556306592471394
II1,0.20475984916694456,0.017977766658151012,0.5515064112697284,0.2257559729051759
IE1,0.3721394012672755,0.02798806363012456,0.48823265305126456,0.11163988205133527
IO1,0.240116324259782,0.016727032976768086,0.5645027670900592,0.17865387567339072
EA1,0,0.3464421764952411,0,0.6535578235047589
EI1,0,0.026920101597946364,0.35037974193173377,0.6227001564703198
EE1,0.34394803694548426,0.01232223375723581,0.5412212887306118,0.10250844056666807
EO1,0.1432997416970813,0.01272747570582831,0.5568698194383275,0.2871029631587631
OA1,0.2700593544981456,0.09479998333344371,0.33847734216981107,0.2966633199985995
OI1,0.11884604725868797,0.016554625120055906,0.49506787754189746,0.3695314500793586
OE1,0.3712928613799333,0.021868238699237548,0.509090624019242,0.09774827590158718
OO1,0.16342929669730205,0.014360581166801608,0.558561599117133,0.2636485230187634
AA2,0.39905794735098554,0.029692807747778237,0.4320914213351291,0.13915782356610712
AI2,0.18424245729272157,0.03439435186684988,0.5113636233611383,0.26999956747929027
AE2,0,0.28923147564918467,0,0.7107685243508153
AO2,0,0.08392772632413037,0.30505995444759115,0.6110123192282785
IA2,0.4193200780371512,0.0283684898759506,0.42548840956378464,0.12682302252311353
II2,0.2437948313385589,0.009510418505346212,0.5936518480827265,0.1530429020733683
IE2,0.46033619870086095,0.01550585467800392,0.4538613236052215,0.07029662301591379
IO2,0.297202039556392,0.010100543541763702,0.5741877789533498,0.11850963794849449
EA2,0,0.28923147564918467,0,0.7107685243508153
EI2,0,0.021597754901870356,0.48032111279002054,0.4980811323081091
EE2,0.4266036298457632,0.007605042255837154,0.5009102151839409,0.06488111271445875
EO2,0.18191449570054827,0.009266160167603258,0.6081657669934595,0.20065357713838888
OA2,0.4140981569050465,0.05311436617677394,0.3581675727042949,0.17461990421388465
OI2,0.19087497552783045,0.004836690588706115,0.6179679552653768,0.18632037861808656
OE2,0.45095824176179494,0.007313564846192758,0.4909895167945831,0.05073867659742911
OO2,0.28413009455432464,0.005956293921454542,0.599132223707408,0.11078138781681279
AA3,0.3774324323969974,0,0.5402811004923732,0.08228646711062922
AI3,0.4243652508963013,0,0.5189096492465275,0.0567250998571712
AE3,0.37203595072485673,0.05978683984480559,0.4533882579138754,0.11478895151646229
AO3,0.4284703946249867,0.025565945733227357,0.4711440660750447,0.07481959356674132
IA3,0.22716685898619293,0,0.573743720564225,0.19908942044958206
II3,0.26182205419668486,0.07811208748795935,0.46288092505993683,0.19718493325541905
IE3,0.4034119930138664,0.0915574892977082,0.41498316763334214,0.09004735005508331
IO3,0.32791737322230763,0.07754758563676213,0.4553039534526039,0.1392310876883263
EA3,0,0.05248252278338591,0.3601969082350117,0.5873205689816023
EI3,0,0.07721434004459346,0.33701636400247786,0.5857692959529288
EE3,0.4029457012495322,0.018279616466316134,0.4899968132462963,0.08877786903785537
EO3,0.24851931290594031,0.039817456228042454,0.49633883196373113,0.21532439890228616
OA3,0,0.02124133163320768,0.4023190993475882,0.5764395690192042
OI3,0.17647223310372598,0.07078007029146756,0.4226035622792683,0.3301441343255382
OE3,0.4220067101036742,0.05267240820915427,0.44414291865587996,0.08117796303129167
OO3,0.269287539745075,0.07626727389750025,0.45482565184410806,0.19961953451331657
AA4,0.09723275036462395,0,0.5921433281227431,0.31062392151263307
AI4,0.20853476869095802,0.06504417339287506,0.4567018187151378,0.26971923920102914
AE4,0,0.41586308816350737,0,0.5841369118364927
AO4,0.19379130983895546,0.12894443546476006,0.36476307278013753,0.31250118191614706
IA4,0.26454154764362386,0,0.584624690346633,0.15083376200974327
II4,0.3137925382154677,0.01597434516461185,0.5140462688068487,0.15618684781307182
IE4,0.5017998735413859,0.023945072095348633,0.40285734725635525,0.0713977071069102
IO4,0.39232218410864167,0.020832459244938324,0.4782143353216531,0.10863102132476693
EA4,0,0.025276125500859708,0.4325174131111647,0.5422064613879756
EI4,0,0.03068575207578553,0.4146779705972569,0.5546362773269576
EE4,0.47295323090313385,0.010320619757112997,0.4500816516197215,0.06664449772003175
EO4,0.295128093363082,0.018462434945933293,0.5166967372279032,0.16971273446308152
OA4,0.18341371036905596,0.005966746788543241,0.5666204124079088,0.2439991304344919
OI4,0.26876817596475255,0.007350407268927832,0.5300958614679356,0.19378555529838395
OE4,0.5052015020099146,0.009775556996333515,0.43401727752719593,0.05100566346655597
OO4,0.39853389728504607,0.009276540599006013,0.498032113313046,0.09415744880290199
