AA1,0.4629771768194324,0,0.5370228231805677,0
AI1,0.08869541097122435,0,0.6335902181651495,0.27771437086362616
AE1,0.030189301342557588,0.3954653606438046,0.08218012155296191,0.4921652164606759
AO1,0.031639329569771085,0.20196021823271584,0.26498496298779706,0.501415489209716
IA1,0.19168260973129453,0.2152377388230135,0.32464830595637895,0.268431345489313
II1,0.056308970340537494,0.15273951740314795,0.3784608731861897,0.41249063907012484
IE1,0.03377189071607732,0.41087019025272015,0.0744195108939797,0.48093840813722283
IO1,0.028383532041385523,0.2193284202438514,0.2402099867843858,0.5120780609303773
EA1,0,0.5240822674624985,0,0.47591773253750147
EI1,0,0.2370027001459808,0.18149315133116856,0.5815041485228508
EE1,0.06755718516581372,0.22428841901918264,0.27488389301147154,0.4332705028035321
EO1,0.032272386579229595,0.2078211573626505,0.26640033406721525,0.4935061219909045
OA1,0.10604877656366937,0.31050365962014254,0.20345199862860444,0.37999556518758354
OI1,0.03081349059911851,0.19602119755857253,0.2804503430956118,0.49271496874669707
OE1,0.05340257081651878,0.34055490637106334,0.14880408022152797,0.45723844259088986
OO1,0.0255766434931573,0.22590533362423665,0.2257753910035423,0.5227426318790638
AA2,0.23101148711595176,0.16792068512285124,0.3495381842641989,0.2515296434969981
AI2,0.05105725421535143,0.1550850445585018,0.379814364478634,0.4140433367475127
AE2,0,0.4985199637816696,0,0.5014800362183305
AO2,0,0.2764631646301692,0.16685380717926263,0.5566830281905681
IA2,0.2573675602378435,0.16154867919420562,0.35104261159853545,0.2300411489694155
II2,0.07434592859906959,0.12178483980562886,0.432527371768135,0.37134185982716655
IE2,0.06136855774089285,0.3798604622684762,0.09606669833919886,0.46270428165143207
IO2,0.0427328097397891,0.19534239891865238,0.2801893953960122,0.4817353959455463
EA2,0,0.4985199637816696,0,0.5014800362183305
EI2,0,0.2228709241884479,0.22102525736343284,0.5561038184481194
EE2,0.11751793614181447,0.19184882149642066,0.3074488041675374,0.3831844381942275
EO2,0.04655299784687879,0.18664705809113483,0.31525379477954624,0.4515461492824401
OA2,0.18860385732578153,0.2820604697254265,0.2080880566005428,0.3212476163482492
OI2,0.0548249224572536,0.12858080556364312,0.4060820661057718,0.4105122058733315
OE2,0.14816188345652642,0.18553672451412312,0.3139778194019615,0.352323572627389
OO2,0.07950726866528175,0.1385078998348678,0.3888820828991797,0.39310274860067074
AA3,0.1204248556788081,0,0.5655325076054502,0.31404263671574173
AI3,0.20346819973539618,0,0.548828554644408,0.2477032456201958
AE3,0.040261878241296505,0.46106871335875654,0.06836657008451379,0.43030283831543314
AO3,0.10488651384945796,0.34335136557377033,0.15555567544342952,0.3962064451333422
IA3,0.06771845255903433,0,0.5621319650956706,0.3701495823452951
II3,0.12572815560950865,0.19813303645836314,0.32984021517258266,0.34629859275954544
IE3,0.0487538822689878,0.4776942053479819,0.060883661591234824,0.4126682507917954
IO3,0.10941910392836968,0.33210024704438534,0.17493599380726205,0.38354465521998293
EA3,0,0.26635767770624713,0.1656805931922373,0.5679617291015155
EI3,0,0.2726192784851462,0.16125052493669031,0.5661301965781635
EE3,0.13466004375575133,0.23430157813325558,0.23204711265489333,0.39899126545609975
EO3,0.08077430502839304,0.26051328420444486,0.20914464709589797,0.4495677636712641
OA3,0,0.15036723659970186,0.28350947913177504,0.5661232842685232
OI3,0.0911991445764618,0.23126889819961752,0.2451029697297669,0.43242898749415376
OE3,0.09332305275559488,0.38161689143505895,0.1226359576082758,0.4024240982010704
OO3,0.09477345698499265,0.3114110207489617,0.18113109977773728,0.41268442248830833
AA4,0.027761001408530224,0,0.5660785694638242,0.4061604291276455
AI4,0.08529807191205753,0.21744604369362977,0.3139531954574077,0.38330268893690506
AE4,0,0.5795999081702039,0,0.4204000918297962
AO4,0.05253548284208079,0.40368717891469635,0.12288868189659849,0.42088865634662437
IA4,0.08040198751040088,0,0.5742409154245146,0.34535709706508455
II4,0.13325339729108981,0.16557275101601043,0.3518063510642644,0.3493675006286353
IE4,0.06523316970995931,0.4488091744952648,0.06803491118558029,0.4179227446091955
IO4,0.12480262372254942,0.2973178097009453,0.18867095102155498,0.3892086155549503
EA4,0,0.25628409442792854,0.17421589864131268,0.5695000069307588
EI4,0,0.26090812263459945,0.16979561133165122,0.5692962660337494
EE4,0.14915744517690585,0.22289462883135572,0.23657864820613778,0.3913692777856007
EO4,0.08515884119924706,0.2497873027392372,0.21703099866572634,0.44802285739578934
OA4,0.05548018064964923,0.14082020509546958,0.3385656853978249,0.46513392885705623
OI4,0.13401989613885715,0.14546629269884676,0.320127936507385,0.4003858746549111
OE4,0.19217545337636519,0.21282700424804868,0.23797544826638814,0.357022094109198
OO4,0.18635405025449883,0.1907687770311894,0.26369042337762477,0.35918674933668704
