AA1,0.49640638809735776,0,0.5035936119026422,0
AI1,0.2101632271734146,0,0.6453821279501774,0.14445464487640794
AE1,0.10461211433235917,0.26955168234597915,0.2290944675134418,0.3967417358082199
AO1,0.10673037387394994,0.08798139806588127,0.4368357907752844,0.36845243728488447
IA1,0.1614676548375009,0.16111876659684632,0.3402009132509523,0.3372126653147005
II1,0.09064392658103673,0.09706073301305429,0.4087567370133549,0.40353860339255415
IE1,0.11803821275253354,0.2942339979279752,0.21209312822829146,0.3756346610911997
IO1,0.06602181526262259,0.10548593737217313,0.38869842458078924,0.439793822784415
EA1,0,0.5227686928018362,0,0.47723130719816387
EI1,0,0.257008582416173,0.15290054890382845,0.5900908686799986
EE1,0.1497081454430652,0.17349016028547817,0.3489105456533667,0.3278911486180898
EO1,0.03996927762757768,0.13869716761148804,0.31929037813227623,0.502043176628658
OA1,0.07194203822646313,0.29641020083388975,0.18138431850811226,0.450263442431535
OI1,0.040720615979013684,0.17737498096234708,0.26891170025962396,0.5129927027990152
OE1,0.14665769825851302,0.22900745369410413,0.2860146705768567,0.33832017747052606
OO1,0.039909564173958974,0.12544038548103548,0.33613687554253563,0.4985131748024699
AA2,0.18391758683637027,0.12301172154436815,0.37996874211318077,0.3131019495060809
AI2,0.07811658569804449,0.11691982618979546,0.39820403861044096,0.40675954950171905
AE2,0,0.4940137979948471,0,0.5059862020051528
AO2,0,0.19820210468368327,0.2424716862952589,0.5593262090210578
IA2,0.23548782892618267,0.11046768345472209,0.39031737188158877,0.2637271157375065
II2,0.1307266499334696,0.06857813369813495,0.48045988134511813,0.32023533502327745
IE2,0.21856826754648018,0.2209609230220553,0.25380434867472446,0.30666646075674014
IO2,0.10553528177549028,0.07851854165026331,0.46186723869944735,0.35407893787479916
EA2,0,0.4940137979948471,0,0.5059862020051528
EI2,0,0.22877617890130886,0.21226713343333067,0.5589566876653604
EE2,0.2594221545539727,0.11953642063124482,0.37831874938375587,0.24272267543102666
EO2,0.0623387394494053,0.11139067178138953,0.4042449498626683,0.4220256389065368
OA2,0.1840023266340094,0.262397818218155,0.21195865993264545,0.34164119521519026
OI2,0.10091718894313434,0.11602595054775268,0.4002307928705277,0.38282606763858523
OE2,0.29186915386933227,0.10999356013336377,0.38163796929164767,0.21649931670565628
OO2,0.12782161286013666,0.0672547650665426,0.4811632011545074,0.32376042091881335
AA3,0.2336948717631585,0,0.5909840333916048,0.1753210948452368
AI3,0.2945352059123826,0,0.5728518359836564,0.13261295810396104
AE3,0.1264949154670491,0.3093151439596472,0.20133907657063999,0.3628508640026637
AO3,0.2473683464010863,0.14676473240454904,0.35009666770046965,0.255770253493895
IA3,0.08354513620907547,0,0.5782990969181919,0.33815576687273274
II3,0.11909797213551115,0.12669639320385268,0.37377069989805123,0.3804349347625849
IE3,0.14327851468003527,0.33613085652482255,0.18305202217216202,0.3375386066229802
IO3,0.14248773473568085,0.2133397009462449,0.2829275386426504,0.3612450256754238
EA3,0,0.2797331156914068,0.15207123010584678,0.5681956542027464
EI3,0,0.3013385551211911,0.13808484763299603,0.5605765972458128
EE3,0.19566520769393944,0.19137037702828513,0.30936745193456716,0.30359696334320835
EO3,0.06785924695591039,0.2811336093858521,0.2062389067667879,0.4447682368914497
OA3,0,0.14874742501237626,0.2669201514395079,0.5843324235481158
OI3,0.053279964629493186,0.2159211206010736,0.24527663842081704,0.4855222763486161
OE3,0.18639361785024655,0.2566586894484537,0.2498750939276029,0.3070725987736969
OO3,0.09830125355101829,0.25319483498885087,0.23720375950206601,0.4113001519580649
AA4,0.02922635688869645,0,0.5934300765075043,0.3773435666037993
AI4,0.08941077538948805,0.15602062141561793,0.34099051302644473,0.41357809016844926
AE4,0,0.5555964969284387,0,0.44440350307156135
AO4,0.08473707370227485,0.2682603254631557,0.22075373888487276,0.4262488619496967
IA4,0.10894439947881149,0,0.6123075498528012,0.2787480506683872
II4,0.15815767830580832,0.09153405732354224,0.4148245800209737,0.33548368434967574
IE4,0.2286686945568724,0.2656514187527562,0.20387324174453392,0.3018066449458376
IO4,0.19701705780036596,0.1653696764990123,0.31527284490685487,0.32234042079376685
EA4,0,0.25215875421471023,0.18760337597183957,0.5602378698134501
EI4,0,0.27113842668721894,0.17139926637355338,0.5574623069392276
EE4,0.2881178531406334,0.14636799889382995,0.31545431207320634,0.2500598358923303
EO4,0.0984001893828379,0.24189412617155598,0.24186756592423367,0.4178381185213725
OA4,0.07615554975310877,0.11835649545358275,0.36898039418633116,0.43650756060697726
OI4,0.1251138009958747,0.14374444565231717,0.33868648685339064,0.3924552664984174
OE4,0.32606348669277174,0.13418861895147582,0.3170285802284643,0.22271931412728818
OO4,0.2221702776573718,0.1537335994598836,0.3214159942506995,0.302680128632045
