AA1,0.4913756312221025,0,0.5086243687778975,0
AI1,0.05829431667703095,0,0.7791624730286127,0.16254321029435634
AE1,0.019876632661768357,0.4090817565437092,0.07114728449921252,0.49989432629530983
AO1,0.021449815397818116,0.19998155546869398,0.26628817389684667,0.5122804552366412
IA1,0.13541030259095455,0.28130771897717327,0.26974178843170055,0.31354019000017164
II1,0.0221855791435539,0.166418967891694,0.34129331308199534,0.4701021398827567
IE1,0.02557671930413437,0.4318581854427652,0.05942389949595162,0.48314119575714876
IO1,0.011346685742001443,0.21376851984866635,0.23440958184032615,0.540475212569006
EA1,0,0.5582574167923058,0,0.4417425832076943
EI1,0,0.19498821109967956,0.13318665866398668,0.6718251302363336
EE1,0.04969056225640362,0.23988876846540572,0.3014785111882478,0.4089421580899429
EO1,0.013136707432293861,0.19468325444413648,0.25608653461212216,0.5360935035114476
OA1,0.04721155085746596,0.3792122270051227,0.12739427671026773,0.4461819454271436
OI1,0.008099481591835222,0.20385102458081134,0.2017017579563763,0.5863477358709771
OE1,0.042799183633895024,0.36450664862997495,0.1437809468172299,0.4489132209189001
OO1,0.010221492903792687,0.2027081725543056,0.20157903689040585,0.5854912976514959
AA2,0.2139618766905312,0.1960057750314488,0.31231394684353747,0.27771840143448245
AI2,0.023208518426405565,0.17921726184533648,0.35491008959508125,0.44266413013317674
AE2,0,0.5129054807278927,0,0.48709451927210745
AO2,0,0.26986906253860543,0.13253749464983247,0.5975934428115621
IA2,0.2617253328733481,0.18254880195044798,0.3132069800218557,0.24251888515434808
II2,0.03818497198296826,0.12489529871858578,0.44815455658350684,0.38876517271493916
IE2,0.09021071562210006,0.3824870251306962,0.0831900617914818,0.444112197455722
IO2,0.03434421058086928,0.18462788183664647,0.28665875245125105,0.4943691551312331
EA2,0,0.5129054807278927,0,0.48709451927210745
EI2,0,0.1892448388712158,0.1896071132223395,0.6211480479064447
EE2,0.150921793942416,0.182228956444828,0.35144091380517267,0.3154083358075834
EO2,0.0293856268059901,0.16752865717841434,0.34768996106101585,0.4553957549545796
OA2,0.17665212065092506,0.32563055099252997,0.1413454368785888,0.3563718914779561
OI2,0.01799158185006961,0.12774985778352516,0.4269458273595929,0.4273127330068123
OE2,0.21529540746221734,0.16696783416761898,0.345925425150271,0.27181133321989254
OO2,0.06330847141544545,0.12786256873061402,0.4562058879302194,0.3526230719237211
AA3,0.12242863331747296,0,0.6621861396727218,0.21538522700980517
AI3,0.2596419189538819,0,0.5992627310410601,0.1410953500050579
AE3,0.0348459664094273,0.49681868058147444,0.05192180886876926,0.4164135441403291
AO3,0.11895749809254756,0.360912532162011,0.12049473634088254,0.39963523340455887
IA3,0.03318387651261124,0,0.662941381707662,0.30387474177972673
II3,0.08308881439198793,0.2749707611562478,0.2701244624124606,0.3718159620393038
IE3,0.049577434110500716,0.5256832398155388,0.041476313043884244,0.38326301303007637
IO3,0.09571527419937688,0.39010274942840106,0.13688098751272396,0.3773009888594981
EA3,0,0.2281697223141757,0.11618063619924557,0.6556496414865786
EI3,0,0.2467670877442921,0.10859589313357206,0.6446370191221359
EE3,0.15358402609531105,0.2425352509113172,0.23284256612181609,0.3710381568715556
EO3,0.06108679561239753,0.2759188678014278,0.20126311499947921,0.46173122158669533
OA3,0,0.1304030316418423,0.21547832971338568,0.654118638644772
OI3,0.06080171305195611,0.2550231644234352,0.17234531533668132,0.5118298071879273
OE3,0.11091310393466353,0.3999156035771571,0.10902829260589324,0.3801429998822862
OO3,0.07472838507712468,0.3767431960357987,0.13170748254828243,0.41682093633879436
AA4,0.011109887368106735,0,0.6251883174758158,0.3637017951560774
AI4,0.046961305157441416,0.25993421964162106,0.26549307848795584,0.42761139671298165
AE4,0,0.6063814919620205,0,0.39361850803797943
AO4,0.03284916710309127,0.4452261192563198,0.0902401870314719,0.43168452660911694
IA4,0.06142460102242458,0,0.6785298772787752,0.2600455216988002
II4,0.10688534258980559,0.17146709021095155,0.3260743744125631,0.3955731927866798
IE4,0.08746635444196829,0.44756418654489066,0.04949128051944035,0.4154781784937007
IO4,0.11932693159524627,0.3164257797481237,0.16079418855114588,0.4034531001054841
EA4,0,0.212737033065403,0.12931131580382071,0.6579516511307764
EI4,0,0.22004994184139803,0.1223854974071388,0.6575645607514632
EE4,0.19230260842612376,0.22543326216033333,0.23261807293593584,0.3496460564776069
EO4,0.06526022728715125,0.2623404135399375,0.21400456916545893,0.45839479000745226
OA4,0.026868079766051343,0.14341314806482738,0.3167937083597324,0.5129250638093887
OI4,0.12334930565928193,0.14739943209077627,0.2924771973816353,0.4367740648683065
OE4,0.28507432422236534,0.20105760539529852,0.21942391661769353,0.29444415376464256
OO4,0.23321989585970826,0.19576506604048788,0.2490533407174659,0.321961697382338
