AA1,0.485746159944444,0,0.514253840055556,0
AI1,0.1526692949289823,0,0.7377494337747096,0.10958127129630804
AE1,0.06961514491050869,0.35017993322251867,0.14382276710688316,0.43638215476008946
AO1,0.06731974885394633,0.16643107658718787,0.3560369431527949,0.41021223140607094
IA1,0.1215924884937794,0.31490001233462367,0.22421387894779407,0.3392936202238028
II1,0.04547267153841334,0.22506531640855654,0.2844760778771633,0.4449859341758668
IE1,0.07628479158535192,0.3674107689247242,0.13254658269046102,0.42375785679946293
IO1,0.033420550252146936,0.17542665679806013,0.31994212853962833,0.4712106644101646
EA1,0,0.5289166997378617,0,0.47108330026213835
EI1,0,0.28652797090474486,0.052360985206870096,0.661111043888385
EE1,0.10078092538293001,0.28303512443160134,0.23717697727314893,0.3790069729123198
EO1,0.02061352224787803,0.22687112179538096,0.20738358743187277,0.5451317685248681
OA1,0.0552601737480238,0.4104132895620217,0.10708369927069475,0.4272428374192596
OI1,0.02165577685906263,0.2489854113827831,0.16220384435623478,0.5671549674019196
OE1,0.09126790139915002,0.32160061048880595,0.19701671784470365,0.39011477026734054
OO1,0.019917421121870848,0.18695494378705538,0.23404788301545237,0.5590797520756214
AA2,0.16837171519302693,0.22689733980956617,0.2881109744479381,0.3166199705494688
AI2,0.0404265229387123,0.23885982481046059,0.31490231867957447,0.40581133357125276
AE2,0,0.4943633809218979,0,0.505636619078102
AO2,0,0.27098216344854026,0.17143759827048252,0.5575802382809774
IA2,0.22501210850620026,0.21289047327993146,0.2837575631873534,0.2783398550265149
II2,0.07029790853775868,0.17200003255242494,0.3793638161680955,0.37833824274172084
IE2,0.17209878870252115,0.2905491700781574,0.1897644543175552,0.34758758690176617
IO2,0.0688409373848818,0.13979030914464166,0.4003314521244234,0.39103730134605313
EA2,0,0.4943633809218979,0,0.505636619078102
EI2,0,0.2812677278441071,0.10293701330057348,0.6157952588553193
EE2,0.21067164875427247,0.19980997010249718,0.31781181913240697,0.2717065620108233
EO2,0.03563724747952263,0.1927401055004999,0.34004954666238946,0.431573100357588
OA2,0.14273509503087098,0.35072244992826973,0.1319076489578776,0.3746348060829818
OI2,0.055209655722558273,0.19057387349611618,0.27856451753290856,0.47565195324841697
OE2,0.23903470503156604,0.1881335744003071,0.3215517114103124,0.2512800091578145
OO2,0.07543308622174695,0.13660985362788416,0.41690061295809483,0.37105644719227404
AA3,0.21496230333422997,0,0.6486318400625615,0.1364058566032086
AI3,0.27833472245223,0,0.625712601710684,0.09595267583708617
AE3,0.07957726306119517,0.3807679451143172,0.13376315758668353,0.40589163423780417
AO3,0.18956545609552716,0.26843534676701664,0.244163595346845,0.2978356017906112
IA3,0.06671242089385056,0,0.6294427092650984,0.30384486984105097
II3,0.07300766132728843,0.34552572267827447,0.23263244595742913,0.34883417003700795
IE3,0.09347214581548559,0.40528414657671186,0.12008354894353507,0.38116015866426745
IO3,0.11529996189626693,0.359892449233283,0.18603705340232055,0.33877053546812946
EA3,0,0.3188032132369,0.05117924756794818,0.6300175391951518
EI3,0,0.3475096287422488,0.043725701089610346,0.608764670168141
EE3,0.14906181858515125,0.278376793015166,0.21472447623469748,0.3578369121649853
EO3,0.026073312177283398,0.37037779287581035,0.09184276340628314,0.5117061315406232
OA3,0,0.20725926317817034,0.12948158896307702,0.6632591478587526
OI3,0.060201889415728564,0.2909332182950008,0.14395053239911948,0.5049143598901512
OE3,0.13646162118373456,0.32248571945681503,0.1786854127503566,0.36236724660909375
OO3,0.07570785322865001,0.36259871046181746,0.13881762764837885,0.42287580866115376
AA4,0.02377318267424968,0,0.6197353406406848,0.35649147668506537
AI4,0.05541597878568341,0.32703282218918256,0.24732252120638087,0.3702286778187532
AE4,0,0.567022395918151,0,0.4329776040818491
AO4,0.058836158641647575,0.4015217984834564,0.1495532033015009,0.39008883957339513
IA4,0.11107636000745864,0,0.6595277597358447,0.22939588025669683
II4,0.11275206686370748,0.2240225476709171,0.2996426155544935,0.3635827699108818
IE4,0.1705670809201716,0.32454021997058713,0.1518262078089572,0.3530664913002842
IO4,0.18084771595815657,0.26126736160439895,0.22106150300223373,0.3368234194352107
EA4,0,0.2927324153443117,0.0705024710175231,0.6367651136381651
EI4,0,0.3056762982749659,0.06178358547439441,0.6325401162506396
EE4,0.2342028709456695,0.22903809302718736,0.2353359278617622,0.301423108165381
EO4,0.04197084232642446,0.3393434426960117,0.11809291465590002,0.5005928003216638
OA4,0.05180843468394068,0.1959041897177211,0.2379985025131202,0.5142888730852181
OI4,0.1118785117746685,0.20831970301484437,0.21042287074229926,0.46937891446818786
OE4,0.26573441273606296,0.217857929379441,0.23411699620841386,0.28229066167608213
OO4,0.18124971240413493,0.25308307301652305,0.18659322011290078,0.37907399446644124
