AA1,0.47551554216451336,0,0.5244844578354866,0
AI1,0.09925810114833687,0,0.8089866666743858,0.09175523217727732
AE1,0.07622293195839074,0.2944417191091078,0.1479876202492806,0.48134772868322084
AO1,0.08099538674854698,0.03276171326560859,0.42506733558994325,0.46117556439590124
IA1,0.18489501808951825,0.09939227695326824,0.44891078729965184,0.2668019176575618
II1,0.04691286715419006,0.027220735206212335,0.5164450431203018,0.4094213545192958
IE1,0.08312400200410504,0.34879282153965024,0.13543052551268986,0.4326526509435548
IO1,0.03332713714118102,0.04954824183441938,0.37131917997884023,0.5458054410455594
EA1,0,0.6418397688147394,0,0.3581602311852605
EI1,0,0.10979130161569374,0.09818498740634404,0.7920237109779623
EE1,0.12767981614127125,0.08075333897183667,0.3997320829949187,0.3918347618919734
EO1,0.016693156617284998,0.0539619131687376,0.30928119888551,0.6200637313284674
OA1,0.052996459471560446,0.24547257508809497,0.17083995058922716,0.5306910148511174
OI1,0.01467020246622329,0.06341359776777243,0.24965640286582338,0.6722597969001809
OE1,0.12506843740649964,0.20929161967777876,0.24166594503140149,0.4239739978843202
OO1,0.016629791597838093,0.052009556461054984,0.29606718306387936,0.6352934688772275
AA2,0.3058443903012077,0.0455216678250268,0.44541234290342124,0.2032215989703444
AI2,0.03323520300020245,0.036795354445607296,0.4990468724120217,0.4309225701421685
AE2,0,0.5763913876183694,0,0.4236086123816306
AO2,0,0.12802649498158503,0.13719981677685353,0.7347736882415614
IA2,0.4234150651726304,0.035648975697041466,0.4092639205393428,0.13167203859098542
II2,0.06510658114966027,0.01294211070720288,0.6538983964307641,0.2680529117123727
IE2,0.2033864653149871,0.2330247277720376,0.18127725836168188,0.38231154855129335
IO2,0.054693180031331105,0.02949125660593269,0.4874090227175971,0.42840654064513906
EA2,0,0.5763913876183694,0,0.4236086123816306
EI2,0,0.08771178439184395,0.16666921840844098,0.745618997199715
EE2,0.2514566421029642,0.044620124504604564,0.4485347515462104,0.25538848184622087
EO2,0.023730011476489895,0.038205821349054946,0.4460475383970035,0.49201662877745167
OA2,0.33118781812812725,0.17977652699664226,0.21477778303863276,0.2742578718365978
OI2,0.06056989132532766,0.01625598464508005,0.5747481599916054,0.34842596403798687
OE2,0.31500786861088814,0.037517538508189736,0.4496549043424773,0.19781968853844484
OO2,0.07360149837825077,0.01209588221694092,0.6329392431050143,0.28136337629979413
AA3,0.1571166362281554,0,0.7058313744235606,0.13705198934828397
AI3,0.312126122456544,0,0.6110559194882214,0.07681795805523475
AE3,0.07814043824657613,0.4851654765818585,0.10593673706037215,0.33075734811119323
AO3,0.2823446555253132,0.1691547093602558,0.2821162554819486,0.26638437963248246
IA3,0.033945642103256235,0,0.7188528952920014,0.24720146260474238
II3,0.12039107237102938,0.09004644454685547,0.42905805470669134,0.36050442837542385
IE3,0.08812807841049085,0.546264863413523,0.0902552349988664,0.2753518231771199
IO3,0.1430793329688222,0.2654935403405214,0.2204928569675749,0.3709342697230815
EA3,0,0.1981900580940185,0.09208237329924523,0.7097275686067362
EI3,0,0.23216044227539512,0.07926124225910133,0.6885783154655035
EE3,0.2560667103797864,0.12273163251652214,0.30879439536825926,0.31240726173543226
EO3,0.05790656764960136,0.22965343955812123,0.19512661362603198,0.5173133791662454
OA3,0,0.03689207413386701,0.23169779491185277,0.7314101309542801
OI3,0.04260592450519055,0.15703206882711906,0.20855382500419084,0.5918081816634995
OE3,0.20135724984186426,0.3320376256899696,0.171747984723267,0.29485713974489924
OO3,0.08606375377893524,0.2779751378462226,0.17761402469068965,0.4583470836841526
AA4,0.008036320007601586,0,0.6877136427736915,0.3042500372187069
AI4,0.06354302581701514,0.07667113075583229,0.37349897153983314,0.48628687188731945
AE4,0,0.6917907235242756,0,0.3082092764757244
AO4,0.047295803482601394,0.3161294579543507,0.13578295283750283,0.500791785725545
IA4,0.04829295714931562,0,0.7535218665188386,0.1981851763318458
II4,0.16374684998669922,0.027106590025859814,0.4857392185841279,0.32340734140331295
IE4,0.20951079131859454,0.32695408495402084,0.1351114166096586,0.32842370711772595
IO4,0.2226531438190549,0.12522543772053454,0.27186891378168765,0.3802525046787228
EA4,0,0.11268499189642757,0.1215385618539333,0.7657764462496391
EI4,0,0.12728476578154174,0.10714944703993305,0.7655657871785252
EE4,0.3765827494304188,0.06304407479403051,0.30663566973042833,0.25373750604512224
EO4,0.08698450640546579,0.13167504937877922,0.24647642209444545,0.5348640221213095
OA4,0.048986315817815776,0.018125238816004544,0.43908786163256425,0.4938005837336154
OI4,0.15716815018225788,0.026849451263425732,0.4129553378666384,0.40302706068767796
OE4,0.490267731949244,0.04853959433791446,0.2796804297645287,0.18151224394831283
OO4,0.3800079984752157,0.041757221553515585,0.33132917239109666,0.24690560758017205
