AA1,0.5093281885907587,0,0.49067181140924127,0
AI1,0.40595124690084405,0,0.5438630403948719,0.05018571270428422
AE1,0.3965272274725333,0.0474265079648359,0.46019242430125024,0.0958538402613806
AO1,0.3817475802177127,0.02456862628668714,0.5049198518234294,0.08876394167217072
IA1,0.3586511805392454,0.04936371539395533,0.4449266130071692,0.1470584910596302
II1,0.3205650304100162,0.028345314331703675,0.5048744668683677,0.14621518838991257
IE1,0.4087575721838349,0.05126194343156772,0.45093135582411503,0.08904912856048228
IO1,0.34289715519382086,0.02789494992250703,0.5112068163319746,0.11800107855169759
EA1,0,0.38967475936538987,0,0.61032524063461
EI1,0,0.05432956189969977,0.3861228604233825,0.5595475776769177
EE1,0.42400449607396723,0.012693595979687172,0.5124727797695747,0.050829128176770766
EO1,0.24818605680122036,0.012102543484157584,0.5113028828380961,0.2284085168765258
OA1,0.2638348809299925,0.12138604270082808,0.33330819716559534,0.2814708792035841
OI1,0.18226751080294276,0.04286822858005756,0.43999975973909705,0.3348645008779026
OE1,0.42721247097618215,0.02270461059977669,0.4960429721303086,0.054039946293732564
OO1,0.24893983073596107,0.018282584722055597,0.5027544685850819,0.2300231159569014
AA2,0.3837310305544653,0.029639936459261114,0.46573351668103413,0.1208955163052395
AI2,0.2813984311791912,0.029580921698280593,0.5057744568176094,0.18324619030491887
AE2,0,0.3499754338464571,0,0.650024566153543
AO2,0,0.10142330169442693,0.38084554178114727,0.5177311565244258
IA2,0.40487734067078457,0.027843599017035307,0.46612492056080895,0.10115413975137122
II2,0.3632947814598676,0.016428059035005743,0.5185646247437072,0.10171253476141931
IE2,0.46295370741653946,0.0339916388251107,0.4385950042346414,0.06445964952370843
IO2,0.3883676314086218,0.019423261644404863,0.5079011606208992,0.08430794632607412
EA2,0,0.3499754338464571,0,0.650024566153543
EI2,0,0.04503999293646135,0.5010067159985347,0.45395329106500387
EE2,0.46862802989362623,0.00937422114121419,0.48526864370890244,0.03672910525625721
EO2,0.28053840752754877,0.01007201928076687,0.5442635608885747,0.16512601230310964
OA2,0.38403211486828387,0.0867382902061257,0.3571692919261126,0.17206030299947786
OI2,0.2826062002559038,0.01789285042133482,0.5369430278837931,0.16255792143896816
OE2,0.4744494206115793,0.008217420835296705,0.48502332771682855,0.03230983083629561
OO2,0.35560742146157936,0.006821788691089651,0.5379461997262445,0.09962459012108661
AA3,0.41913981781400417,0,0.5241130470685651,0.05674713511743055
AI3,0.4352775917394224,0,0.5188423485877697,0.045880059672807894
AE3,0.40519117046726594,0.07846032153935094,0.4296982127268842,0.08665029526649888
AO3,0.4319775629798951,0.05280766220407064,0.44888398991581974,0.06633078490021457
IA3,0.32763443021887007,0,0.5394401551147857,0.13292541466634408
II3,0.334232363635927,0.06511763487994514,0.4575929465709041,0.1430570549132237
IE3,0.4151071895982283,0.08841757363114403,0.41624689053800656,0.08022834623262114
IO3,0.3807229727336151,0.09315562476753537,0.41511672708501524,0.11100467541383423
EA3,0,0.0877366146178494,0.3742911213536723,0.5379722640284783
EI3,0,0.10074694671929349,0.3607196612781202,0.5385333920025862
EE3,0.4522023910112759,0.016154454788685917,0.4841848014996032,0.04745835270043502
EO3,0.3807570981060927,0.036340293075794235,0.4753090444205527,0.10759356439756047
OA3,0,0.05633455154159293,0.41013379076463635,0.5335316576937708
OI3,0.20252222622287966,0.08395575851107735,0.38480680907834347,0.3287152061876995
OE3,0.4512501989127583,0.032300337513317116,0.46653567845233085,0.04991378512159382
OO3,0.3574823707070087,0.08324917253296754,0.42406519450575897,0.13520326225426482
AA4,0.18371623411018925,0,0.5687244165280659,0.2475593493617448
AI4,0.28171585059465626,0.049743459555276016,0.46571879658687376,0.20282189326319403
AE4,0,0.4403071073451383,0,0.5596928926548617
AO4,0.2826907437806778,0.1378239589327918,0.35617887920715297,0.22330641807937748
IA4,0.3534427020784475,0,0.5431795384841827,0.10337775943736983
II4,0.3730691513816145,0.026660987045359817,0.4865466262199139,0.11372323535311171
IE4,0.4659753130735589,0.049136699604299866,0.4165465909053678,0.06834139641677349
IO4,0.4289992891973208,0.04499986236990097,0.43571373452502066,0.09028711390775766
EA4,0,0.054521293688741604,0.44487747358819846,0.50060123272306
EI4,0,0.058783505765843014,0.43400398665660317,0.5072125075775539
EE4,0.48447770121548944,0.0122321477226601,0.4641303377195842,0.03915981334226633
EO4,0.4118512368904087,0.022437662318329988,0.4804692366200713,0.08524186417119012
OA4,0.2649192332645438,0.022639412020315875,0.5030569609519584,0.20938439376318194
OI4,0.3015810566268164,0.024155785374906834,0.488164222674015,0.1860989353242618
OE4,0.49190947772345417,0.01069239567889661,0.4628134577252089,0.034584668872440265
OO4,0.4539698449421218,0.014561523513962515,0.47372938390668284,0.05773924763723293
