AA1,0.6719518323371207,0,0.3280481676628793,0
AI1,0.29969953110010794,0,0.6703526534932923,0.029947815406599698
AE1,0.21110760272525292,0.12153612701687855,0.3921884878405052,0.27516778241736345
AO1,0.14108051278425338,0.019067046992810092,0.697268772981121,0.14258366724181548
IA1,0.3685135527273276,0.03877751504989843,0.4853986695234857,0.1073102626992881
II1,0.1427625808641882,0.020965115894709792,0.6660729665957116,0.17019933664539044
IE1,0.2368034127749733,0.13981355601828174,0.3696316883169454,0.2537513428897996
IO1,0.07222209819710897,0.024126217526885624,0.6753909099854708,0.2282607742905346
EA1,0,0.42494963110009204,0,0.5750503688999079
EI1,0,0.05375700181043652,0.1375123976559141,0.8087306005336493
EE1,0.24649287712947754,0.041331657340969566,0.5795642993833486,0.1326111661462041
EO1,0.023766118363131132,0.029282764978052808,0.4634692048595435,0.48348191179927263
OA1,0.07667903632707938,0.12360314768305736,0.43835553785811837,0.3613622781317449
OI1,0.023498881998092944,0.036020535567391945,0.4900102075879947,0.4504703748465205
OE1,0.28697133634496,0.08048991913441755,0.4609651604445287,0.17157358407609372
OO1,0.023128495621025723,0.023748473454116622,0.5183512221734389,0.43477180875141885
AA2,0.4200803935449242,0.023923583921668955,0.4656360271742366,0.09035999535917018
AI2,0.10720672859551787,0.030551145055455222,0.6499364602854781,0.2123056660635489
AE2,0,0.3628260461660233,0,0.6371739538339766
AO2,0,0.05533776763366665,0.29040648447760886,0.6542557478887244
IA2,0.47452091375402733,0.02057536317738599,0.4363541378974381,0.0685495851711487
II2,0.19481286670349549,0.013488802391688696,0.6687235406168566,0.12297479028795923
IE2,0.37965899037333245,0.0873060429038633,0.36327908376812346,0.16975588295468086
IO2,0.11166607526097135,0.017754789613059242,0.6985383080371972,0.1720408270887722
EA2,0,0.3628260461660233,0,0.6371739538339766
EI2,0,0.05043885654113518,0.20203177959810434,0.7475293638607605
EE2,0.3624917905590587,0.027041379439190077,0.5227784000198691,0.08768842998188221
EO2,0.0364613215090908,0.025743236635008233,0.558083807082154,0.379711634773747
OA2,0.5260173888173767,0.054977295956245925,0.32798244563562073,0.09102286959075662
OI2,0.22177578594044317,0.017594494295137913,0.6181994724305057,0.14243024733391335
OE2,0.42442283911419737,0.0230913369032336,0.48845341892049293,0.06403240506207622
OO2,0.1816533022616943,0.012052623620074913,0.6941254396685717,0.11216863444965913
AA3,0.35867651075178403,0,0.6023276443077868,0.038995844940429056
AI3,0.4415630940888216,0,0.5358078088623417,0.02262909704883657
AE3,0.2363279116618247,0.24976529011177634,0.30628444636464724,0.2076223518617517
AO3,0.5131318498657526,0.02766162964896631,0.4158413423964707,0.04336517808881054
IA3,0.13410878223501452,0,0.7189718269468844,0.14691939081810107
II3,0.2282893311646605,0.05789038601950557,0.5697745438483319,0.144045738967502
IE3,0.25716784273539883,0.29541889711509417,0.2685895922993444,0.17882366785016246
IO3,0.32616695595665524,0.09312947567697767,0.46086586362814996,0.11983770473821706
EA3,0,0.11475054928237617,0.1404308735196721,0.7448185771979516
EI3,0,0.14236474557283782,0.12572894011674102,0.7319063143104211
EE3,0.34584059565607417,0.04691913728465489,0.49577584288927556,0.11146442416999547
EO3,0.10785436876940874,0.1285533596778822,0.4144671120810559,0.34912515947165307
OA3,0,0.025928976479504914,0.3368108913803674,0.6372601321401277
OI3,0.05136951818275617,0.09959484283787312,0.4459444370540567,0.403091201925314
OE3,0.36608011073105845,0.13459285278071645,0.3667483329319722,0.13257870355625284
OO3,0.14898025998834208,0.15191449618454522,0.4557343534906347,0.2433708903364781
AA4,0.04518029332393379,0,0.709462013662851,0.2453576930132152
AI4,0.14968725551532203,0.047767341763055596,0.5866178706629203,0.215927532058702
AE4,0,0.46108634905997326,0,0.5389136509400267
AO4,0.20749285837314002,0.1183830471781698,0.4331489724876694,0.24097512196102072
IA4,0.16447044134659386,0,0.7153712251711669,0.12015833348223906
II4,0.2793370614746912,0.017798474718925036,0.5814222491320544,0.12144221467432928
IE4,0.4098495964134945,0.11342481338039109,0.30029689822045696,0.17642869198565733
IO4,0.4041619421265549,0.033096495746519516,0.46096145183875087,0.10178011028817481
EA4,0,0.050138950964969876,0.16323686484108066,0.7866241841939495
EI4,0,0.05608381945693068,0.1496569667752511,0.7942592137678183
EE4,0.4310131024541787,0.030896609846596142,0.446901561820691,0.09118872587853413
EO4,0.1447033402203059,0.0737545325511008,0.45079050387965,0.3307516233489432
OA4,0.20079197189307532,0.017527286905700084,0.589561620340695,0.19211912086052949
OI4,0.32305071383069656,0.019247833737244004,0.520451566021264,0.13724988641079539
OE4,0.5032596491255783,0.025638293512706294,0.4065410004165095,0.06456105694520603
OO4,0.49238726332640975,0.020473433996797775,0.4210320675000839,0.0661072351767086
