AA1,0.540598830468806,0,0.45940116953119403,0
AI1,0.12396999691292902,0,0.7069982704879127,0.16903173259915824
AE1,0.034026654183419366,0.4290917231953878,0.05221362287670306,0.48466799974448976
AO1,0.03553041524552772,0.2132091749522801,0.25572879856789116,0.49553161123430095
IA1,0.25450115790170075,0.2070879179452689,0.3140801516431696,0.2243307725098606
II1,0.0632113302885566,0.17129204671580944,0.4086017252734673,0.35689489772216665
IE1,0.036404944247675465,0.442986411043427,0.04839214995449689,0.4722164947544006
IO1,0.02900797405475663,0.2252720531176731,0.24217504627355932,0.5035449265540111
EA1,0,0.5296901768230473,0,0.47030982317695263
EI1,0,0.23330381105985523,0.1349947661073871,0.6317014228327577
EE1,0.11241238130579156,0.22692039696366922,0.2980218268271336,0.36264539490340564
EO1,0.035109510575952345,0.20112827719569992,0.28617681049238486,0.47758540173596287
OA1,0.10535109709093549,0.35076050453423613,0.15536681135097472,0.38852158702385364
OI1,0.03646166067686985,0.22246682433161374,0.2342831858734962,0.5067883291180203
OE1,0.08502736118408243,0.33368182210177605,0.17107989819198202,0.4102109185221594
OO1,0.024584631519063937,0.2284045586305679,0.2261316286850826,0.5208791811652854
AA2,0.2841613087954616,0.1686769724214062,0.33451948965619754,0.21264222912693456
AI2,0.04517988956288133,0.16131236700918997,0.41778356781366466,0.3757241756142639
AE2,0,0.5037981228809477,0,0.49620187711905217
AO2,0,0.2754817155387314,0.1521052128615639,0.5724130715997047
IA2,0.3344257353552826,0.15173924799147362,0.33382961209665335,0.18000540455659045
II2,0.08571952553194441,0.1335408927380589,0.4723141868010236,0.30842539492897303
IE2,0.07285532367991959,0.4058713999403972,0.06766066247895292,0.4536126139007304
IO2,0.05492089561151344,0.19906407987896102,0.2741828681222434,0.47183215638728215
EA2,0,0.5037981228809477,0,0.49620187711905217
EI2,0,0.2268728640189664,0.16911479902091378,0.6040123369601199
EE2,0.20790216645556298,0.18018843280581603,0.3213428467300976,0.29056655400852344
EO2,0.06921852814214172,0.1748933918370522,0.3456798076146914,0.4102082724061148
OA2,0.2192098582349513,0.30132265162551713,0.17642060294520476,0.3030468871943268
OI2,0.08657656511610327,0.1273175096554829,0.3966373496257015,0.3894685756027123
OE2,0.24800192741226346,0.1656522136262958,0.33228544848677866,0.25406041047466205
OO2,0.13130300454595656,0.1272901472569021,0.4255183632462097,0.31588848495093164
AA3,0.1654068501282121,0,0.615667318803208,0.21892583106857985
AI3,0.2612035562147179,0,0.591373623150006,0.14742282063527604
AE3,0.03865197777032606,0.49533028822543074,0.04129836767262895,0.42471936633161433
AO3,0.11091258218306346,0.402468014039748,0.1093765515074568,0.37724285226973164
IA3,0.09795751189500303,0,0.6212176094192575,0.28082487868573963
II3,0.14801881305518663,0.2226613774588294,0.3400627633703754,0.28925704611560854
IE3,0.043250844537525354,0.5100517716034202,0.03788615080687537,0.4088112330521791
IO3,0.1748115026849433,0.3582483991903216,0.15504878774393605,0.31189131038079904
EA3,0,0.2582131856109528,0.11906606551423377,0.6227207488748133
EI3,0,0.26404013502882956,0.1161070203040275,0.619852844667143
EE3,0.21916096543449431,0.2161657358558888,0.23801844936118707,0.32665484934842964
EO3,0.14982176824099466,0.24762155822077866,0.21999132982609915,0.38256534371212747
OA3,0,0.15859932728076298,0.2119943123580059,0.6294063603612312
OI3,0.11474822843990029,0.2515443055574303,0.19819301813596152,0.4355144478667078
OE3,0.14340200445659496,0.3508127580761387,0.13995433525612572,0.36583090221114056
OO3,0.156242583506096,0.326396633519911,0.1734110136774522,0.3439497692965409
AA4,0.022498656730303823,0,0.6025222608810886,0.3749790823886076
AI4,0.07787705810396967,0.22653017964136254,0.33750436583730353,0.3580883964173642
AE4,0,0.5733283212862135,0,0.42667167871378653
AO4,0.07147188078605438,0.4367602043314006,0.10903306974434784,0.3827348451381972
IA4,0.12495130407648346,0,0.617521971920508,0.2575267240030085
II4,0.1598215458867219,0.182216083451879,0.3649605121202585,0.29300185854114064
IE4,0.062174134721511544,0.47002385430711974,0.04361736832692353,0.4241846426444453
IO4,0.18216998891248784,0.32931992355004713,0.16447540989964418,0.32403467763782073
EA4,0,0.24997215306094198,0.12507177396369795,0.6249560729753603
EI4,0,0.25414106951743565,0.12212851132686676,0.6237304191556976
EE4,0.23187719339270674,0.2104120245411479,0.23785095115085866,0.3198598309152867
EO4,0.15282671954476473,0.24313351109729958,0.22389362377643227,0.3801461455815034
OA4,0.08509065483693756,0.13929249245439665,0.32196064925399015,0.4536562034546756
OI4,0.19197201524505772,0.1375762709601711,0.2974508002509748,0.37300091354379633
OE4,0.2856709466238749,0.19211992282936982,0.24172281603122198,0.28048631451553324
OO4,0.31192334528396,0.17985487303460676,0.2554542730333691,0.2527675086480642
