AA1,0.44621762547453275,0,0.5537823745254673,0
AI1,0.10485782744466088,0,0.6273231854104055,0.2678189871449335
AE1,0.0780096465229759,0.2415541409423622,0.2365548925052798,0.44388132002938213
AO1,0.08016713195469277,0.0791495808222879,0.4269423795140627,0.41374090770895666
IA1,0.1361134005256949,0.1554379475097188,0.3681400996737838,0.3403085522908024
II1,0.05238488656943102,0.07053289285988566,0.4359630602127041,0.44111916035797927
IE1,0.08767163125360256,0.27504997344801946,0.21477643324229087,0.4225019620560871
IO1,0.04872883065179682,0.10399937203112801,0.3832165209682893,0.4640552763487859
EA1,0,0.5312894110801866,0,0.4687105889198134
EI1,0,0.15991776145052203,0.23742268983929748,0.6026595487101806
EE1,0.09346744552553173,0.13119536419468936,0.3626406190853199,0.412696571194459
EO1,0.026603663313021,0.11844715270497849,0.3365441261150851,0.5184050578669154
OA1,0.07904699090266852,0.24238011575190016,0.2468379224205166,0.43173497092491475
OI1,0.03071978921290201,0.1145229780093328,0.3452620636724294,0.5094951691053358
OE1,0.09565526660224367,0.2215643787277311,0.2698488171207232,0.412931537549302
OO1,0.030719532901023562,0.11771259049645676,0.34801140230990035,0.5035564742926193
AA2,0.18907545372789208,0.10846288444905201,0.39673755523419474,0.3057241065888612
AI2,0.04477787765285387,0.0986276499692493,0.4042406167052229,0.4523538556726739
AE2,0,0.4937757031678324,0,0.5062242968321676
AO2,0,0.19179447476261713,0.24204552500327225,0.5661600002341105
IA2,0.23210734525219864,0.1040272306882299,0.39473870879896755,0.2691267152606039
II2,0.07408285525251602,0.051226733543014165,0.5012111820443581,0.3734792291601117
IE2,0.15302481158270953,0.2142771831033017,0.25578697121984534,0.37691103409414345
IO2,0.07581610931688633,0.0795664385764196,0.44411809626628634,0.4004993558404078
EA2,0,0.4937757031678324,0,0.5062242968321676
EI2,0,0.13467723758032113,0.3089083537111598,0.556414408708519
EE2,0.15412641990831016,0.0965563015015309,0.4050829949619247,0.3442342836282344
EO2,0.03924901719396422,0.09486288857705504,0.4094369316955061,0.4564511625334747
OA2,0.20778795558893134,0.19719835922306767,0.2755339825872139,0.31947970260078706
OI2,0.06500787039695093,0.053498633575409,0.49158100241528896,0.38991249361235114
OE2,0.180852945141492,0.09316133489489611,0.40805532241783526,0.31793039754577673
OO2,0.0841433435140428,0.05274733091490113,0.49403615766306297,0.369073167907993
AA3,0.13299630436880572,0,0.5733390147020705,0.29366468092912384
AI3,0.1963062217370686,0,0.5589239831250696,0.24476979513786182
AE3,0.09997410030307678,0.31086401929872226,0.20348015656741703,0.38568172383078386
AO3,0.1744392753442299,0.15707453325538231,0.33352003271442043,0.33496615868596735
IA3,0.05331278554112044,0,0.566948599864776,0.3797386145941036
II3,0.09588973404661631,0.10688655057493161,0.3913100476054357,0.4059136677730163
IE3,0.11998770231335165,0.34682306586818334,0.17862830032819818,0.35456093149026685
IO3,0.11489549009891596,0.20527003318115367,0.29045016316668176,0.38938431355324865
EA3,0,0.20116572161326862,0.23382170867329036,0.565012569713441
EI3,0,0.22621897141160136,0.2139186690160385,0.5598623595723601
EE3,0.14337718416707462,0.16868675697647603,0.31866951770359453,0.3692665411528549
EO3,0.056620472132991075,0.21202468039182557,0.26838298015537726,0.4629718673198061
OA3,0,0.0890488626771869,0.35585001005828104,0.5551011272645321
OI3,0.055513930639303065,0.16401849980094466,0.3098456047917308,0.4706219647680215
OE3,0.1424613917760561,0.2789749648267665,0.22724217445407474,0.3513214689431027
OO3,0.08414614378299212,0.21886168564737785,0.2717930836039175,0.42519908696571246
AA4,0.018291635131012268,0,0.5818659689809623,0.3998423958880253
AI4,0.06465131956687818,0.14432887749923262,0.3417629521571807,0.4492568507767085
AE4,0,0.5860708674176228,0,0.41392913258237723
AO4,0.05619156663618843,0.29447897999903405,0.1985824581015138,0.4507469952632637
IA4,0.06836042055874447,0,0.5919515138785933,0.33968806556266234
II4,0.1186219763117943,0.07470460674247219,0.4263281505048782,0.38034526644085526
IE4,0.1791504394751792,0.2751172850939067,0.20045544234104562,0.34527683308986845
IO4,0.1502027841963989,0.15696639842898133,0.3206018147369323,0.3722290026376875
EA4,0,0.1662441831731999,0.2744940758049474,0.5592617410218527
EI4,0,0.18415886963044073,0.254377470244071,0.5614636601254883
EE4,0.19923210386419582,0.1298222191378917,0.3326368024777057,0.33830887452020664
EO4,0.07766312591508061,0.169983362322166,0.3032505554675567,0.4491029562951967
OA4,0.04987270411746557,0.05894321594199443,0.44542500362390663,0.4457590763166335
OI4,0.10827572405034223,0.07466225275114827,0.41717340037776685,0.39988862282074267
OE4,0.2426853536996089,0.12290428725665131,0.3279026135428075,0.3065077455009324
OO4,0.17832125830925843,0.10067459141634284,0.3727741568713378,0.3482299934030609
