AA1,0.6247746054009452,0,0.37522539459905474,0
AI1,0.33484258374107706,0,0.6246427178441593,0.04051469841476366
AE1,0.35510271305147223,0.004867540264441065,0.5420223239049393,0.09800742277914741
AO1,0.3224183473342087,0.0004806310921808954,0.6082153420681986,0.06888567950541186
IA1,0.43702282683587557,0.016010369489994687,0.43509815835575094,0.1118686453183788
II1,0.22870772276516663,0.0018779793154313057,0.6272955985120222,0.14211869940737978
IE1,0.4109216391818753,0.006869533545201782,0.5100842571687076,0.07212457010421543
IO1,0.2450990159453012,0.0010457966617907295,0.6412353049013815,0.11261988249152677
EA1,0,0.3371516769599431,0,0.6628483230400569
EI1,0,0.008249642482467692,0.28947797070760406,0.7022723868099284
EE1,0.3615159285683247,0.0029214005631993728,0.5723399345367918,0.06322273633168425
EO1,0.16453182054168214,0.0031346119707049594,0.6048619218371227,0.2274716456504901
OA1,0.344291431276531,0.05398927273697438,0.35862404735943426,0.24309524862706036
OI1,0.14015108675896013,0.0033718184087230315,0.5183553889055714,0.33812170592674534
OE1,0.3971143393204931,0.004179463165496766,0.5390761901934761,0.059630007320534015
OO1,0.18265552197051738,0.0015426842050422517,0.6169577902527745,0.19884400357166598
AA2,0.46165497844133924,0.0067590258326415895,0.44572763469401466,0.08585836103200448
AI2,0.18517843901983558,0.008422754665762727,0.5808043090589201,0.22559449725548147
AE2,0,0.29184018573942105,0,0.7081598142605791
AO2,0,0.0337615845249949,0.2809095707967932,0.685328844678212
IA2,0.501355178416782,0.0060884668566155735,0.4259563949796805,0.06659995974692204
II2,0.2604305415264007,0.0007526485811202238,0.6473113165726564,0.09150549331982256
IE2,0.5080527565727603,0.003084327022628073,0.44616932997674486,0.04269358642786666
IO2,0.29387374285950874,0.0004943516121186487,0.6339308780530343,0.0717010274753383
EA2,0,0.29184018573942105,0,0.7081598142605791
EI2,0,0.0061627092510821,0.44307940956336433,0.5507578811855535
EE2,0.4540901030357414,0.001533751878580376,0.5058324412297125,0.03854370385596578
EO2,0.19097237756403487,0.002012637044373988,0.653806063862649,0.15320892152894214
OA2,0.4824955730367113,0.034243623724999714,0.3583448578747262,0.12491594536356272
OI2,0.1972000997442099,0.0006737455682555191,0.6574771353808858,0.1446490193066488
OE2,0.48155397509825,0.0015417030793744933,0.48628831579594745,0.03061600602642815
OO2,0.2763753246797829,0.0004460160760482684,0.6511903108585823,0.07198834838558663
AA3,0.37781320216252107,0,0.575788605960837,0.04639819187664184
AI3,0.42402205250761327,0,0.5443972305234185,0.03158071696896827
AE3,0.40966497450755507,0.030088358642428918,0.48198108653476773,0.07826558031524831
AO3,0.45562179144750803,0.008273680448452262,0.4968711768488946,0.03923335125514523
IA3,0.2289303363441022,0,0.6395274391088288,0.13154222454706896
II3,0.30806309633380363,0.051349147646154635,0.5220516918196116,0.11853606420043017
IE3,0.45923505709347295,0.0794760312403736,0.4088030637620182,0.05248584790413529
IO3,0.39176073380025134,0.04903700687356551,0.48169451711161887,0.0775077422145644
EA3,0,0.04423493462655282,0.321511053832393,0.6342540115410542
EI3,0,0.10423140942514209,0.2799637551303526,0.6158048354445054
EE3,0.4442906064026135,0.007234103839547695,0.49790330230912866,0.050571987448710214
EO3,0.29519899721919945,0.03227211446214037,0.5198268844814057,0.15270200383725452
OA3,0,0.013506054785960508,0.37776749652949326,0.6087264486845462
OI3,0.21635804541056025,0.061527823786847284,0.4359035504709422,0.2862105803316502
OE3,0.47820740308729454,0.022953540183144053,0.45335030045224434,0.045488756277317154
OO3,0.32579656390961825,0.06261572265063649,0.47646165033515314,0.1351260631045921
AA4,0.09019764153121751,0,0.6303367065006181,0.2794656519681644
AI4,0.21781729841179692,0.018093306902793038,0.5346415371642185,0.22944785752119162
AE4,0,0.428952135582147,0,0.5710478644178529
AO4,0.20959936334153667,0.06905999220193583,0.4239257987241063,0.29741484573242116
IA4,0.2578335993542667,0,0.6446440686203431,0.09752233202539021
II4,0.35621073314798063,0.00155297184135191,0.5519768417222292,0.09025945328843832
IE4,0.5664976581015828,0.0047393445797892135,0.3879956951181773,0.04076730220045071
IO4,0.4474094791082513,0.002148963603676269,0.49190730168364305,0.058534255604429465
EA4,0,0.007033385464658368,0.3962438577434891,0.5967227567918525
EI4,0,0.010781955004265546,0.36932594760959064,0.6198920973861438
EE4,0.517042991815754,0.002209127987852275,0.4435652804097848,0.03718259978660868
EO4,0.3366819770528532,0.005047052030660227,0.5392925947417176,0.11897837617476899
OA4,0.19819991590090663,0.0006659665816481224,0.605541941172444,0.1955921763450013
OI4,0.29605910531248886,0.001496738433126467,0.553313867758343,0.14913028849604162
OE4,0.5472884151521872,0.002193573059806579,0.42128302530458334,0.029234986483422903
OO4,0.44235778149588223,0.00122967267320258,0.5054440319691765,0.050968513861738625
