AA1,0.47935081103560967,0,0.5206491889643904,0
AI1,0.31794454723385857,0,0.5217632577089956,0.16029219505714606
AE1,0.2277430819657793,0.1140338482790778,0.3630914421448492,0.2951316276102937
AO1,0.21875669611876866,0.046663461168154556,0.4778583883067968,0.25672145440628
IA1,0.3064127500997449,0.05891777257973739,0.44366260793229706,0.1910068693882206
II1,0.23319209824310705,0.04553728064531943,0.4682228142412835,0.2530478068702901
IE1,0.2368837990945767,0.11925333025674574,0.3554009578700593,0.28846191277861816
IO1,0.18226276687516346,0.05262033336066293,0.4668375327704232,0.2982793669937504
EA1,0,0.35372748329162335,0,0.6462725167083767
EI1,0,0.11996585391214325,0.3748759321468321,0.5051582139410247
EE1,0.26156782184228966,0.06359940274898009,0.43724801058945456,0.2375847648192758
EO1,0.11117051671434798,0.060602189109872695,0.4473734451972242,0.3808538489785552
OA1,0.17212129926061845,0.09597774707389596,0.4138411310726124,0.31805982259287324
OI1,0.1250190796213072,0.07074668102179692,0.4477492638912262,0.35648497546566976
OE1,0.26004287332646825,0.09551724008069643,0.39068900788918826,0.25375087870364704
OO1,0.1103552838779322,0.0586439387962833,0.46252367768115826,0.3684770996446262
AA2,0.3104190695169343,0.04711677901764334,0.46174505966162044,0.18071909180380194
AI2,0.20959292183397382,0.04739805658024051,0.47901160941469034,0.2639974121710953
AE2,0,0.32776508539142946,0,0.6722349146085705
AO2,0,0.09053387275945583,0.4608086881060767,0.44865743913446743
IA2,0.3257862732865155,0.04630879556659479,0.46027291083330113,0.1676320203135886
II2,0.2489216569033078,0.036551468975222046,0.48845463365571684,0.2260722404657534
IE2,0.2631903360023962,0.10008123015113801,0.3734248024161387,0.263303631430327
IO2,0.1988060650834928,0.044294173217546126,0.4877148547633982,0.2691849069355628
EA2,0,0.32776508539142946,0,0.6722349146085705
EI2,0,0.10371392846251765,0.4154888136304552,0.4807972579070271
EE2,0.2843343047180263,0.05256278735658088,0.45025732452889183,0.212845583396501
EO2,0.12294853714794328,0.051949430922213075,0.47695086289390753,0.348151169035936
OA2,0.333323370566499,0.07339987728937476,0.4167630750952217,0.17651367704890444
OI2,0.25558981957276034,0.03857995622077931,0.4816607494077661,0.22416947479869428
OE2,0.3045212141092681,0.04919261679022546,0.45208371822130883,0.1942024508791976
OO2,0.2491750156215214,0.029129629261356715,0.4946840776512245,0.22701127746589742
AA3,0.31203108984171923,0,0.5075364010163598,0.18043250914192094
AI3,0.3393719192437844,0,0.5043136545756225,0.1563144261805931
AE3,0.23644712455917538,0.13492061111025935,0.3442403830643007,0.2843918812662645
AO3,0.3298978428508592,0.0610286589741563,0.43976827206391805,0.16930522611106624
IA3,0.22528737117074776,0,0.5053824606241382,0.269330168205114
II3,0.247309443656487,0.05478714503011887,0.450113849925548,0.24778956138784616
IE3,0.24587833607842965,0.14115931695242598,0.33585233493959443,0.27711001202955
IO3,0.26713110570337634,0.08478392185803461,0.41315197957404004,0.23493299286454897
EA3,0,0.13374262415739416,0.36802842830806887,0.498228947534537
EI3,0,0.13986072087542814,0.3605802463822552,0.4995590327423166
EE3,0.2764966172470872,0.07318361681049598,0.41887003775050236,0.2314497281919144
EO3,0.19100397759641177,0.10486516181267538,0.3811792723757634,0.32295158821514935
OA3,0,0.060154499590410776,0.4779560185512959,0.4618894818582933
OI3,0.1341254665417057,0.08439958835576318,0.4308436151945663,0.35063132990796486
OE3,0.2718659065381907,0.11247625784428646,0.3709005950018043,0.24475724061571863
OO3,0.20874715909863653,0.09818227359741637,0.4039617119780487,0.28910885532589825
AA4,0.1608929717789607,0,0.5314557845506717,0.30765124367036745
AI4,0.21158203328376168,0.06091345860204962,0.45779587613268424,0.2697086319815044
AE4,0,0.37546505060464264,0,0.6245349493953574
AO4,0.22218662816125354,0.1024612163909671,0.4041692755646587,0.2711828798831206
IA4,0.2298026688042851,0,0.5197835483748745,0.2504137828208404
II4,0.25380968979673046,0.04635032007588101,0.4676034838313459,0.23223650629604267
IE4,0.26160557758554054,0.12281658533361783,0.34989409594537485,0.2656837411354668
IO4,0.27651939446403256,0.07250215086445334,0.4299827081620665,0.22099574650944756
EA4,0,0.11767712739365888,0.3950178237463582,0.48730504885998294
EI4,0,0.12298909555558662,0.38760033629521945,0.48941056814919404
EE4,0.28874130178312424,0.06326199431813759,0.429275637463847,0.21872106643489125
EO4,0.20053362956691967,0.09068546283560576,0.40036429154809555,0.30841661604937903
OA4,0.22560060403775975,0.041239373951021764,0.4740238155452343,0.2591362064659841
OI4,0.2615178760026623,0.046312746901375136,0.4610253425589513,0.23114403453701127
OE4,0.31027304105906905,0.059109569260262125,0.43102771642202226,0.19958967325864657
OO4,0.3087731623934734,0.05382456096785502,0.4417024147626848,0.19569986187598676
