AA1,0.6343779790688304,0,0.36562202093116963,0
AI1,0.274097881810263,0,0.6470708540347004,0.07883126415503657
AE1,0.1536445297268357,0.10336393313772604,0.37267069120917445,0.3703208459262639
AO1,0.13788060090858012,0.02006861213869594,0.6151809724232407,0.22686981452948327
IA1,0.33305394184701564,0.0568066451403206,0.4782597437992918,0.1318796692133719
II1,0.1329116932156308,0.027292760567484763,0.5944797344963784,0.24531581172050596
IE1,0.17901234720277026,0.12149191141055979,0.35377708219019843,0.3457186591964716
IO1,0.06897081020965062,0.025497790180882333,0.5826688493128007,0.3228625502966662
EA1,0,0.405779813058635,0,0.594220186941365
EI1,0,0.07745213118409683,0.21273245566018012,0.709815413155723
EE1,0.1766440708419263,0.05114295776145388,0.5038564095598842,0.2683565618367356
EO1,0.014284685483687234,0.039826472676376935,0.4080704211206578,0.5378184207192781
OA1,0.09178938540291544,0.11503457452884489,0.45933733706020086,0.3338387030080388
OI1,0.02792951295383077,0.043804599186089435,0.49469967702043643,0.4335662108396434
OE1,0.2069894849871124,0.09296576519060444,0.4033267177274499,0.2967180320948332
OO1,0.018036546519906917,0.027796964858875495,0.4959941068152829,0.4581723818059347
AA2,0.3709055784935606,0.032725554475472526,0.48064246310147724,0.11572640392948966
AI2,0.100226778448611,0.0397235727630007,0.5835188456833883,0.276530803105
AE2,0,0.33530811156007895,0,0.6646918884399211
AO2,0,0.06022428536604882,0.3678861358329846,0.5718895788009665
IA2,0.41644829316089477,0.0313221716095565,0.4566808351434591,0.09554870008608958
II2,0.17222900845659897,0.01749895909463438,0.6151698821012094,0.1951021503475572
IE2,0.27768268653945016,0.08711169922809328,0.36145364260928087,0.2737519716231758
IO2,0.09863238548897597,0.019413465149450405,0.6152224655155468,0.2667316838460268
EA2,0,0.33530811156007895,0,0.6646918884399211
EI2,0,0.06628159126002922,0.2690019415973387,0.6647164671426321
EE2,0.2614571879989446,0.03790836871816861,0.4958370345975723,0.20479740868531462
EO2,0.02303373243799844,0.03489564380911836,0.47470141028731844,0.46736921346556465
OA2,0.45143690163996786,0.05703810773945813,0.3834187466248607,0.10810624399571345
OI2,0.192641315332651,0.02017337784823436,0.5908225799696821,0.1963627268494325
OE2,0.32463676998289637,0.03490962138673523,0.47829894697558545,0.16215466165478284
OO2,0.15845913523598382,0.014500160120806571,0.6242279167650555,0.20281278787815418
AA3,0.3165124111698371,0,0.5850227982717289,0.09846479055843398
AI3,0.3975321303445227,0,0.5380635805514815,0.06440428910399564
AE3,0.19553979110530648,0.17471923806177087,0.3161800757891892,0.31356089504373347
AO3,0.4348571523800515,0.029298147546420076,0.44738885123359173,0.0884558488399366
IA3,0.12053087376382386,0,0.6382159314863524,0.2412531947498237
II3,0.20114460271416287,0.05614390406110564,0.5271043910495757,0.2156071021751557
IE3,0.2255748598356074,0.2150024337079562,0.28281556818671244,0.276607138269724
IO3,0.25529055521070715,0.07640067920218736,0.4729827090670283,0.19532605652007717
EA3,0,0.11391834359707274,0.21423735515052522,0.671844301252402
EI3,0,0.13503246888362136,0.1972479988420032,0.6677195322743754
EE3,0.2519720783545381,0.06771710091811847,0.4428015845327123,0.2375092361946312
EO3,0.06853129811336127,0.13592392506966028,0.34323313260477,0.45231164421220854
OA3,0,0.027016296317442207,0.39845205070623163,0.574531652976326
OI3,0.05473466307767471,0.0816523442916606,0.4607449666115508,0.402868026019114
OE3,0.2761471240217154,0.14944967504860995,0.33081043476062083,0.24359276616905393
OO3,0.1267281641973748,0.1045947312774955,0.45730138634962236,0.31137571817550747
AA4,0.05401332506688509,0,0.634349209936682,0.311637464996433
AI4,0.14089547356345203,0.06107643930515196,0.5249074032850239,0.27312068384637206
AE4,0,0.43620338154961114,0,0.5637966184503889
AO4,0.1685093993500256,0.10781732469760165,0.4437335903768616,0.2799396855755111
IA4,0.14586045745704646,0,0.6451920914326924,0.20894745111026117
II4,0.24684818264356298,0.023937547142839303,0.538680499381021,0.1905337708325768
IE4,0.32483555745789816,0.1067272749687595,0.3028938122909458,0.2655433552823964
IO4,0.3142242199405843,0.03853958553439592,0.4757055780749276,0.1715306164500921
EA4,0,0.07100775325409057,0.2441936745464451,0.6847985721994643
EI4,0,0.08085065703321681,0.22807167481442356,0.6910776681523596
EE4,0.32151204235734443,0.044093772348715046,0.42743131699006554,0.20696286830387506
EO4,0.09000949659760415,0.08565408418683883,0.3793929304533507,0.44494348876220624
OA4,0.1692396414028978,0.018781787153705203,0.556821940424384,0.2551566310190128
OI4,0.27861733185355675,0.023917195597790455,0.5077543665292551,0.1897111060193977
OE4,0.39768441044467556,0.03961600591603267,0.40289014309082294,0.15980944054846893
OO4,0.3782783934572245,0.027912586155729946,0.4554574453090619,0.1383515750779837
