AA1,0.6159734401961058,0,0.3840265598038942,0
AI1,0.3630599597048235,0,0.5840172028414993,0.052922837453677145
AE1,0.2548242382914458,0.04597183834698759,0.40770091451805157,0.291503008843515
AO1,0.19523463036734948,0.007702239480098946,0.6337511102136211,0.1633120199389305
IA1,0.5185127630516702,0.007528211351201105,0.4252199970124097,0.048739028584718874
II1,0.28839454671061543,0.0029434719068247976,0.5856716998429143,0.12299028153964536
IE1,0.27327987773211854,0.0477381573683006,0.4007974653388538,0.2781844995607271
IO1,0.1445163913362088,0.008522538771667568,0.6319726705898957,0.21498839930222793
EA1,0,0.3138992469517322,0,0.6861007530482678
EI1,0,0.03244598059313355,0.33810512070952664,0.6294488986973398
EE1,0.2524269981222069,0.015699399556436934,0.5387741111682313,0.19309949115312486
EO1,0.081804161478631,0.014219728080782581,0.49711249242660455,0.4068636180139819
OA1,0.2860164030702014,0.03531089929931205,0.4625444518482167,0.2161282457822699
OI1,0.1590917726520994,0.012987461641684713,0.54297043437877,0.28495033132744596
OE1,0.28813754442861933,0.040269497467334395,0.4347403581490798,0.23685259995496644
OO1,0.06967895798829787,0.010183736752743665,0.5842473486358886,0.3358899566230699
AA2,0.5015924963379209,0.004741412537341327,0.4482863895437603,0.045379701580977344
AI2,0.25274477067217854,0.0061999960860776625,0.5884351603472673,0.15262007289447638
AE2,0,0.2558420614486052,0,0.7441579385513949
AO2,0,0.025089331342976404,0.49340756589229506,0.4815031027647285
IA2,0.5108654560166183,0.004692164450436931,0.4429964420417037,0.04144593749124115
II2,0.2818347542338692,0.0023801865286390057,0.6030876937531138,0.11269736548437805
IE2,0.3247981747787156,0.04001759364023637,0.38896075175380646,0.2462234798272416
IO2,0.15150385094375654,0.008748583937207897,0.6376422992219813,0.20210526589705416
EA2,0,0.2558420614486052,0,0.7441579385513949
EI2,0,0.02766766136747771,0.39109926373395637,0.581233074898566
EE2,0.2995383605274906,0.01322722575666177,0.5169409375167642,0.17029347619908347
EO2,0.08569361165161148,0.013146010682152778,0.5236960113300573,0.3774643663361784
OA2,0.5270031851476429,0.010936437638598924,0.41775563478092265,0.04430474243283551
OI2,0.2965200308807089,0.0016344746260273898,0.5918498853467055,0.10999560914655815
OE2,0.3589424749612423,0.011446690148129358,0.489068960412261,0.14054187447836727
OO2,0.2368624813923558,0.0025113919371498356,0.627665137748015,0.13296098892247948
AA3,0.39326420634015274,0,0.547301148637339,0.05943464502250833
AI3,0.44036317010722104,0,0.5152721377459114,0.044364692146867675
AE3,0.2770595052710774,0.08095799422016721,0.3667378335089572,0.27524466699979816
AO3,0.4804946475471902,0.00974833225915607,0.4603526937175637,0.04940432647608985
IA3,0.2885909955870508,0,0.584723158294098,0.12668584611885106
II3,0.35352207765126537,0.013756041125852773,0.5233293026152118,0.1093925786076699
IE3,0.29729886106887393,0.09448805271366784,0.3499714511156692,0.25824163510178916
IO3,0.39706553690790125,0.02535729711383966,0.4745881442895633,0.10298902168869557
EA3,0,0.06311214667406952,0.3359462638645067,0.6009415894614237
EI3,0,0.07104620371212304,0.3226606638517256,0.6062931324361513
EE3,0.2839346162876148,0.020933089689950335,0.5070499604964522,0.18808233352598258
EO3,0.16904824158778517,0.043287054258864706,0.45510874216127184,0.33255596199207826
OA3,0,0.009608352423551734,0.5072541172396078,0.4831375303368405
OI3,0.2033205833523091,0.036245228521727076,0.4896317638101348,0.2708024243158292
OE3,0.318814953085445,0.07355280676655601,0.38573767656886015,0.2218945635791388
OO3,0.25178241770833826,0.0456701199731932,0.4840320034057651,0.21851545891270346
AA4,0.20879210415526198,0,0.6168341536860201,0.174373742158718
AI4,0.284728284405425,0.011177764815097777,0.5551679854645718,0.14892596531490535
AE4,0,0.33047153165609316,0,0.6695284683439069
AO4,0.3166095132011247,0.03812802618783859,0.4921221086358803,0.15314035197515652
IA4,0.27815406128702286,0,0.6019137041564051,0.11993223455657219
II4,0.34801948739453054,0.0034765840881456674,0.5433517743175806,0.10515215419974325
IE4,0.34533283892223887,0.051162611950736354,0.3451213015111183,0.2583832476159065
IO4,0.389228400556677,0.01301520883141416,0.49899679004722275,0.0987596005646861
EA4,0,0.03110417159445703,0.3461805447836875,0.6227152836218555
EI4,0,0.03280125836252641,0.33438208824017,0.6328166533973036
EE4,0.32372132968787454,0.015899288641646477,0.4805897994818062,0.17978958218867272
EO4,0.16635954735286232,0.02738303280744566,0.47013853696736296,0.3361188828723291
OA4,0.3135625381430027,0.0014617302740595594,0.5541746155446808,0.13080111603825692
OI4,0.3793526128422026,0.002090452304377453,0.5169521763867608,0.101604758466659
OE4,0.3958904033506308,0.013485498218801387,0.44544038302993594,0.14518371540063182
OO4,0.436446168588167,0.004377843138454493,0.48009104588533213,0.07908494238804627
