AA1,0.6541105283245052,0,0.34588947167549483,0
AI1,0.27155575812448596,0,0.668319223743954,0.06012501813155999
AE1,0.16822005685146246,0.08039911660768324,0.4128138508233043,0.33856697571754996
AO1,0.13942660965428347,0.010928925973096769,0.6644253696697986,0.1852190947028211
IA1,0.32937592190121456,0.04464459695510904,0.4947299527480517,0.1312495283956246
II1,0.11614544702476363,0.020294758057469723,0.6302767602271522,0.23328303469061448
IE1,0.19430870579544413,0.09571084740203686,0.39218800081837246,0.31779244598414674
IO1,0.06289007014376352,0.01352041922211093,0.6232939588728644,0.30029555176126116
EA1,0,0.3886635305599106,0,0.6113364694400895
EI1,0,0.047681096268487995,0.20169775959086733,0.7506211441406446
EE1,0.1819639654728588,0.03356354013276862,0.5475951511985224,0.23687734319585016
EO1,0.017522149502277148,0.024371418920310372,0.4147568483534717,0.5433495832239408
OA1,0.07575294819049973,0.10745751009727761,0.47594177983088065,0.3408477618813421
OI1,0.023359655985944954,0.030783617600983058,0.5105711559343296,0.4352855704787424
OE1,0.22213539369300475,0.0638591103732522,0.4485603772081543,0.26544511872558885
OO1,0.02051539562522949,0.015074253410368308,0.5108126453430474,0.4535977056213549
AA2,0.38684398723291447,0.02501091895717852,0.4813175566771506,0.1068275371327564
AI2,0.08969173589324388,0.03176985153053549,0.6161121643129295,0.2624262482632912
AE2,0,0.3158329327665535,0,0.6841670672334464
AO2,0,0.04304669884954433,0.3645333031212691,0.5924199980291867
IA2,0.43038233025511846,0.02300352866137036,0.4584219816864626,0.0881921593970487
II2,0.1615749204596315,0.012415699944315822,0.6470367922970376,0.17897258729901513
IE2,0.30762294920124383,0.06181671652905339,0.392002326892195,0.2385580073775079
IO2,0.09212857846966069,0.00951977110236197,0.6575461509592904,0.24080549946868704
EA2,0,0.3158329327665535,0,0.6841670672334464
EI2,0,0.04015242124768845,0.2627640131051572,0.6970835656471545
EE2,0.2815804125093206,0.022945170829193565,0.5224403421276833,0.17303407453380248
EO2,0.02695371294849568,0.02072520862906364,0.490909235544367,0.46141184287807363
OA2,0.4766181056482285,0.05271057218754078,0.3720172445685007,0.09865407759572996
OI2,0.18497418591403986,0.01449538366306465,0.6191804584316777,0.1813499719912178
OE2,0.338266483202452,0.020897844392312657,0.5059720868473493,0.13486358555788602
OO2,0.14874973181588175,0.00786802358901414,0.659972150406292,0.18341009418881205
AA3,0.3347242200224158,0,0.5940440348738255,0.07123174510375874
AI3,0.41468480611495884,0,0.5380839133230559,0.04723128056198535
AE3,0.2117613867978106,0.16891706132715992,0.3404679360837313,0.278853615791298
AO3,0.47177103243884944,0.01939420155234382,0.4449848939707926,0.06384987203801396
IA3,0.1123765442733395,0,0.665570144049342,0.22205331167731857
II3,0.19281345385658932,0.05112511064795294,0.5527518769696917,0.20330955852576613
IE3,0.24033987208652285,0.20210154476168182,0.3080016225434577,0.24955696060833765
IO3,0.2578107832924495,0.07437248304429409,0.48880516650583533,0.179011567157421
EA3,0,0.08840303893715049,0.20693253675577258,0.704664424307077
EI3,0,0.11404254436947706,0.18766933280549114,0.6982881228250319
EE3,0.259734571873316,0.04893539198422868,0.4825240318546861,0.20880600428776916
EO3,0.0635280174368649,0.11651133327539395,0.36476957706885305,0.455191072218888
OA3,0,0.021121601029055942,0.3869578180324769,0.5919205809384671
OI3,0.04524840416170089,0.07011075549714779,0.4774921690506628,0.4071486712904887
OE3,0.29408804823154816,0.12759740498422267,0.3635764590669543,0.21473808771727493
OO3,0.1201424031704129,0.0935948118572151,0.48398242862707186,0.30228035634530015
AA4,0.04473152510485721,0,0.6580811424111224,0.2971873324840204
AI4,0.13548645474644055,0.04950837774604084,0.5524455770616902,0.2625595904458285
AE4,0,0.4208631465437393,0,0.5791368534562606
AO4,0.1733314154954679,0.09203819172482378,0.4658338913874888,0.2687965013922195
IA4,0.14266101020745778,0,0.6696056698807697,0.18773331991177258
II4,0.24722986570499728,0.016967527644880374,0.5611376975444949,0.17466490910562749
IE4,0.35812348739055994,0.08095648642372807,0.3243355040589141,0.23658452212679784
IO4,0.3292708937532372,0.026204614551037623,0.4911319375176091,0.1533925541781161
EA4,0,0.04356593482503651,0.23686253203862165,0.7195715331363419
EI4,0,0.04979376956334319,0.2194042519567448,0.7308019784799121
EE4,0.3453565607944874,0.027863520404971302,0.4489047011926829,0.1778752176078585
EO4,0.08833758613500155,0.0595084435549575,0.40552855629755075,0.44662541401249023
OA4,0.16940987751571898,0.014508592678524921,0.5823453290194788,0.2337362007862773
OI4,0.28792044050439936,0.017749782301749603,0.5220129647982726,0.17231681239557842
OE4,0.41939952965298244,0.024643874476091978,0.4220138934069568,0.1339427024639689
OO4,0.4036748478029449,0.018228495509828427,0.459782608135655,0.11831404855157165
