AA1,0.5631329268467278,0,0.4368670731532723,0
AI1,0.3880984291416592,0,0.5424896877050024,0.06941188315333827
AE1,0.3150274809503133,0.08030146311018889,0.34578716041682894,0.2588838955226688
AO1,0.2420539917948829,0.008538974711679925,0.5710973791957074,0.17830965429772974
IA1,0.4759290297889493,0.002448881524850535,0.4816931319059567,0.03992895678024344
II1,0.3292260188416224,0.0019838276428535712,0.558176170226097,0.110613983289427
IE1,0.32094834371293757,0.08165823269907328,0.3420493631101057,0.2553440604778834
IO1,0.20051306843930594,0.00992609123317242,0.5795024521500783,0.21005838817744327
EA1,0,0.32115509071301207,0,0.6788449092869879
EI1,0,0.06511883012380938,0.3548906051791565,0.5799905646970342
EE1,0.349077272563528,0.03898083076162797,0.442546612209668,0.16939528446517604
EO1,0.14673197695142348,0.04098300406910726,0.47288119314537963,0.3394038258340895
OA1,0.28880646993091175,0.012703568162916531,0.5184267310781342,0.18006323082803735
OI1,0.19388899976360585,0.008779506243393582,0.5544259772675063,0.2429055167254942
OE1,0.35648061879164183,0.05321816992558666,0.39589622927549045,0.19440498200728107
OO1,0.11097579290727484,0.01576570852025064,0.5576621824592735,0.315596316113201
AA2,0.4554780992893314,0.0020381078607730235,0.5029532931313068,0.03953049971858879
AI2,0.28533685357892585,0.001984472367433978,0.5733818444037571,0.13929682964988316
AE2,0,0.26423910804736955,0,0.7357608919526304
AO2,0,0.01866520012600915,0.5413688281286716,0.43996597174531926
IA2,0.4677048481534985,0.002018696989657462,0.495642086432872,0.03463436842397205
II2,0.326988911566516,0.0017062844185368829,0.5668932654258029,0.10441153858914412
IE2,0.35459571936267015,0.06863821116464837,0.3392609237981412,0.2375051456745402
IO2,0.21428200351686483,0.008672025653903261,0.5768019742525036,0.20024399657672842
EA2,0,0.26423910804736955,0,0.7357608919526304
EI2,0,0.06036698671007767,0.38987522172363365,0.5497577915662888
EE2,0.3732843035842912,0.03487777248851829,0.4327223403432657,0.1591155835839249
EO2,0.15143512036774157,0.038507371555837215,0.4853075320791335,0.32474997599728755
OA2,0.48985868257189813,0.008698814230680606,0.4668119055460212,0.03463059765140002
OI2,0.3519362680080046,0.0069631622321055285,0.5494800902025571,0.09162047955733299
OE2,0.3918701863636457,0.03331348915281105,0.4288467467877583,0.14596957769578492
OO2,0.2949505547967001,0.013500801137527411,0.5497554400663743,0.141793203999398
AA3,0.38605122931547337,0,0.5408371949609989,0.0731115757235276
AI3,0.41192540089719454,0,0.5259977992327145,0.06207679987009103
AE3,0.31516196035994654,0.11240380739554985,0.326443154796682,0.24599107744782167
AO3,0.4571185076476448,0.020971789647797518,0.44894109323157777,0.07296860947298003
IA3,0.30772259969327526,0,0.5714948995028096,0.12078250080391517
II3,0.35567389655134257,0.0026976878550924706,0.5392117393432092,0.10241667625035573
IE3,0.32070034896459004,0.11580223079538637,0.3217231763236488,0.24177424391637478
IO3,0.4024073455780663,0.028610738065954988,0.4650900985945604,0.10389181776141829
EA3,0,0.07824979627546914,0.35054310649323167,0.5712070972312993
EI3,0,0.08322757838308932,0.3457677778641679,0.5710046437527427
EE3,0.36356247594466023,0.04040934473210164,0.43194019950786744,0.16408797981537074
EO3,0.2719376430591627,0.05771034920054995,0.4152153320781411,0.2551366756621462
OA3,0,0.008260895795084834,0.5617614582384597,0.42997764596645544
OI3,0.22731633195211065,0.015030103719885909,0.5226657914242522,0.2349877729037512
OE3,0.3675808633729611,0.064383056270938,0.38124982471497193,0.18678625564112908
OO3,0.2906868683788596,0.041418138506811496,0.46256300503815845,0.2053319880761705
AA4,0.23093273890337818,0,0.59761311728982,0.17145414380680182
AI4,0.2891224840870162,0.0022154920409788144,0.5669008476032904,0.14176117626871457
AE4,0,0.3120502342445614,0,0.6879497657554386
AO4,0.3326284887349659,0.035683137749622056,0.4792187421460404,0.1524696313693716
IA4,0.2970548832065244,0,0.5823742644806366,0.12057085231283898
II4,0.343497900075539,0.0017210168806933903,0.5514429662807995,0.10333811676296803
IE4,0.3461245213064774,0.07995006606330288,0.3246831000686586,0.24924231256156118
IO4,0.39441010489013767,0.017465409127588646,0.48187683825474814,0.10624764772752558
EA4,0,0.059554056340412706,0.35258081473356967,0.5878651289260176
EI4,0,0.061694542145772066,0.3488092668082216,0.5894961910460063
EE4,0.3739996460519479,0.036730521099113345,0.4245829160460986,0.16468691680284017
EO4,0.2658468026666844,0.04793399987765536,0.42513495514059785,0.26108424231506244
OA4,0.33360115339600016,0.006615673301460203,0.5472826458369288,0.1125005274656107
OI4,0.38296956963835915,0.006661497974961312,0.5213054375336501,0.08906349485302945
OE4,0.3956910860929471,0.03487315102112691,0.41926217988791653,0.15017358299800945
OO4,0.4443892493298334,0.013674346338350246,0.46597125951753093,0.07596514481428537
