AA1,0.5895465734337529,0,0.4104534265662471,0
AI1,0.314102688939758,0,0.6270984639265355,0.05879884713370657
AE1,0.2845414131052841,0.07745262088470432,0.44517033889854857,0.1928356271114632
AO1,0.2544741418147594,0.009945109696337301,0.5849848757092092,0.1505958727796941
IA1,0.29753798798661374,0.041735610506818115,0.4947655202785351,0.16596088122803304
II1,0.16081057452142514,0.01838112730301606,0.6007875213853746,0.22002077679018425
IE1,0.3266739376935348,0.08612049332094987,0.4149402898902233,0.17226527909529193
IO1,0.16557938542050876,0.013334356323005276,0.586877209456517,0.23420904879996896
EA1,0,0.41834203869554076,0,0.5816579613044593
EI1,0,0.060876273222646674,0.22836681198561867,0.7107569147917346
EE1,0.3214752303364346,0.03545608906375962,0.5152487885263267,0.12781989207347919
EO1,0.07057136301691787,0.032631942402896505,0.5154103093888794,0.38138638519130624
OA1,0.1464939923272401,0.10525205940131938,0.3527071854315879,0.3955467628398526
OI1,0.042290698486313706,0.03283129515406675,0.4539148402177146,0.470963166141905
OE1,0.3448057277280796,0.05870309837324368,0.462058873504251,0.1344323003944256
OO1,0.08197921444298166,0.019595731298770055,0.5331831255534015,0.36524192870484673
AA2,0.33132723812729303,0.023600755342060572,0.508340802071317,0.13673120445932932
AI2,0.10561287857564848,0.025208870972525617,0.5750987171570998,0.2940795332947261
AE2,0,0.37161519160663975,0,0.6283848083933603
AO2,0,0.05457869332659084,0.25303518112859413,0.692386125544815
IA2,0.38692939826514533,0.021377754006439438,0.4863367865362209,0.10535606119219428
II2,0.220441151477039,0.010527300144848914,0.6181297232564537,0.15090182512165848
IE2,0.43234304571087884,0.05637687793357529,0.3920919058588952,0.11918817049665074
IO2,0.23004980604760372,0.009681625224666073,0.5937700781791172,0.16649849054861302
EA2,0,0.37161519160663975,0,0.6283848083933603
EI2,0,0.05739014870331412,0.33192807994048285,0.610681771356203
EE2,0.41682212987925726,0.023952198538368583,0.4720831194077148,0.08714255217465935
EO2,0.10362293252260685,0.02749801043488625,0.5851555200121161,0.2837235370303908
OA2,0.4009105901539465,0.06552753735664917,0.36791127625976244,0.1656505962296419
OI2,0.1611198973898306,0.011702178938562109,0.6308400434971693,0.19633788017443812
OE2,0.4462351755584605,0.021452598011823226,0.4591376353936843,0.07317459103603208
OO2,0.2266786808795538,0.0071581476679602055,0.6150844940652197,0.15107867738726627
AA3,0.33344727179828293,0,0.5943049004837121,0.07224782771800488
AI3,0.39212577257128306,0,0.5576801239849197,0.050194103443797315
AE3,0.3110967076289751,0.1428188628630331,0.3804932285664476,0.165591200941544
AO3,0.42365375015116147,0.02814943964999587,0.47229915470615297,0.0758976554926897
IA3,0.14222480376251023,0,0.6552885682896517,0.20248662794783806
II3,0.21689516858632257,0.04470613846338019,0.5422950083542712,0.19610368459602598
IE3,0.3398131653355828,0.18640798119301605,0.3334841375336544,0.14029471593774664
IO3,0.2917213631749347,0.09646530069133163,0.44795281095025635,0.16386052518347718
EA3,0,0.1087437389800393,0.23983886377940924,0.6514173972405515
EI3,0,0.14620319319164568,0.21442225321953529,0.639374553588819
EE3,0.3788973733429049,0.04462566083178363,0.4604969636862593,0.11598000213905209
EO3,0.17430561747193218,0.1147483876607969,0.4311352434300692,0.2798107514372018
OA3,0,0.02580475975071311,0.33428492842527485,0.639910311824012
OI3,0.0754325538491623,0.09405485448332117,0.41292342722748276,0.41758916444003386
OE3,0.39033584629505197,0.09348311820246419,0.39864666894276896,0.11753436655971496
OO3,0.2055069991102929,0.12803234624587945,0.41631586048704233,0.2501447941567853
AA4,0.023117946280221128,0,0.6193677716455671,0.3575142820742117
AI4,0.1316513669476113,0.040420737332859724,0.5183093369526968,0.3096185587668322
AE4,0,0.4906457755627092,0,0.5093542244372908
AO4,0.14057041012684,0.10957965242781877,0.37320174478106727,0.3766481926642739
IA4,0.1841957325094976,0,0.6540414764526665,0.16176279103783595
II4,0.274097847147106,0.015211092390638514,0.5525203791823804,0.1581706812798751
IE4,0.46719422510621267,0.07320603817154057,0.3380003855338448,0.121599351188402
IO4,0.37766129452468,0.030020938995366595,0.45790464285329235,0.13441312362666114
EA4,0,0.062369419239165634,0.300554385138731,0.6370761956221034
EI4,0,0.06876394163600447,0.27976811177016203,0.6514679465938336
EE4,0.4640956643393795,0.02831877466648873,0.4169388621780645,0.09064669881606743
EO4,0.23780454655132327,0.06645411745917715,0.45633344160216605,0.23940789438733345
OA4,0.11761871640304868,0.011658502334975205,0.5942219311527261,0.2765008501092499
OI4,0.22402796503555733,0.015090458818330842,0.5531625041359235,0.20771907201018833
OE4,0.49771788996049826,0.02503657451791117,0.40169570992764386,0.07554982559394657
OO4,0.40409284818785957,0.019486375096506157,0.4679254820382259,0.1084952946774083
