AA1,0.5293674849959951,0,0.4706325150040049,0
AI1,0.25515514150828467,0,0.6849187515866609,0.059926106905054566
AE1,0.07583490930571486,0.41467684479172195,0.10863533782995248,0.40085290807261076
AO1,0.08318174620165461,0.17698362798295417,0.30625119573743315,0.43358343007795797
IA1,0.15194112662773682,0.27320175780091804,0.2616048518457299,0.3132522637256152
II1,0.06450438436781111,0.2328770757927401,0.3210157302570835,0.3816028095823652
IE1,0.0801691675631929,0.42341011882161833,0.1031365256292744,0.3932841879859144
IO1,0.04902818989041116,0.18496339609875187,0.29161059175030246,0.47439782226053445
EA1,0,0.5488738996799276,0,0.4511261003200725
EI1,0,0.3306572155890098,0.037588386174227745,0.6317543982367624
EE1,0.15526518808580977,0.27993859696876994,0.2596820597283549,0.3051141552170653
EO1,0.03462863969820197,0.22874886539293363,0.24300635196307585,0.49361614294578854
OA1,0.03292651654455531,0.43500678753429894,0.059029418580364756,0.4730372773407809
OI1,0.011973638133198364,0.29707914950193426,0.09365098257191404,0.5972962297929533
OE1,0.136180801704477,0.3351321625212498,0.18595375794479652,0.34273327782947666
OO1,0.03338518651700812,0.210259981718629,0.2114974497285631,0.5448573820357997
AA2,0.19052318087292908,0.19994545761329607,0.3179822484410057,0.2915491130727691
AI2,0.062012404684093705,0.20637400814507909,0.3677942130841472,0.36381937408668
AE2,0,0.5226579326773314,0,0.47734206732266854
AO2,0,0.2362790106925007,0.13133196635493719,0.6323890229525619
IA2,0.2948512201657977,0.1701652255070544,0.3144256948100992,0.22055785951704868
II2,0.14614683137548137,0.15796826860590843,0.41227496064484787,0.28360993937376233
IE2,0.15846670652740683,0.3563317255693382,0.14336676069685664,0.3418348072063985
IO2,0.08517757314468798,0.1486882880901404,0.359293230051499,0.4068409087136727
EA2,0,0.5226579326773314,0,0.47734206732266854
EI2,0,0.33296223382085494,0.06305265411030332,0.6039851120688418
EE2,0.29769989504329786,0.19337783163234815,0.2973057987833816,0.21161647454097232
EO2,0.06024437995677307,0.1962076727268928,0.3517548417380739,0.39179310557826025
OA2,0.11513531630203933,0.41848653638547806,0.07926855506325767,0.387109592249225
OI2,0.05825316832864599,0.25796020519988483,0.2123833421923858,0.47140328427908335
OE2,0.33418767711627795,0.17678755191544374,0.29853639363634377,0.1904883773319346
OO2,0.10451205400972616,0.15239072905358,0.42895709906497076,0.314140117871723
AA3,0.3002652307798812,0,0.6197369991698126,0.07999777005030613
AI3,0.3699583476637886,0,0.5767289710470423,0.05331268128916913
AE3,0.07968319871762584,0.433329199162584,0.10276319330614116,0.38422440881364905
AO3,0.22159045950699513,0.2912112673873684,0.22650836229767787,0.26068991080795856
IA3,0.10200604451508244,0,0.6832083414274178,0.21478561405749974
II3,0.10021626128232933,0.3213299670681507,0.2608668834749918,0.31758688817452807
IE3,0.08474354942937108,0.4481074646780508,0.0961915041811191,0.3709574817114589
IO3,0.12883031743829532,0.37972516266103784,0.1733814723838225,0.3180630475168444
EA3,0,0.35715447165493236,0.03585469425572029,0.6069908340893473
EI3,0,0.37219662042993573,0.030484821781069416,0.5973185577889948
EE3,0.22565797163246368,0.2558334598119028,0.22601830239242446,0.29249026616320906
EO3,0.06064336263675112,0.38285362633509024,0.10787164455077529,0.4486313664773834
OA3,0,0.2437569392652234,0.09268397777985674,0.6635590829549198
OI3,0.042099563340765644,0.32555085041543524,0.08431969812814263,0.5480298881156566
OE3,0.16921716240350532,0.326451372182519,0.17292345924064684,0.33140800617332883
OO3,0.07037118244486099,0.4119823928678815,0.09949850268166885,0.41814792200558865
AA4,0.03218967704592503,0,0.6390068674412698,0.3288034555128051
AI4,0.0722055688004958,0.28375954701558137,0.27495400840854495,0.3690808757753778
AE4,0,0.5703300808401847,0,0.42966991915981545
AO4,0.06015285911513664,0.4184987077594688,0.13333441737612783,0.3880140157492668
IA4,0.1726281105966901,0,0.667852690887937,0.159519198515373
II4,0.18549142467783356,0.20920098073753005,0.30969166942696985,0.29561592515766655
IE4,0.14821466731861963,0.38181179611795063,0.11843009152671911,0.3515434450367107
IO4,0.22067281466567137,0.2931792354665847,0.1919768713667699,0.294171078500974
EA4,0,0.32639102508202905,0.0468861491792352,0.6267228257387356
EI4,0,0.3327071993602479,0.039950444220861143,0.6273423564188909
EE4,0.3085471513942202,0.21230214807130007,0.23382361779868202,0.24532708273579776
EO4,0.0806746676053525,0.35471816700995895,0.12832186114931662,0.436285304235372
OA4,0.05038348237696368,0.25326699373738965,0.18273536732119514,0.5136141565644515
OI4,0.11317373312100772,0.2574271064963849,0.15778606196770054,0.4716130984149069
OE4,0.34953868958347417,0.19555116701096592,0.23171413163094484,0.223196011774615
OO4,0.2187837894136843,0.28899135768420986,0.18209566594401846,0.3101291869580875
