AA1,0.489951546376729,0,0.510048453623271,0
AI1,0.2624446959030934,0,0.5571787771673616,0.18037652692954492
AE1,0.2283209318560597,0.06980332746463641,0.44014880803864564,0.26172693264065827
AO1,0.22791757461521614,0.02306909086984132,0.5146723351148644,0.23434099940007813
IA1,0.23525827961426332,0.06475006621041038,0.43776436261028806,0.26222729156503827
II1,0.15757268065754013,0.026916794996014282,0.49645990576436416,0.3190506185820812
IE1,0.2577936999596147,0.07932807186256774,0.4236247044002076,0.23925352377761003
IO1,0.16669423915304746,0.029546003742492374,0.4942582463614492,0.3095015107430109
EA1,0,0.3858164498501556,0,0.6141835501498443
EI1,0,0.06379799374368612,0.3644438091085153,0.5717581971477986
EE1,0.2402180659093185,0.04426162107592237,0.47935731187372455,0.23616300114103464
EO1,0.10243527320105619,0.04235776785113575,0.4598591039279619,0.3953478550198462
OA1,0.167020012045907,0.11066514651107807,0.36925172306207366,0.3530631183809413
OI1,0.08877771785094789,0.041336064973437586,0.45609068703520894,0.4137955301404055
OE1,0.2606288408708013,0.06689297099549175,0.44415004720915724,0.22832814092454964
OO1,0.12188122103357256,0.03686258830925303,0.4743720226872437,0.3668841679699307
AA2,0.2648867995993117,0.04025302851825752,0.4687460878781689,0.2261140840042618
AI2,0.12434276083771097,0.04131609757685128,0.4835371204999312,0.35080402108550657
AE2,0,0.3288501400970472,0,0.6711498599029527
AO2,0,0.08078852491591942,0.3726615568647553,0.5465499182193253
IA2,0.2952173987300228,0.039616539982757645,0.4636445666611705,0.20152149462604904
II2,0.20012027151237474,0.018189402638458575,0.5319193385817602,0.2497709872674065
IE2,0.3258850368889799,0.05889731883494646,0.4316701214976691,0.18354752277840447
IO2,0.21521094106206087,0.022307585937615088,0.5218559157871075,0.24062555721321652
EA2,0,0.3288501400970472,0,0.6711498599029527
EI2,0,0.05419771486293561,0.4503072538622383,0.495495031274826
EE2,0.3018977239543902,0.033997055693268476,0.48435377282064696,0.1797514475316944
EO2,0.1359640798149542,0.035810966114816774,0.5117996284150288,0.3164253256552002
OA2,0.29762255826784095,0.07422978623951608,0.39726357807880597,0.23088407741383699
OI2,0.17237809264382833,0.019639685119553975,0.5357979767403885,0.27218424549622905
OE2,0.32721165409820824,0.03322014946542175,0.4779673256319042,0.1616008708044657
OO2,0.21364234580964586,0.02028319435228566,0.5294499432757293,0.23662451656233915
AA3,0.27350676987359207,0,0.52762794005171,0.19886529007469803
AI3,0.3165083267385945,0,0.5177920414131134,0.16569963184829195
AE3,0.25944072386681205,0.10523941756159975,0.39906156285660555,0.23625829571498255
AO3,0.31104638045863037,0.048491136278744844,0.45607521203875634,0.18438727122386847
IA3,0.15432082609765185,0,0.5258902634740888,0.31978891042825935
II3,0.19137375447027585,0.052672421932752116,0.46115886548873947,0.29479495810823253
IE3,0.2874779665459507,0.12850980497362965,0.37363023340938245,0.2103819950710372
IO3,0.22896430953427238,0.07904432119059424,0.4291803325436727,0.2628110367314608
EA3,0,0.08772659133782301,0.36844806053840756,0.5438253481237694
EI3,0,0.11344201814103952,0.3454261382231379,0.5411318436358226
EE3,0.28000189892719507,0.060930987199780504,0.44204420889780444,0.21702290497521998
EO3,0.15867779458704592,0.09438822947013376,0.4080083425031851,0.3389256334396353
OA3,0,0.03846694484812004,0.4289708204150602,0.5325622347368197
OI3,0.11118878548233785,0.07936742026200318,0.425072868888539,0.38437092536712
OE3,0.2955898943021994,0.10376795629471196,0.39730658676485164,0.20333556263823707
OO3,0.1885508546074809,0.09327608766939276,0.4153345306574241,0.30283852706570225
AA4,0.0430671696331728,0,0.5558471184450486,0.40108571192177855
AI4,0.1434923685684658,0.06767346578472697,0.4411942849623197,0.3476398806844875
AE4,0,0.4481555379180662,0,0.5518444620819338
AO4,0.13517906959369383,0.11924627707133967,0.3707388871001514,0.37483576623481507
IA4,0.18954597524151776,0,0.5439130512453642,0.266540973513118
II4,0.23525942564147762,0.02767330304747288,0.48603085598295975,0.25103641532808973
IE4,0.35959088472904777,0.07691715163155351,0.38368666715029776,0.17980529648910107
IO4,0.2831792545175138,0.04366821052824655,0.44980167761923406,0.22335085733500554
EA4,0,0.061514260650868825,0.4336150049389716,0.5048707344101595
EI4,0,0.07115993085463881,0.4154210423127458,0.5134190268326154
EE4,0.3396800769908415,0.04150850731205437,0.43908059467262994,0.17973082102447427
EO4,0.20436176062094252,0.05973182560421938,0.4411126123303083,0.29479380144452977
OA4,0.1409942795886286,0.020324118654451797,0.5135478147648367,0.325133786992083
OI4,0.2084076262640726,0.025925793807243285,0.489536180959913,0.27613039896877106
OE4,0.3687548808793127,0.04029600252208456,0.43035037288845274,0.16059874371015
OO4,0.2914172377050928,0.03346302531963174,0.4606318422331417,0.2144878947421338
