AA1,0.4946801406795948,0,0.5053198593204052,0
AI1,0.07508160776759204,0,0.6932038060406901,0.2317145861917178
AE1,0.0260532579481698,0.385992864677484,0.09087297851085971,0.4970808988634864
AO1,0.028155411635633353,0.20310790270605425,0.27204385933501063,0.49669282632330175
IA1,0.18097457505423628,0.24527934885996047,0.3020540794711391,0.27169199661466426
II1,0.0403497048695696,0.17395193412653065,0.36862334145389897,0.4170750195500008
IE1,0.03633080163332605,0.4063647636601146,0.07550048545607332,0.481803949250486
IO1,0.025046699562049912,0.22263865713570843,0.2462686816634779,0.5060459616387637
EA1,0,0.521663649029322,0,0.47833635097067795
EI1,0,0.2066343733505915,0.17434247400336006,0.6190231526460483
EE1,0.07856890126199066,0.21937887063235975,0.2820259768870501,0.4200262512185995
EO1,0.033518584617907785,0.20215826389423042,0.2713657064556207,0.4929574450322411
OA1,0.09482596610701381,0.34117267172218585,0.1717000179645595,0.3923013442062409
OI1,0.024863451296317743,0.20179047940706216,0.24599142018170164,0.5273546491149185
OE1,0.06777341539523635,0.31791740869088037,0.1671237156528943,0.447185460260989
OO1,0.028313524093858886,0.2126488228859596,0.23692567793748948,0.522111975082692
AA2,0.22966687283258655,0.1906574058231871,0.32701291477925337,0.25266280656497303
AI2,0.0335263204313276,0.17871759366408546,0.36819635484285496,0.419559731061732
AE2,0,0.4895555392862332,0,0.5104444607137669
AO2,0,0.2868344958690873,0.15712615451960063,0.556039349611312
IA2,0.2714989893475163,0.17615005123223143,0.32706557780599593,0.22528538161425637
II2,0.06147731600864069,0.13595729624825076,0.43479564608419585,0.3677697416589127
IE2,0.0761490277531161,0.36542489092850144,0.1021527490640982,0.4562733322542843
IO2,0.048593853340192755,0.18877423283422287,0.2913252620483152,0.47130665177726916
EA2,0,0.4895555392862332,0,0.5104444607137669
EI2,0,0.1949655356573542,0.2290603235457924,0.5759741407968534
EE2,0.14925277917080387,0.17495290300565,0.32891068629443776,0.3468836315291084
EO2,0.05708744123507722,0.1722644328429685,0.3407520853639384,0.42989604055801595
OA2,0.1966102765289535,0.29494776967793684,0.18978522301307738,0.31865673078003237
OI2,0.04715649965240257,0.11630088263933921,0.4236693290972801,0.41287328861097816
OE2,0.18460190262413545,0.1664422210570166,0.3309548857147932,0.3180009906040547
OO2,0.09635510611540088,0.12138642006772488,0.4140893185875758,0.36816915522929844
AA3,0.12974514639893386,0,0.6017917608524617,0.2684630927486046
AI3,0.22144429749249764,0,0.5726492218566139,0.20590648065088846
AE3,0.04436226034373979,0.4511708256906522,0.07253745668861765,0.4319294572769904
AO3,0.11508648275561567,0.3456521552258342,0.15955943361953864,0.3797019283990114
IA3,0.0634440076258933,0,0.6018003203363034,0.33475567203780343
II3,0.10604121344546912,0.24113300950233993,0.3088714188707995,0.34395435818139136
IE3,0.06304801782324213,0.47467742385940076,0.05827357238869337,0.4040009859286637
IO3,0.11295464632923079,0.35676746532863873,0.16522413728503751,0.365053751057093
EA3,0,0.23817056753083443,0.16102390975715697,0.6008055227120086
EI3,0,0.24857275071347035,0.15288546143399842,0.5985417878525312
EE3,0.16839164162671616,0.22680261839549348,0.22642151399073324,0.37838422598705707
EO3,0.10043930211083445,0.24877489845436895,0.21310206080952912,0.43768373862526744
OA3,0,0.1543946157780218,0.2550327197944677,0.5905726644275106
OI3,0.07416478320596812,0.2504247248307395,0.21321335299826613,0.46219713896502623
OE3,0.13072638247171509,0.34872335439282964,0.13354187060380593,0.38700839253164926
OO3,0.10740941523994084,0.3236814845336619,0.17376538971537747,0.3951437105110198
AA4,0.01578013437148294,0,0.5931235505490993,0.39109631507941783
AI4,0.06209499658764208,0.25209708395457,0.2953775514941047,0.3904303679636832
AE4,0,0.5741137432061649,0,0.42588625679383507
AO4,0.04315227063556544,0.44392849530549555,0.11216982379674326,0.4007494102621958
IA4,0.08959626322493622,0,0.610637523335217,0.2997662134398467
II4,0.12715922422217965,0.18600516843202844,0.3368563258990707,0.34997928144672114
IE4,0.08604322087218547,0.4264660348652333,0.06745261577486085,0.4200381284877203
IO4,0.13983017845770726,0.3080689150450197,0.18090905852639555,0.37119184797087745
EA4,0,0.2258641206579866,0.1753533238261578,0.5987825555158556
EI4,0,0.23306151096911024,0.16683503612249903,0.6001034529083907
EE4,0.19214410862792863,0.20949871578602897,0.23335222425084323,0.36500495133519917
EO4,0.11107368964757498,0.23343026780057033,0.22452710054712846,0.43096894200472635
OA4,0.05353810220244517,0.1333877930397816,0.34757528351127515,0.46549882124649816
OI4,0.12826965817893207,0.13913393959203738,0.32322680679906923,0.4093695954299613
OE4,0.23893236018056915,0.19759686132434043,0.23070038241396962,0.3327703960811207
OO4,0.2287187018955659,0.1720823466889698,0.2691090584679295,0.3300898929475348
