AA1,0.594612672617592,0,0.4053873273824081,0
AI1,0.39391959958357053,0,0.5571093944709891,0.048971005945440474
AE1,0.31083801766224206,0.058992417403123915,0.38999078808787907,0.24017877684675498
AO1,0.2519280758865529,0.00231444391594054,0.5978936126584722,0.14786386753903444
IA1,0.4440961150732429,0.0017456742214851469,0.49849707336249033,0.05566113734278158
II1,0.2843893184775007,0.0014915497924158057,0.5990686214523517,0.11505051027773178
IE1,0.3238430029500824,0.060879331214220324,0.38380014695742126,0.23147751887827608
IO1,0.18053190200111566,0.002639180957178823,0.6120745622758017,0.20475435476590378
EA1,0,0.26944652636581323,0,0.7305534736341868
EI1,0,0.03147382344212889,0.34207691184783096,0.6264492647100401
EE1,0.3091266691486702,0.018973188180504582,0.49610012311646373,0.1758000195543614
EO1,0.09088951735804972,0.018527777306500168,0.491472608060635,0.3991100972748151
OA1,0.2380073482044195,0.020291178965435867,0.5068735539897257,0.2348279188404191
OI1,0.1455690028794906,0.01296771040661514,0.5440661001225042,0.29739718659139003
OE1,0.3341626606657799,0.04802293183593081,0.4103425893768735,0.2074718181214157
OO1,0.08573784053675718,0.007283361852487006,0.5567851078061069,0.35019368980464893
AA2,0.4394665730520416,0.0017658337192900501,0.5036505818889198,0.055117011339748605
AI2,0.24901262833873256,0.0019940912046176665,0.5971496131086486,0.15184366734800142
AE2,0,0.22845454218545133,0,0.7715454578145485
AO2,0,0.01632256067189275,0.5089034400630988,0.4747739992650085
IA2,0.4562517177324321,0.0014279045208391405,0.4952374279778142,0.04708294976891456
II2,0.2953336828326057,0.0012167476605439093,0.5967555710496443,0.10669399845720622
IE2,0.38798729757386485,0.052257879690008634,0.3576911790017207,0.20206364373440586
IO2,0.19947735012834852,0.0026523362029960027,0.6052081677505301,0.19266214591812528
EA2,0,0.22845454218545133,0,0.7715454578145485
EI2,0,0.03169080957838131,0.38815295327244714,0.5801562371491714
EE2,0.3687077889517151,0.016968081949242743,0.4579398537643417,0.1563842753347004
EO2,0.09723155897342596,0.018519596383231193,0.5073921981330572,0.3768566465102856
OA2,0.49733541669593234,0.0042410869595399464,0.45466782838940134,0.04375566795512647
OI2,0.31476781627760303,0.00355594571219673,0.5835176599556033,0.09815857805459685
OE2,0.4090225595029498,0.015313945046635071,0.4475433589626809,0.12812013648773435
OO2,0.2540847123886804,0.004048503463247359,0.605014085446209,0.13685269870186328
AA3,0.3953448910543878,0,0.5493844541005959,0.05527065484501633
AI3,0.4435225788842162,0,0.5136773489457731,0.04280007217001065
AE3,0.3135741089503976,0.10206354328713224,0.3591881920372876,0.2251741557251826
AO3,0.489866940900049,0.006248449894627196,0.45727345063693586,0.04661115856838786
IA3,0.26115191146737193,0,0.6083563664418382,0.13049172209078974
II3,0.33510209467801566,0.0018078214799426046,0.555829005027021,0.10726107881502073
IE3,0.32478379560273773,0.11350235097737159,0.34771435572970455,0.21399949769018609
IO3,0.3812733849669044,0.009118168162192417,0.5041068347225267,0.10550161214837663
EA3,0,0.04744713965751086,0.33675709491666656,0.6157957654258227
EI3,0,0.050383764770962916,0.3328285294501625,0.6167877057788745
EE3,0.32935392767470667,0.021262102397445182,0.4767520416023357,0.1726319283255125
EO3,0.18943116186230943,0.0362897713658432,0.45163335137890465,0.32264571539294273
OA3,0,0.008833603985200628,0.514576838293501,0.47658955772129835
OI3,0.1853315503620883,0.02089031958679847,0.49899207096420917,0.29478605908690403
OE3,0.3459201747511864,0.08117480711872956,0.37739352680800076,0.19551149132208334
OO3,0.2475767107140136,0.030567448804950218,0.48339805792341073,0.23845778255762548
AA4,0.19179627039254266,0,0.6208375542771911,0.18736617533026628
AI4,0.26559047939924707,0.0026391904124611104,0.5759884277648133,0.15578190242347853
AE4,0,0.29212930264684,0,0.70787069735316
AO4,0.3048089738465697,0.015221265090721922,0.5162855915239571,0.1636841695387512
IA4,0.2685850543337806,0,0.6070924971525471,0.12432244851367241
II4,0.33646286305821727,0.0016250163999322385,0.5583794282798786,0.10353269226197179
IE4,0.3838294544768712,0.06701136856194184,0.33924770265836834,0.2099114743028185
IO4,0.386174211574081,0.0069518843248015565,0.5070394901935589,0.09983441390755854
EA4,0,0.034349736516629356,0.33743297173416903,0.6282172917492016
EI4,0,0.03479300439920424,0.334302096070658,0.6309048995301377
EE4,0.37445214646138686,0.018425553091467248,0.44288189294221864,0.16424040750492722
EO4,0.1897588652484043,0.026959532290091896,0.4581825935359154,0.3250990089255884
OA4,0.293960480704304,0.0035841276529804474,0.5788425510676352,0.12361284057508035
OI4,0.37308453646181844,0.0035798059833063007,0.5302629653975073,0.09307269215736809
OE4,0.42548501116544535,0.016306375300012853,0.42623900283304517,0.13196961070149665
OO4,0.4429536104552963,0.0045969480768872665,0.4811528387904245,0.07129660267739203
