AA1,0.582455833258208,0,0.417544166741792,0
AI1,0.4182603597344424,0,0.5645861191216639,0.017153521143893666
AE1,0.42667937551735835,0.04288399603676128,0.44699430230351733,0.08344232614236304
AO1,0.3842455657409452,0.016311816671055943,0.5282279794187645,0.07121463816923428
IA1,0.41515867324885886,0.03763864102536206,0.44618824833493276,0.10101443739084638
II1,0.3226605697959459,0.013955222046603412,0.5604547290972364,0.10292947906021427
IE1,0.4408149211598915,0.046688538782389245,0.43603734969240265,0.07645919036531665
IO1,0.33297322827161885,0.019402311888555835,0.5576390210164146,0.08998543882341063
EA1,0,0.43676252059421805,0,0.563237479405782
EI1,0,0.028987950576271945,0.3316359901886257,0.6393760592351023
EE1,0.4466492200089218,0.007422200131265313,0.5225364948281579,0.023392085031655
EO1,0.23568233075190131,0.007975270137015263,0.5875225464883859,0.16881985262269758
OA1,0.2579515744615577,0.12572850372652988,0.32994160506147896,0.28637831675043357
OI1,0.1630939500558676,0.023281102283736015,0.46013482804546885,0.35349011961492743
OE1,0.4654602795566701,0.011981721254195846,0.49382588083995116,0.028732118349182906
OO1,0.23690629482425865,0.010386394665097635,0.5743671608553628,0.17834014965528092
AA2,0.4343021682548789,0.021971158959838418,0.46233551483094115,0.08139115795434147
AI2,0.29248353900806345,0.021168960359782114,0.5388896659789995,0.14745783465315496
AE2,0,0.3772841686818288,0,0.6227158313181713
AO2,0,0.12563072480031948,0.2534760109723192,0.6208932642273612
IA2,0.4622942632390257,0.017597080574839715,0.4546921536412185,0.06541650254491585
II2,0.3533961993507352,0.006635056188082969,0.5730782178772951,0.06689052658388676
IE2,0.5114781353649627,0.024525208404026052,0.4150426147123795,0.048954041518631884
IO2,0.38090951441517573,0.010537102457745848,0.5483941428792848,0.06015924024779361
EA2,0,0.3772841686818288,0,0.6227158313181713
EI2,0,0.023235721673603413,0.4667795772702966,0.5099847010560999
EE2,0.508717921376159,0.004604412619816076,0.4722171957055415,0.014460470298483437
EO2,0.26164461037823095,0.005744307013398684,0.6148724912929501,0.11773859131542014
OA2,0.4296225356995433,0.0813744959923513,0.34507277387621743,0.14393019443188798
OI2,0.2694835789122852,0.008412741638933477,0.5922588856152843,0.12984479383349698
OE2,0.5208018135663418,0.004332094718426189,0.46266233482483327,0.012203756890398805
OO2,0.36509725604690957,0.004317848736074654,0.588246372373366,0.04233852284364984
AA3,0.4260433658613702,0,0.552064945586679,0.02189168855195095
AI3,0.45721109937036897,0,0.5269062432337307,0.015882657395900262
AE3,0.421389859667597,0.10798852286561567,0.3962909235647589,0.0743306939020285
AO3,0.47605744622379287,0.058268590259016755,0.42380455201643863,0.04186941150075185
IA3,0.30778121261578834,0,0.6237634361577632,0.0684553512264486
II3,0.34014475845229464,0.07031333292298181,0.49012267252278696,0.09941923610193669
IE3,0.4297975131928057,0.1243997833300198,0.3787110006110606,0.06709170286611382
IO3,0.4098630183713633,0.1145895699930108,0.4137418838294629,0.06180552780616299
EA3,0,0.07338242114453515,0.32703799224995755,0.5995795866055074
EI3,0,0.0916351099189841,0.3110462952762608,0.597318594804755
EE3,0.4933297342951109,0.009700607895021857,0.47526270740103244,0.02170695040883473
EO3,0.4060193974708132,0.01957998219382597,0.5130534850466664,0.06134713528869454
OA3,0,0.036042979975763514,0.3846026788969404,0.579354341127296
OI3,0.19830143315320747,0.09464232488835417,0.38869041928730874,0.3183658226711296
OE3,0.5002836545173671,0.02704132863668085,0.4465165572160498,0.02615845962990209
OO3,0.3779179822415516,0.0988378629663263,0.42865305998352193,0.09459109480860024
AA4,0.1736274242642705,0,0.6399322863742714,0.18644028936145823
AI4,0.29570220446945245,0.040932626861539506,0.4977441230946663,0.16562104557434165
AE4,0,0.48838959773467283,0,0.5116104022653272
AO4,0.2794294466615569,0.17504565544038236,0.3359010618040924,0.20962383609396848
IA4,0.33149005934218295,0,0.6159810619446161,0.052528878713201055
II4,0.3811836752778544,0.012645297131876043,0.5279508283270333,0.07822019926323626
IE4,0.5208701782121196,0.03881586591591311,0.3828247831807376,0.05748917269122972
IO4,0.4770491734960203,0.03159703318789122,0.4411298568537005,0.05022393646238803
EA4,0,0.029132366073316672,0.3860918462210677,0.5847757877056157
EI4,0,0.03263923958325833,0.373970992517682,0.5933897678990596
EE4,0.5393180775883515,0.006034818372843147,0.43773351438840236,0.01691358965040293
EO4,0.43363092247193014,0.010517040532707942,0.5035338823078525,0.05231815468750953
OA4,0.255933389289691,0.01086440096569276,0.5605412369129785,0.17266097283163773
OI4,0.3164985075351364,0.011379479664491418,0.522572225171826,0.14954978762854618
OE4,0.5550277559991523,0.00559289814007441,0.42533923916709804,0.014040106693675114
OO4,0.5107373105320232,0.006977202113237714,0.46212219528561516,0.02016329206912413
