AA1,0.43870338650015767,0,0.5612966134998424,0
AI1,0.09437095860056888,0,0.5948039273708658,0.3108251140285653
AE1,0.048279067554941414,0.31073610616068703,0.17323112555727874,0.4677537007270928
AO1,0.0485535848314717,0.1612042723836457,0.3388834853111642,0.45135865747371845
IA1,0.13341205393335018,0.22662124739350595,0.29762369049287624,0.34234300818026775
II1,0.03964633870738275,0.13744154673239345,0.35984567615552177,0.4630664384047021
IE1,0.056972466260085654,0.3287671812666674,0.15948424051491308,0.4547761119583339
IO1,0.03873922742106587,0.17650671608063526,0.30828222381941656,0.4764718326788823
EA1,0,0.4880673656160497,0,0.5119326343839503
EI1,0,0.23198167234433428,0.20793399361727483,0.5600843340383908
EE1,0.06733048029265681,0.2210317146879462,0.28234110661215467,0.4292966984072423
EO1,0.02910167731974676,0.20459368715527124,0.26840369696168553,0.49790093856329654
OA1,0.07660652561990933,0.3061216100250725,0.20454726236338033,0.41272460199163785
OI1,0.01713242114311253,0.17997850417513886,0.29943396846749604,0.5034551062142524
OE1,0.06484257960529637,0.28067835883552783,0.2162048445630379,0.4382742169961379
OO1,0.029181044640207404,0.19242554943865464,0.28115196302508505,0.49724144289605293
AA2,0.17153141472778768,0.17156330775912965,0.33931077709555574,0.31759450041752696
AI2,0.036387192590746485,0.15793729536820458,0.3422584728722766,0.4634170391687723
AE2,0,0.45494844907313303,0,0.5450515509268669
AO2,0,0.25080931148312224,0.20463222479798795,0.5445584637188898
IA2,0.19530506903358533,0.165841191919472,0.34352902205792624,0.29532471698901636
II2,0.05719334910025199,0.10592323713922609,0.42981444489812004,0.4070689688624018
IE2,0.11018517494763948,0.2790114467678293,0.2040648200355495,0.4067385582489817
IO2,0.06667324786082245,0.14811028559294973,0.3642480034991625,0.42096846304706537
EA2,0,0.45494844907313303,0,0.5450515509268669
EI2,0,0.211087319748803,0.27281192638867396,0.5161007538625231
EE2,0.12198951224846272,0.18125184736077318,0.3343934971720649,0.36236514321869917
EO2,0.04660221503693028,0.1783483550948831,0.3378929635001749,0.4371564663680118
OA2,0.14740055231403862,0.27360056710006664,0.21162603397882318,0.36737284660707153
OI2,0.04301406467612192,0.12107957529880081,0.413374256260471,0.4225321037646063
OE2,0.14341299607514837,0.17788905682758804,0.3339445780433094,0.3447533690539542
OO2,0.0775184568206935,0.1387612886589991,0.39260554923200697,0.39111470528830045
AA3,0.11604544240946973,0,0.5503874257424171,0.3335671318481132
AI3,0.16503951004407313,0,0.5441992562304995,0.2907612337254273
AE3,0.06653812775357346,0.3579346690691904,0.14863795591933154,0.42688924725790467
AO3,0.1128108693213845,0.26019995377085686,0.24722338064751695,0.37976579626024165
IA3,0.057831308391054714,0,0.5325590885092011,0.40960960309974415
II3,0.09229494148385971,0.19105628764306587,0.31460598813613505,0.4020427827369393
IE3,0.08234424435004464,0.37938069603947294,0.1336292601696368,0.4046457994408456
IO3,0.10262729258272295,0.2679644437894296,0.24141001762096223,0.3879982460068851
EA3,0,0.25946200312260764,0.1946797146236427,0.5458582822537497
EI3,0,0.2696353138104052,0.1866995930866617,0.5436650931029331
EE3,0.1113462489603065,0.23979597598457209,0.2476850926407999,0.40117268241432147
EO3,0.06347016407961681,0.26252233967554006,0.21942252521542782,0.4545849710294153
OA3,0,0.16401758929354895,0.29695265821381256,0.5390297524926386
OI3,0.059046188789302255,0.22330982507908723,0.2660779929511731,0.4515659931804375
OE3,0.10113261995514128,0.3167727302235999,0.1857430639312491,0.3963515858900097
OO3,0.0797604069627032,0.28020875399027345,0.22240728623055525,0.41762355281646796
AA4,0.018708489258711575,0,0.5521177727493273,0.4291737379919612
AI4,0.06355348694655287,0.21839818643685177,0.28645827701460846,0.4315900496019869
AE4,0,0.5344445993397451,0,0.4655554006602549
AO4,0.03871399567793208,0.34772125512864516,0.16468982169924387,0.448874927494179
IA4,0.07957641009579232,0,0.5562290171150909,0.36419457278911677
II4,0.1047806557519116,0.14429826821378627,0.35548384109210357,0.39543723494219857
IE4,0.11971494174599276,0.3361187471663264,0.15266390154074327,0.3915024095469375
IO4,0.1261177010880348,0.22635247247917625,0.2686165653841284,0.37891326104866047
EA4,0,0.2462191314309451,0.22310085754922937,0.5306800110198256
EI4,0,0.2534588498433203,0.21485136787400239,0.5316897822826774
EE4,0.14434911710551704,0.21775891655382854,0.26416219640535554,0.3737297699352989
EO4,0.0788207136876206,0.24313424603985856,0.24340928986677152,0.4346357504057493
OA4,0.03875963274242255,0.13544046347859334,0.35518121965429483,0.4706186841246892
OI4,0.08812423679814124,0.14616004795207513,0.33845045765031895,0.4272652575994647
OE4,0.17270850899467846,0.2121602362611172,0.2617971930585979,0.3533340616856064
OO4,0.145040044940858,0.19041637035820297,0.2919402118687647,0.37260337283217426
