AA1,0.5797564439990796,0,0.42024355600092034,0
AI1,0.3940510200220405,0,0.5746476065737871,0.03130137340417254
AE1,0.41557594267026765,0.024087721997980788,0.4800540479596436,0.08028228737210781
AO1,0.39058027764283154,0.00325058418319048,0.5373379498533798,0.06883118832059819
IA1,0.4253754548293471,0.03175774097841074,0.43970504734796667,0.10316175684427559
II1,0.29669254647390736,0.0060835556158214624,0.5866522330601509,0.11057166485012017
IE1,0.4377394933806773,0.027483932941828607,0.465604276270603,0.06917229740689107
IO1,0.32509530820689514,0.004691540741082634,0.5772644058438079,0.09294874520821433
EA1,0,0.38352351083205394,0,0.6164764891679461
EI1,0,0.02279135712054332,0.3502933149034516,0.6269153279760052
EE1,0.4216904209266471,0.0054229462853032,0.5306589584651956,0.04222767432285413
EO1,0.23447644468709752,0.005714353644836743,0.5812330682603527,0.17857613340771297
OA1,0.31403021594595204,0.09519268610210775,0.34546535148008,0.24531174647186024
OI1,0.18127710964701474,0.008683997864280955,0.4890686833760941,0.3209702091126103
OE1,0.4417061206345093,0.009781089109332076,0.5028663101299345,0.04564648012622406
OO1,0.24170138933470187,0.004505341405970261,0.5770330708222959,0.17676019843703203
AA2,0.44770622105435964,0.014183910583572927,0.4540736158088249,0.08403625255324249
AI2,0.2696832190912815,0.015286116204503673,0.550128961196428,0.16490170350778688
AE2,0,0.3355217853014508,0,0.6644782146985492
AO2,0,0.073441638176734,0.2714946381735393,0.6550637236497268
IA2,0.46937183639169816,0.01340427741644577,0.45049882566390553,0.06672506052795062
II2,0.32428787571092227,0.0024948213780642313,0.5998156225214732,0.07340168038954026
IE2,0.5147281314951838,0.01457643296367788,0.42606273167665043,0.04463270386448792
IO2,0.37133549328062015,0.00219718719935731,0.563967060938537,0.06250025858148561
EA2,0,0.3355217853014508,0,0.6644782146985492
EI2,0,0.0177415863269626,0.4936679755068588,0.48859043816617864
EE2,0.4918449321235762,0.0033875075198009008,0.4771622545805882,0.02760530577603464
EO2,0.2600793360981992,0.004171893589174863,0.6105152329896688,0.12523353732295706
OA2,0.45553451875529155,0.05193615308883858,0.37119000160717025,0.1213393265486996
OI2,0.2526761486435498,0.004153044760463252,0.6216558823492188,0.12151492424676814
OE2,0.5053957917590335,0.0031750683358767393,0.4685420248495258,0.02288711505556413
OO2,0.34055610908821154,0.002051238665172408,0.6035096244505882,0.0538830277960281
AA3,0.4207455872058238,0,0.5420719142154312,0.03718249857874494
AI3,0.4516330304959887,0,0.5211345659697225,0.027232403534288956
AE3,0.43028725771933113,0.0746224449237432,0.42566731549444103,0.06942298186248468
AO3,0.47309369482872937,0.035009065782174525,0.4495506715742594,0.04234656781483672
IA3,0.3082630182636797,0,0.6074862211066495,0.08425076062967075
II3,0.3356916676488724,0.0666407391840933,0.49793391002913356,0.09973368313790083
IE3,0.4441264768570713,0.10192958949625373,0.39586993299682927,0.05807400064984563
IO3,0.4101163234813453,0.06761852763434574,0.45977254012332763,0.062492608760981186
EA3,0,0.05666756686792668,0.36168033824511364,0.5816520948869598
EI3,0,0.08733028478744484,0.3350882462012825,0.5775814690112725
EE3,0.4778770596127465,0.00775456334243282,0.47636624536386313,0.038002131680957674
EO3,0.3716962598451727,0.02003778145441478,0.5178568741962031,0.09040908450420942
OA3,0,0.022672384779752294,0.4081056149435141,0.5692220002767336
OI3,0.22676685578962585,0.05637009247266787,0.42299321540978335,0.2938698363279229
OE3,0.4883598492800482,0.025402971359825263,0.44596397606476434,0.04027320329536223
OO3,0.3715268579050604,0.05919628693596928,0.4649493988059465,0.10432745635302382
AA4,0.16096498935730283,0,0.6288025704803516,0.21023244016234544
AI4,0.29293104343938664,0.03320425493137719,0.49709091740383027,0.17677378422540588
AE4,0,0.4446306168438365,0,0.5553693831561636
AO4,0.2570919921029155,0.1353618033649004,0.36841003852527515,0.23913616600690885
IA4,0.3369934679433187,0,0.5977943099237968,0.06521222213288437
II4,0.3782663641415285,0.0054388376283290235,0.5363012813029808,0.07999351692716178
IE4,0.5403817560225921,0.02187788679572753,0.38838034982225883,0.049360007359421455
IO4,0.46295374848234144,0.015165623707341163,0.4710890183432177,0.05079160946709958
EA4,0,0.020440070065306782,0.42881952602867357,0.5507404039060197
EI4,0,0.024906462095804494,0.4102378037879376,0.5648557341162579
EE4,0.5322718630775242,0.004329450955791616,0.43301443614068963,0.030384249825994573
EO4,0.40516903985345926,0.007961162723085467,0.5137891764715854,0.07308062095186997
OA4,0.2506320752745038,0.005168564899934559,0.5785760642661343,0.1656232955594273
OI4,0.3198355468710301,0.005311965664343977,0.5395225304027454,0.13532995706188053
OE4,0.5489995888971901,0.0040068481906851095,0.42211522933969214,0.02487833357243263
OO4,0.4732002945038015,0.004017994808217048,0.48791761589995186,0.034864094788029466
