AA1,0.5511719041261327,0,0.44882809587386724,0
AI1,0.4142723621914597,0,0.5231632991874899,0.06256433862105053
AE1,0.3165418612632532,0.0999284718287095,0.34681505973554255,0.23671460717249462
AO1,0.2599629958719461,0.019479373815694128,0.5423995874096981,0.17815804290266168
IA1,0.4649672160906493,0.0075283416810005685,0.46662855532660164,0.06087588690174853
II1,0.35078170528585423,0.006067073641230292,0.5243066305944645,0.11884459047845103
IE1,0.3208993750339401,0.10301404510601794,0.3434074934360913,0.2326790864239506
IO1,0.22185569563031943,0.02159183851178405,0.5433892488117642,0.21316321704613236
EA1,0,0.37919303911473856,0,0.6208069608852613
EI1,0,0.12712393274190067,0.34367239336201694,0.5292036738960824
EE1,0.34524166179996896,0.04466533086921071,0.4450698720540296,0.16502313527679072
EO1,0.13026137303371177,0.04555916450056399,0.47675794576997627,0.347421516695748
OA1,0.26990712666179917,0.04623410315932177,0.4739640588485419,0.20989471133033702
OI1,0.19038882218464157,0.0384695403871543,0.5128366339147798,0.25830500351342417
OE1,0.3393717411063795,0.08295667993382759,0.38052991196601305,0.1971416669937799
OO1,0.11033708356401498,0.0323397181246613,0.5288056505967914,0.32851754771453234
AA2,0.44734743866416316,0.00662279008923312,0.48567870974770777,0.060351061498895985
AI2,0.3077196658112955,0.006880624218215997,0.5424576484107373,0.1429420615597512
AE2,0,0.3420322901284052,0,0.6579677098715949
AO2,0,0.05250172268345274,0.5162756486030334,0.4312226287135138
IA2,0.4562020346387073,0.005914227899721805,0.48455368432312834,0.05333005313844253
II2,0.3446872721290155,0.0048823182905658865,0.5392091714767344,0.11122123810368423
IE2,0.34388516140781,0.09521944593841744,0.3436813199617506,0.21721407269202195
IO2,0.23212567827621408,0.021519949975055512,0.5456654264856367,0.2006889452630938
EA2,0,0.3420322901284052,0,0.6579677098715949
EI2,0,0.11412374835083185,0.3754651704645157,0.5104110811846524
EE2,0.36399505223019046,0.041612055526338176,0.4402383874743048,0.15415450476916642
EO2,0.13864505794767618,0.04425881387375023,0.48965630884126105,0.32743981933731253
OA2,0.47171235933675526,0.02262700381292601,0.4457222995846628,0.059938337265656
OI2,0.36325977872459836,0.014523631993364445,0.5147310835126889,0.10748550576934829
OE2,0.3857371528813998,0.03816881687996837,0.4391446046396184,0.1369494255990134
OO2,0.3132749743453452,0.014162331181545862,0.5268757539149882,0.14568694055812098
AA3,0.4041479875069355,0,0.5262077805487048,0.06964423194435977
AI3,0.427921683706903,0,0.51413933115216,0.05793898514093698
AE3,0.3151237976956929,0.12285591468907339,0.3332114653626727,0.2288088222525611
AO3,0.44753464258988623,0.025058854721359124,0.4551322334323612,0.07227426925639341
IA3,0.3240903936221629,0,0.5458573437212635,0.1300522626565734
II3,0.3638396773532184,0.008245508626945453,0.5120904281482079,0.11582438587162823
IE3,0.3190344318495295,0.12916704560392622,0.32796157628923733,0.22383694625730688
IO3,0.39253829890643765,0.03836579726136217,0.44873520697880404,0.120360696853396
EA3,0,0.13570813991793113,0.33423527902892247,0.5300565810531463
EI3,0,0.13846938224779723,0.3306279471060835,0.5309026706461193
EE3,0.35756115570892977,0.04619762395092013,0.43420102816902423,0.16204019217112578
EO3,0.257933786318781,0.0869165012580993,0.39334944563856583,0.2618002667845538
OA3,0,0.029760658043080195,0.5377456962889057,0.4324936456680142
OI3,0.22105197081589884,0.044791748324135044,0.4792860670561701,0.254870213803796
OE3,0.3441957969106439,0.09781815263115524,0.36706190878874473,0.19092414166945607
OO3,0.26985210414600797,0.07225188589757821,0.4277619198831714,0.23013409007324243
AA4,0.24993975595043563,0,0.5774006194404468,0.17265962460911743
AI4,0.3070328578264122,0.009080596599088733,0.5358887316583333,0.1479978139161658
AE4,0,0.3795053227452749,0,0.6204946772547252
AO4,0.3292362406120956,0.04967803393078713,0.46066119538958494,0.16042453006753227
IA4,0.3137985201976381,0,0.5591498341915553,0.12705164561080656
II4,0.3530574036402155,0.006218066955292945,0.5272593717962181,0.11346515760827368
IE4,0.3316822692297639,0.11345968600052793,0.3288498124673846,0.22600823230232361
IO4,0.3833414573719614,0.033257977892597025,0.46449498695989816,0.1189055777755434
EA4,0,0.11411076077311431,0.33966728962410003,0.5462219496027856
EI4,0,0.11549467125022123,0.3365106836216179,0.5479946451281609
EE4,0.36425255561382425,0.04407295313416009,0.4301047263205674,0.16156976493144826
EO4,0.25398038601998213,0.07782393790549547,0.40480555391055323,0.2633901221639691
OA4,0.33831229915517086,0.013243578594381935,0.5142015470732476,0.1342425751771996
OI4,0.38142199883350636,0.0141519747201343,0.4948281024598973,0.109597923986462
OE4,0.38834453504339983,0.04019048109966369,0.42854940407100806,0.14291557978592845
OO4,0.42444037319760336,0.02437982800067352,0.45560062624705716,0.09557917255466584
