AA1,0.49184508902795415,0,0.5081549109720458,0
AI1,0.11974598895137761,0,0.7324762808564945,0.14777773019212787
AE1,0.08316330556095161,0.3037107160445208,0.17512770734977157,0.43799827104475597
AO1,0.08752934557022911,0.06539790231102605,0.42557100464762077,0.4215017474711241
IA1,0.1798974634389031,0.1272555944623808,0.4124926595178757,0.2803542825808403
II1,0.06862591308533128,0.04483602760899016,0.4883846937793647,0.3981533655263138
IE1,0.09164853179396626,0.340459849879415,0.15945896467104634,0.40843265365557246
IO1,0.05494071248280242,0.08561602485700515,0.3731178821489472,0.4863253805112452
EA1,0,0.5873560831307532,0,0.41264391686924684
EI1,0,0.16358042236174358,0.149411656941639,0.6870079206966174
EE1,0.12382893612110844,0.11902643870747771,0.3819093533415007,0.37523527182991295
EO1,0.033801289814815824,0.09002163812735413,0.32791535570923175,0.5482617163485982
OA1,0.07580294439704938,0.28116533345980327,0.1951725615791952,0.4478591605639521
OI1,0.03652715949740524,0.10570700848451983,0.2962257294601708,0.5615401025579041
OE1,0.12082665318150694,0.22898875387957107,0.2594314197547991,0.39075317318412284
OO1,0.03558586501671415,0.0919778954520193,0.3237633382125555,0.548672901318711
AA2,0.2689338507488709,0.07797066988729963,0.41433397991211957,0.23876149945170996
AI2,0.056678439977393004,0.062487845347345555,0.45844025035747454,0.4223934643177869
AE2,0,0.5465087027282568,0,0.45349129727174325
AO2,0,0.18220837451209984,0.18898993017173538,0.6288016953161648
IA2,0.3493521503734344,0.06402151898223432,0.4065816896082445,0.1800446410360867
II2,0.09962722668048897,0.026267242429926438,0.5717258286096766,0.30237970227990807
IE2,0.17411233851353014,0.2592013699613097,0.20112305414064333,0.36556323738451685
IO2,0.08108511798749747,0.06051530770206278,0.4541585595908753,0.4042410147195643
EA2,0,0.5465087027282568,0,0.45349129727174325
EI2,0,0.1392499748514497,0.22177388523320604,0.6389761399153443
EE2,0.2191278182902677,0.07878005158833126,0.4227251552102053,0.27936697491119583
EO2,0.04540247825237357,0.0699491335974687,0.4262117230748525,0.4584366650753053
OA2,0.2585543932760428,0.2266385187406703,0.21682575294292214,0.2979813350403647
OI2,0.08110297730284141,0.040471104213783415,0.5071890511035653,0.3712368673798099
OE2,0.26095984499443453,0.07113891355472848,0.4265903100364189,0.24131093141441792
OO2,0.09602275551972318,0.03188317780522772,0.5462995120259865,0.32579455464906254
AA3,0.1737347425363138,0,0.6455683697080239,0.1806968877556623
AI3,0.2660591987051636,0,0.6050183166308726,0.12892248466396375
AE3,0.09948764051483722,0.40125988326433615,0.142392166804507,0.35686030941631963
AO3,0.23489254403634358,0.1876169893789462,0.29307931951252336,0.2844111470721869
IA3,0.06034835069889559,0,0.6474525503800431,0.29219909892106133
II3,0.13019604919726058,0.08163046631876711,0.42596692114688545,0.36220656333708695
IE3,0.11488074565055044,0.43994216066708874,0.12508166703005869,0.3200954266523021
IO3,0.14704773752157255,0.24883896431499575,0.24381854998324887,0.36029474818018287
EA3,0,0.2215015706421711,0.14490096919703124,0.6335974601607975
EI3,0,0.24651856895071675,0.12938150249718233,0.6240999285521008
EE3,0.21721069441487845,0.15007258948629312,0.3130093458195511,0.3197073702792773
EO3,0.08060282600415165,0.2254852713276171,0.22539022725102711,0.4685216754172042
OA3,0,0.07843250003904813,0.2872799294721883,0.6342875704887635
OI3,0.05816099523772174,0.16782812079989462,0.26022383428752793,0.5137870496748558
OE3,0.19028584560888248,0.2896445752973295,0.20539644322203462,0.31467313587175355
OO3,0.10740795656371485,0.25379004286231716,0.21965438107872476,0.4191476194952432
AA4,0.01887326192119326,0,0.6377142135820884,0.3434125244967184
AI4,0.07928971177057116,0.10319895002560472,0.3750784548774125,0.4424328833264117
AE4,0,0.6407516678829125,0,0.35924833211708745
AO4,0.06583285440087461,0.3368232542578619,0.16034744169706705,0.43699644964419637
IA4,0.07804959362668981,0,0.6746240411412197,0.24732636523209062
II4,0.16879737307837267,0.043294247336573916,0.46302736401754335,0.3248810155675101
IE4,0.1897494433795305,0.332256148545219,0.15214079975139355,0.32585360832385696
IO4,0.20513932740537277,0.16806701647672612,0.2799630249364291,0.34683063118147195
EA4,0,0.172110768889433,0.18071190063765488,0.647177330472912
EI4,0,0.18684042767576048,0.1641710137823914,0.6489885585418481
EE4,0.29885919524607474,0.10458339766016579,0.3205899324082878,0.27596747468547156
EO4,0.10923996809407127,0.16995491422221282,0.26457837952075913,0.45622673816295684
OA4,0.06682677694469652,0.04663858316990428,0.4299450818372681,0.4565895580481311
OI4,0.13765991189079696,0.05897209946500813,0.4065553336151673,0.39681265502902763
OE4,0.3649413361823884,0.0913027529174546,0.3126055617396328,0.23115034916052418
OO4,0.28703640131905567,0.0824610124318315,0.3460871378023687,0.2844154484467441
