AA1,0.3393082430172216,0,0.6606917569827784,0
AI1,0.10599469575920384,0,0.4797640082563934,0.41424129598440274
AE1,0.047726951447471404,0.3343868586140883,0.14777968887369064,0.47010650106474966
AO1,0.04672673907259607,0.22236567320722997,0.2856494490306802,0.4452581386894939
IA1,0.11755067596071063,0.2347915625176958,0.28301442615680605,0.36464333536478744
II1,0.05815432688762787,0.18843476422614422,0.3124758729666367,0.4409350359195912
IE1,0.05203653345722854,0.3421336135005092,0.1402896468563105,0.46554020618595177
IO1,0.040831300278201865,0.2341095876280032,0.2709145414903816,0.4541445706034133
EA1,0,0.4538924324679764,0,0.5461075675320236
EI1,0,0.27024314165321756,0.21201329057839746,0.5177435677683849
EE1,0.0586635993990636,0.25512914482359134,0.23277742453741007,0.4534298312399351
EO1,0.03390486780217763,0.2505487531823002,0.2318154153230145,0.48373096369250773
OA1,0.0686089813718756,0.2912702567087742,0.21889321043890747,0.42122755148044266
OI1,0.03249774045411026,0.23252212250158624,0.2714891091718875,0.463491027872416
OE1,0.056412652106067496,0.3117551524646784,0.17612684499937203,0.45570535042988203
OO1,0.03297148478871677,0.251194664842213,0.2504375308540735,0.46539631951499694
AA2,0.12130431454799367,0.2095416612359922,0.3105739791359475,0.3585800450800666
AI2,0.04773997962511534,0.19627987203030425,0.30554471247554504,0.45043543586903545
AE2,0,0.44172358096379816,0,0.5582764190362018
AO2,0,0.2730128536400496,0.22729876104713997,0.4996883853128105
IA2,0.13556816975542335,0.20687146596097336,0.31404265786287877,0.34351770642072454
II2,0.06650445772704927,0.1656741045302723,0.35370837278381584,0.41411306495886274
IE2,0.07804886378867122,0.3116104560195301,0.17143408468402951,0.43890659550776906
IO2,0.05879731077450876,0.209039584472589,0.3079013028369414,0.4242618019159609
EA2,0,0.44172358096379816,0,0.5582764190362018
EI2,0,0.2501762091167597,0.2543168704156902,0.49550692046755007
EE2,0.0840488124963161,0.2272773386934649,0.2694028978581363,0.4192709509520827
EO2,0.04784961943722205,0.22683764216260613,0.2728100224095101,0.4525027159906618
OA2,0.12004823188366225,0.2693304655283664,0.23895660476575023,0.37166469782222106
OI2,0.058942035369371024,0.16843654900358743,0.35182254717476813,0.4207988684522733
OE2,0.09689179253190645,0.2255106189737295,0.26988232602984047,0.40771526246452344
OO2,0.07132517260533602,0.18731307979373735,0.3261558934839736,0.41520585411695304
AA3,0.10979631133227827,0,0.46116055377431175,0.42904313489341
AI3,0.1389141558095198,0,0.4599781806026202,0.40110766358786015
AE3,0.05517043233961755,0.3750476797216577,0.1317177469748081,0.4380641409639167
AO3,0.09143035635188586,0.29290068153513277,0.22481152845360997,0.3908574336593714
IA3,0.08048636615309228,0,0.4540302525897651,0.46548338125714256
II3,0.07644658620043134,0.22076155446610907,0.29366290161454905,0.40912895771891056
IE3,0.06125456265230946,0.3830622417072205,0.12437916648055705,0.43130402915991306
IO3,0.08246273773715258,0.296284117039019,0.22275339595210675,0.3984997492717215
EA3,0,0.2995148612005389,0.19953440164336558,0.5009507371560955
EI3,0,0.30375919041115773,0.19579815337609785,0.5004426562127444
EE3,0.07280432147629734,0.2815970798770641,0.21294809053566718,0.4326505081109714
EO3,0.05388810339330442,0.2911233808493187,0.2018691961229806,0.45311931963439617
OA3,0,0.21968095367667528,0.29247823632619935,0.48784080999712537
OI3,0.04775437154705856,0.26503526297360736,0.25354937558261925,0.4336609898967147
OE3,0.06836148400827034,0.348578981859387,0.1582626090591845,0.42479692507315825
OO3,0.06689635138665832,0.3003055960880655,0.21879672708975267,0.4140013254355235
AA4,0.035196070519855654,0,0.47912165574719656,0.48568227373294776
AI4,0.05643250508760824,0.2425656980347403,0.2716680973149777,0.4293336995626737
AE4,0,0.499066419921977,0,0.500933580078023
AO4,0.04451069084383204,0.3410674486403271,0.179617958728009,0.43480390178783174
IA4,0.09359336237254882,0,0.46791391473839866,0.43849272288905256
II4,0.08289260244469918,0.20496400264936482,0.30924827632436014,0.4028951185815759
IE4,0.07876752308600808,0.3655074895006479,0.1359228461364094,0.41980214127693466
IO4,0.09502798554934169,0.27990005382276095,0.23483087383432222,0.39024108679357505
EA4,0,0.2876941654537805,0.21657149190035704,0.4957343426458625
EI4,0,0.29136651302255284,0.21264458580433404,0.49598890117311306
EE4,0.08999364299237717,0.2643667534091458,0.2255331479033429,0.4201064556951341
EO4,0.06513957406264187,0.275297418181336,0.21582244232176184,0.4437405654342602
OA4,0.05390126636471434,0.1919553392780562,0.31564092308358666,0.43850247127364284
OI4,0.07958182343000735,0.19730736475793775,0.3054708276862583,0.4176399841257966
OE4,0.10519586199155931,0.2617070745773256,0.2254342590649479,0.4076628043661671
OO4,0.10589256658071738,0.23267936084381094,0.2633153290232301,0.39811274355224163
