AA1,0.6604218677992669,0,0.33957813220073313,0
AI1,0.23161151292841833,0,0.7084548847981288,0.05993360227345297
AE1,0.19329237847426262,0.08039351802662362,0.5148461740618724,0.21146792943724144
AO1,0.18093220545117808,0.0175167247749413,0.6499580672153583,0.1515930025585222
IA1,0.21308633475220606,0.05705340419449352,0.5302246455397012,0.19963561551359935
II1,0.07214526483972479,0.019673519958222432,0.6522079942590184,0.2559732209430344
IE1,0.26229222906451355,0.08981319179477361,0.4624297294390624,0.18546484970165036
IO1,0.0781632414543381,0.02216934688609962,0.6390064001451756,0.26066101151438664
EA1,0,0.3535435659624384,0,0.6464564340375616
EI1,0,0.032594005810103785,0.1963234329962376,0.7710825611936586
EE1,0.2170325089741019,0.04066090941661373,0.578624949486551,0.1636816321227335
EO1,0.019398210064426588,0.03528454110700545,0.5192575929615996,0.42605965586696837
OA1,0.0942754872131907,0.10016805277008878,0.38364558339635324,0.4219108766203672
OI1,0.016998961477699415,0.024990282565437897,0.488247811576956,0.4697629443799068
OE1,0.26558171401911446,0.07224296571272677,0.49729125883061615,0.16488406143754253
OO1,0.03018953231883475,0.02422344985956361,0.5696657071811443,0.37592131064045725
AA2,0.2905291341589427,0.029238942284702887,0.5297291171128824,0.15050280644347205
AI2,0.04477894307697702,0.03154390133715425,0.5685898257602607,0.3550873298256081
AE2,0,0.3229088661182031,0,0.6770911338817969
AO2,0,0.04406837017424725,0.20866958336530625,0.7472620464604466
IA2,0.37538489375645817,0.02690803413167242,0.48382279850618115,0.11388427360568831
II2,0.13666174907875972,0.012409108523202032,0.6816005576233738,0.16932858477466442
IE2,0.46364775329010244,0.050281699735081405,0.37722337511704174,0.1088471718577744
IO2,0.1574725215075814,0.015786678603076365,0.6491566985586901,0.1775841013306523
EA2,0,0.3229088661182031,0,0.6770911338817969
EI2,0,0.035226706881827975,0.3182816552632542,0.6464916378549179
EE2,0.3891251137959926,0.024751995473839675,0.4882121258001641,0.09791076493000347
EO2,0.04131685080987911,0.030454117708892843,0.6208115840433879,0.30741744743784016
OA2,0.4226104204412179,0.05534895257906494,0.3683444387837188,0.15369618819599845
OI2,0.09776509652671728,0.010908579312571933,0.6954945085081128,0.19583181565259797
OE2,0.45132768399653345,0.02208792690018301,0.4496767400493471,0.07690764905393638
OO2,0.14712818355302898,0.01072957937052957,0.6827428175363907,0.15939941954005069
AA3,0.29647759030653836,0,0.6271763485660478,0.07634606112741397
AI3,0.39583493395350733,0,0.5578681666459778,0.04629689940051489
AE3,0.2871619413284327,0.13504297293503395,0.4060227091545807,0.1717723765819526
AO3,0.43230892611361765,0.02615966108081327,0.4714806019568916,0.07005081084867747
IA3,0.06711046990188542,0,0.7016464755766154,0.23124305452149915
II3,0.13666554503507528,0.06535543159918618,0.5740815326767963,0.22389749068894227
IE3,0.35067607951878527,0.20451221526067642,0.31342765450061477,0.13138405071992365
IO3,0.21734704383916958,0.08856440668114364,0.5031563405145982,0.19093220896508856
EA3,0,0.06989265790742434,0.22700247805969695,0.7031048640328788
EI3,0,0.12770233754616334,0.18931753002164728,0.6829801324321895
EE3,0.3464685821609438,0.04806314766706801,0.46780752263635067,0.13766074753563745
EO3,0.08273828361739598,0.1223869970337683,0.4454295594574503,0.34944515989138547
OA3,0,0.013843612689118958,0.32077060082420444,0.6653857864866766
OI3,0.042745744782692205,0.07925284726455399,0.4544996960861397,0.42350171186661417
OE3,0.38728898402475054,0.12522356607155474,0.3622369534481837,0.12525049645551106
OO3,0.13222494223029957,0.11989147459820022,0.47168010933899523,0.27620347383250493
AA4,0.01090642557173005,0,0.6052430033315866,0.38385057109668336
AI4,0.06576588065996299,0.05552547696392698,0.5069505720797166,0.37175807029639335
AE4,0,0.45477151691145423,0,0.5452284830885457
AO4,0.06955900210155964,0.11067624443044334,0.36045183026888666,0.4593129231991103
IA4,0.10373393703355668,0,0.7178493486628917,0.17841671430355158
II4,0.1998743740299848,0.018916017067686267,0.6027475412723337,0.1784620676299953
IE4,0.5272652887570143,0.06441972357496735,0.30186817721107206,0.10644681045694619
IO4,0.31575615372686855,0.030154977193109958,0.5051868441315617,0.14890202494845994
EA4,0,0.039290510471939745,0.29284302325455797,0.6678664662735022
EI4,0,0.043277383490224614,0.2614170460884496,0.6953055704213258
EE4,0.46592123039808436,0.029203518028557154,0.40477153705372393,0.10010371451963439
EO4,0.13101622146760988,0.060006786731503226,0.5020542571708908,0.3069227346299961
OA4,0.06109976579989519,0.011639828803208395,0.6381504983867872,0.28910990701010925
OI4,0.16992107174174964,0.014324507201646944,0.6056524073451753,0.210102013711428
OE4,0.5357148658478199,0.02527876139718342,0.36205380656629843,0.0769525661886983
OO4,0.34415042374143556,0.01814075855690029,0.5137677613822438,0.12394105631942039
