AA1,0.6818844065493147,0,0.3181155934506854,0
AI1,0.2204244068382025,0,0.7251817042987926,0.05439388886300488
AE1,0.12657609886003657,0.0951949317503944,0.403315436992864,0.37491353239670516
AO1,0.09196206669536831,0.008006516375785703,0.723118623562939,0.17691279336590693
IA1,0.295970657754783,0.041766474895558764,0.5473891076921382,0.11487375965751997
II1,0.07353393872371285,0.019117159272703632,0.6942142201806504,0.2131346818229331
IE1,0.15181967985665182,0.11052657112564944,0.384254064878564,0.35339968413913464
IO1,0.030278187115685577,0.010170397692837237,0.6736802156733017,0.2858711995181755
EA1,0,0.3695631611871536,0,0.6304368388128463
EI1,0,0.04041972245176914,0.15610996466661814,0.8034703128816127
EE1,0.13806102196078104,0.04306061526851313,0.5697428437055686,0.2491355190651371
EO1,0.007721229102002157,0.027698978171049257,0.3821408397685472,0.5824389529584014
OA1,0.06134294600954487,0.09506963549740799,0.5153767781077493,0.32821064038529785
OI1,0.014867750852139042,0.024202599241099788,0.5290968303693069,0.4318328195374542
OE1,0.17600054795717496,0.08275535761135783,0.4465870482350623,0.2946570461964049
OO1,0.008824374857178015,0.014103797023756219,0.5102220969689891,0.4668497311500766
AA2,0.3893416630469294,0.021615893011697824,0.496965628903273,0.09207681503809978
AI2,0.05896811175091353,0.028860480537941893,0.6572434721976012,0.2549279355135433
AE2,0,0.3036117293807862,0,0.6963882706192137
AO2,0,0.032128087424456435,0.34958894149711006,0.6182829710784334
IA2,0.4531486521855813,0.019151589635178143,0.45797026149653247,0.06972949668270795
II2,0.12545780029024653,0.011612381181148204,0.702605814079642,0.16032400444896333
IE2,0.31404337761597473,0.0728270845368894,0.3650664117021388,0.2480631261449971
IO2,0.05908862467847613,0.00732424823579655,0.7069675486363537,0.22661957844937355
EA2,0,0.3036117293807862,0,0.6963882706192137
EI2,0,0.03794900939342171,0.21485315870708876,0.7471978318994895
EE2,0.26941303557520857,0.030579170230807105,0.5260781000161245,0.17392969417785975
EO2,0.013667569094719174,0.025991304420904287,0.4655939318233851,0.4947471946609914
OA2,0.5215837708698499,0.03894884524095966,0.3616300367399028,0.07783734714928757
OI2,0.15534320999377713,0.010233962014675264,0.669375959725899,0.16504686826564866
OE2,0.34670747660506557,0.0268377100769915,0.4954872069464739,0.13096760637146884
OO2,0.11103984420264669,0.009493844433276175,0.7112482629734234,0.16821804839065368
AA3,0.3241627276326156,0,0.6150659860686448,0.06077128629873948
AI3,0.4258495250728167,0,0.5356319196477503,0.038518555279433056
AE3,0.1869351054648382,0.20304366333520768,0.31833479059530617,0.291686440604648
AO3,0.5052010059780806,0.01578028224382264,0.4266882154716471,0.052330496306449516
IA3,0.08087269634023234,0,0.7229950952090312,0.19613220845073642
II3,0.16927185421843563,0.053526844851903156,0.5974716866271025,0.1797296143025587
IE3,0.21897114080877553,0.25013850531109016,0.2780932355616721,0.25279711831846213
IO3,0.25351024777158593,0.06442705953567672,0.5277753217389631,0.15428737095377426
EA3,0,0.08495203964761903,0.16229504827063518,0.7527529120817458
EI3,0,0.10707054305367855,0.14554336238257598,0.7473860945637454
EE3,0.2411985626315016,0.05530152237452025,0.49118445154895474,0.21231546344502342
EO3,0.03819768485796841,0.13114666321391116,0.3453610949682227,0.4852945569598976
OA3,0,0.015247738702666661,0.3716533876053579,0.6130988736919755
OI3,0.03952974610104696,0.06865278940093777,0.4940394666102729,0.3977779978877423
OE3,0.2858885684656539,0.15097275277930022,0.34095746929152426,0.22218120946352152
OO3,0.097054853353656,0.0934097897780329,0.5105726303611359,0.2989627265071752
AA4,0.026190972953261074,0,0.685432081215778,0.2883769458309608
AI4,0.10877343160347475,0.04774433247677767,0.5891915290685587,0.254290706851189
AE4,0,0.40288260870900255,0,0.5971173912909975
AO4,0.15685326136073058,0.08393543842958212,0.49410128925687924,0.2651100109528082
IA4,0.11448492680767196,0,0.7198846809226563,0.16563039226967177
II4,0.23701204882460544,0.016725235120173144,0.5946612101502657,0.15160150590495564
IE4,0.38067450746989434,0.08755858935002575,0.2922343049843139,0.23953259819576603
IO4,0.3479599643304655,0.02106967330504472,0.504449594190277,0.12652076817421284
EA4,0,0.03937268137336978,0.18471025902148944,0.7759170596051407
EI4,0,0.04332211300098785,0.16921780854910345,0.7874600784499086
EE4,0.35295754121787687,0.033729292655195524,0.43995614193998345,0.1733570241869441
EO4,0.059555526052934446,0.06595760592989411,0.3874458232211169,0.48704104479605465
OA4,0.14978839902609892,0.010716111583331547,0.6251237790751527,0.214371710315417
OI4,0.2954338648745561,0.012014075672002179,0.5427517918467427,0.14980026760669898
OE4,0.4552397767189814,0.028084650756056942,0.3938584292650648,0.12281714325989679
OO4,0.4441403468247045,0.013535449059183453,0.4480305170663976,0.0942936870497144
