AA1,0.584075902793513,0,0.41592409720648704,0
AI1,0.3830018125588824,0,0.5624237361479199,0.05457445129319779
AE1,0.3269211515935492,0.06346867320159318,0.3430639743002525,0.2665462009046051
AO1,0.23157765852453244,0.004909203233216245,0.5944989308900317,0.1690142073522196
IA1,0.4746594599620162,0.01376716557497309,0.45545070852502506,0.056122665937985615
II1,0.30573208286844045,0.012262375587350204,0.5652175257147218,0.11678801582948732
IE1,0.3318300495420478,0.06566446517814828,0.3404260013169106,0.2620794839628935
IO1,0.17807850533059466,0.0077251198386788875,0.6030624239246002,0.2111339509061262
EA1,0,0.3301214633685396,0,0.6698785366314605
EI1,0,0.07114725760104604,0.34054036320608266,0.5883123791928714
EE1,0.3325259645547288,0.021639059412747026,0.44860283255021727,0.19723214348230678
EO1,0.08984407739897941,0.02109400889675981,0.4709326499554558,0.41812926374880494
OA1,0.25015278883135184,0.026443464097323885,0.5025334466616127,0.2208703004097116
OI1,0.14820764100477973,0.020295751353883038,0.5611415789348468,0.2703550287064903
OE1,0.3383559094534159,0.05781533083669529,0.37484860054884905,0.22898015916103973
OO1,0.06663904149919314,0.010291834341622199,0.5787085762863612,0.34436054787282344
AA2,0.4526770875093694,0.009662510690557602,0.4821900814746784,0.05547032032539445
AI2,0.2654066158070827,0.01207006152441475,0.5812698384055451,0.1412534842629573
AE2,0,0.2703501136312269,0,0.729649886368773
AO2,0,0.025551477633835886,0.5464668993653364,0.4279816230008276
IA2,0.4725722491580156,0.009573975548957713,0.46938982810308355,0.048463947189943075
II2,0.30447781350091174,0.009037174739203298,0.5771362691881189,0.10934874257176612
IE2,0.3688228614335286,0.05519563341213508,0.3344059674711735,0.24157553768316287
IO2,0.1883241930011008,0.006804173873096509,0.6016967189748547,0.2031749141509481
EA2,0,0.2703501136312269,0,0.729649886368773
EI2,0,0.056415036036813464,0.37648981093345807,0.5670951530297285
EE2,0.3663990322182752,0.01754557589702351,0.4322669816324918,0.18378841025220966
EO2,0.09539030045686772,0.018383049246053523,0.48472559277439525,0.4015010575226835
OA2,0.49340945675242354,0.01568146234223728,0.44406456403665867,0.04684451686868043
OI2,0.3238472583576609,0.009155519813111095,0.5681514141044237,0.09884580772480417
OE2,0.39399679169092655,0.016279620542368763,0.4306252216883378,0.15909836607836694
OO2,0.25031945750282136,0.002388057657023745,0.5970084971562487,0.15028398768390616
AA3,0.39117190114507405,0,0.5463791043421893,0.0624489945127366
AI3,0.4281363147522472,0,0.5225884067431574,0.049275278504595364
AE3,0.3197115060445291,0.09847041918313405,0.3198256182997382,0.26199245647259867
AO3,0.47219033501829094,0.006129171102277416,0.4682758714921692,0.05340462238726254
IA3,0.29343956429567375,0,0.5784489940191466,0.12811144168517957
II3,0.3405533988441862,0.019524087636020957,0.5301701174522654,0.1097523960675274
IE3,0.3240818310932478,0.10460265516584118,0.31503409521403797,0.2562814185268731
IO3,0.3851219681883446,0.02704754193812205,0.48492906224474813,0.10290142762878524
EA3,0,0.07402305498551486,0.3304818842907788,0.5954950607237064
EI3,0,0.08215311486877695,0.3242579761219312,0.5935889090092918
EE3,0.34385345042747933,0.02548825551606344,0.42964973191644823,0.20100856214000906
EO3,0.22139192638550156,0.060298948252168756,0.394395158573166,0.32391396678916373
OA3,0,0.007902361758111463,0.5640394975590939,0.4280581406827947
OI3,0.19208032635253003,0.03302330037073742,0.5116096655027733,0.2632867077739591
OE3,0.34024872685969204,0.0818745043246341,0.35131965197744486,0.22655711683822907
OO3,0.23080260102453026,0.04952405420711678,0.4838083075489161,0.23586503721943677
AA4,0.21643199207175884,0,0.6086176972968194,0.17495031063142188
AI4,0.278024354022242,0.016749917347467294,0.5617193014587261,0.14350642717156467
AE4,0,0.330627275784742,0,0.669372724215258
AO4,0.3121312797293438,0.028365196428505157,0.5158183056888352,0.14368521815331575
IA4,0.2827783452399277,0,0.591436554391524,0.12578510036854823
II4,0.33416693970897526,0.010994004168597539,0.5467405998671744,0.10809845625525279
IE4,0.3563156060453978,0.07466519481680774,0.3113536218493501,0.25766557728844447
IO4,0.3789713371383617,0.017962806520642742,0.5020236453297899,0.10104221101120568
EA4,0,0.0512125039465752,0.3304554022687315,0.6183320937846932
EI4,0,0.0550170630808608,0.3256232285517549,0.6193597083673843
EE4,0.36818282485466386,0.019943261014686586,0.4121468406278394,0.1997270735028102
EO4,0.21601260445623707,0.04570650302969888,0.40460632562783566,0.3336745668862284
OA4,0.31295165968531213,0.007037032555076002,0.5573691932471693,0.12264211451244252
OI4,0.3709172134275711,0.0077487097277733966,0.5250939047327253,0.09624017211193024
OE4,0.4027493145524252,0.01832179640359924,0.40768630101232695,0.17124258803164868
OO4,0.4318352319288098,0.009558068765029884,0.47950574577463756,0.07910095353152248
