AA1,0.525515510926295,0,0.4744844890737051,0
AI1,0.3652428378046012,0,0.5517523452565434,0.08300481693885542
AE1,0.3422047640545483,0.033804187179429415,0.47581692417475824,0.14817412459126406
AO1,0.32727995683542394,0.011991595528004929,0.533904960909192,0.12682348672737906
IA1,0.37848411346152516,0.02861439833834899,0.43867031517962823,0.15423117302049777
II1,0.27273618412674244,0.010326647366167596,0.5277504541002548,0.18918671440683524
IE1,0.3663172209281012,0.038779698529418316,0.4632433816760339,0.13165969886644655
IO1,0.2736400021672999,0.01446777756916077,0.5329740572942897,0.17891816296924967
EA1,0,0.32594359833769265,0,0.6740564016623073
EI1,0,0.022569130420451236,0.41353486923212696,0.5638960003474219
EE1,0.37210127427142237,0.0067253973272364,0.5276834954331504,0.09348983296819087
EO1,0.1999601405707375,0.0065486259770561675,0.5281897254651132,0.2653015079870931
OA1,0.28417932690184083,0.0749358428955932,0.3731160062553911,0.26776882394717494
OI1,0.15970035079479053,0.01260723094597568,0.497398541171781,0.3302938770874527
OE1,0.37514708031239324,0.0201688140545485,0.5041515887866153,0.1005325168464431
OO1,0.19865214888070135,0.01259152861104424,0.5261157576057749,0.26264056490247945
AA2,0.3987677472003085,0.015321856165133646,0.4637672616202384,0.12214313501431937
AI2,0.2346367084932743,0.0161139389224169,0.5147298121447678,0.234519540439541
AE2,0,0.2810116786014791,0,0.718988321398521
AO2,0,0.06565986041995715,0.38320865525143893,0.5511314843286039
IA2,0.4162981267018725,0.014309771327756531,0.46326194299320794,0.10613015897716307
II2,0.30305917920560566,0.005190233029893781,0.5542459784921111,0.13750460927238936
IE2,0.4220509390929463,0.026902271611472305,0.45372783415712864,0.09731895513845278
IO2,0.3146336591221917,0.011597210372351296,0.542314587659319,0.1314545428461381
EA2,0,0.2810116786014791,0,0.718988321398521
EI2,0,0.01701691978745923,0.5217079846339207,0.4612750955786202
EE2,0.42000406749360136,0.004403884364129657,0.5070847524611697,0.06850729568109919
EO2,0.2314420824069848,0.004822187207053986,0.567653272280782,0.19608245810517919
OA2,0.4152670048127014,0.043012122129102895,0.39211371941128376,0.14960715364691193
OI2,0.25270905373254055,0.002429605756955452,0.5725653765325742,0.17229596397792984
OE2,0.42842321780363496,0.00416740181118685,0.5047013131677186,0.06270806721745968
OO2,0.31383787872942037,0.001946751953794128,0.5589494964859785,0.12526587283080717
AA3,0.3877580789237632,0,0.5274603498425746,0.0847815712336622
AI3,0.40554767181504603,0,0.5207061309017309,0.073746197283223
AE3,0.3624154750448338,0.0675875941862468,0.4392081379938622,0.13078879277505706
AO3,0.41149141912562237,0.03257048318417624,0.4687885476129371,0.0871495500772643
IA3,0.28622500432614195,0,0.5346029504755861,0.17917204519827173
II3,0.3049801784887612,0.0382419351993466,0.47714469877575816,0.179633187536134
IE3,0.3845714252328952,0.08490217939801813,0.41678622126547143,0.11374017410361527
IO3,0.3549162542136619,0.0623408324276918,0.4420838715299414,0.140659041828705
EA3,0,0.044823011345622506,0.41104660486336053,0.5441303837910169
EI3,0,0.05910016619503571,0.3954569204309266,0.5454429133740376
EE3,0.4122462582396755,0.011148000577451201,0.49328040941160584,0.08332533177126744
EO3,0.31297892084430184,0.02677774503095346,0.4834846383434744,0.17675869578127026
OA3,0,0.021532639451204073,0.4486194897859137,0.5298478707628823
OI3,0.194375411686075,0.04338866125246279,0.44367805576240776,0.3185578712990543
OE3,0.4102279598011356,0.03551897045478578,0.4657310074554037,0.08852206228867494
OO3,0.3193678689753758,0.05572723996466856,0.4502071114225902,0.17469777963736546
AA4,0.1541044491646485,0,0.5655436355466144,0.2803519152887371
AI4,0.24666816735118127,0.03177814342030595,0.4783576074148767,0.243196081813636
AE4,0,0.389304788598379,0,0.610695211401621
AO4,0.24544643327759405,0.09856556209838552,0.3752891761379688,0.28069882848605154
IA4,0.3126533116890757,0,0.5448887641313288,0.14245792417959555
II4,0.3377120679291428,0.009872614211848589,0.5087369442816253,0.1436783735773831
IE4,0.4426028509374993,0.041872600502036526,0.417017585063458,0.0985069634970062
IO4,0.3973946122397803,0.025547656087317138,0.462625208915035,0.11443252275786743
EA4,0,0.021388704653607125,0.48102263620060615,0.4975886591457867
EI4,0,0.02530029720080271,0.4690413599625745,0.5056583428366227
EE4,0.4511986122372869,0.006065201271822192,0.47355946718199293,0.06917671930889802
EO4,0.3473933056089539,0.0110237582744115,0.4987530663778103,0.14282986973882417
OA4,0.2430326268619994,0.0030259935068687924,0.5392242528770972,0.21471712675403462
OI4,0.29335201519924364,0.004197637155461716,0.5182455152479772,0.18420483239731736
OE4,0.4616352010665319,0.005703364412125455,0.4696528931587197,0.06300854136262303
OO4,0.40956747262011806,0.005957754003633947,0.4886874954206174,0.09578727795563058
