AA1,0.6392870363343318,0,0.36071296366566824,0
AI1,0.28062645579241324,0,0.6857259722765825,0.03364757193100416
AE1,0.26628338895643155,0.07705225399466686,0.483063510565498,0.1736008464834036
AO1,0.23280774259489925,0.010446669300920086,0.6288480574083181,0.12789753069586252
IA1,0.24870831949969677,0.06077839072627782,0.5126212422219583,0.1778920475520672
II1,0.11122111100900686,0.019714543015065245,0.6607317241576912,0.20833262181823675
IE1,0.3262945660600387,0.08648367735038583,0.4341251451586237,0.15309661143095188
IO1,0.12827863959274385,0.014910051345697064,0.6452016208122622,0.21160968824929685
EA1,0,0.4142030565010429,0,0.5857969434989572
EI1,0,0.04378407433054068,0.17959140844561344,0.7766245172238458
EE1,0.3048405991997052,0.026917080187185645,0.5717696306920136,0.09647268992109552
EO1,0.04039543475590309,0.02428023324210476,0.5855552062003974,0.3497691258015947
OA1,0.08987107061689806,0.15191146414064163,0.3092933446386582,0.4489241206038022
OI1,0.018092151926990898,0.02997792286711515,0.44864373892088527,0.5032861862850087
OE1,0.34738651372544105,0.05164579051462426,0.4923446057940335,0.1086230899659012
OO1,0.05040120208520804,0.016143940231899002,0.5892918987378128,0.3441629589450801
AA2,0.31674962137136836,0.029694063459374156,0.5154200325651832,0.1381362826040743
AI2,0.06599992832465906,0.031906418289339725,0.6026488368972682,0.29944481648873306
AE2,0,0.3777100049503311,0,0.6222899950496689
AO2,0,0.06428996763044978,0.1604938371823373,0.775216195187213
IA2,0.39962720408278984,0.025376999510854207,0.47571029230354056,0.09928550410281531
II2,0.18345940954012732,0.010182552453940364,0.6757528876478954,0.13060515035803685
IE2,0.4904818884802491,0.045958156741455265,0.371885648566535,0.09167430621176051
IO2,0.21372425315796056,0.00878848501011887,0.639131448787347,0.13835581304457367
EA2,0,0.3777100049503311,0,0.6222899950496689
EI2,0,0.04282460511311174,0.2968347680603911,0.6603406268264971
EE2,0.4518833389547189,0.015361117745673015,0.4758417732024475,0.05691377009716064
EO2,0.07069006084801562,0.019024003196604296,0.6688157963392743,0.24147013961610578
OA2,0.4030354600065308,0.09564150298250583,0.31377376572953225,0.187549271281431
OI2,0.11076665705887585,0.011093731505931249,0.6939099517406878,0.18422965969450505
OE2,0.4991389552738882,0.012928681455314511,0.4457911413344435,0.04214122193635385
OO2,0.20154252340625015,0.0047043483486678426,0.6846337373605812,0.1091193908845007
AA3,0.32583745255572516,0,0.626190838647938,0.04797170879633675
AI3,0.4118671169452149,0,0.5605818228287567,0.027551060226028466
AE3,0.3205859763271799,0.15947420059512593,0.3794089735521562,0.14053084952553793
AO3,0.45968800882342453,0.027551348032602944,0.45498433318558096,0.057776309958391524
IA3,0.099807236907988,0,0.7349573552863364,0.16523540780567553
II3,0.1733883012149385,0.08453066739802308,0.5621353854612704,0.1799456459257679
IE3,0.35854647968057995,0.2267249262825443,0.3033107928460944,0.11141780119078128
IO3,0.2707324502094757,0.14125475704322588,0.4440998804016218,0.1439129123456766
EA3,0,0.09852199775754239,0.202423100197622,0.6990549020448357
EI3,0,0.15755038663024537,0.16981207849779212,0.6726375348719625
EE3,0.4128910432460579,0.03192342351157224,0.47091504730935935,0.08427048593301055
EO3,0.15026228197095942,0.10891620618889315,0.4851517820492752,0.25566972979087216
OA3,0,0.019051432850049704,0.29024313242518773,0.6907054347247625
OI3,0.03944677263931829,0.12667102176528966,0.3979237330873229,0.4359584725080692
OE3,0.43894197234923404,0.09148146492852492,0.3811524472852866,0.08842411543695439
OO3,0.1727047799423238,0.17336252503262248,0.42652699882315553,0.22740569620189816
AA4,0.011364801610833952,0,0.6633920830734543,0.32524311531571176
AI4,0.08785350937974597,0.059272475703696134,0.5240144919378009,0.32885952297875704
AE4,0,0.49886572742526775,0,0.5011342725747322
AO4,0.0854946343371025,0.17633186567329298,0.3150963408803339,0.4230771591092706
IA4,0.13985467484278424,0,0.7330527886226289,0.12709253653458685
II4,0.24673337974807474,0.01686574983721143,0.5921997734783965,0.14420109693631725
IE4,0.532941874842637,0.062489760869547724,0.30915047366710957,0.09541789062070577
IO4,0.3916798637197811,0.030857806838123853,0.4614127836814013,0.11604954576069373
EA4,0,0.04715818480787611,0.25601221412409225,0.6968296010680315
EI4,0,0.05244754983279941,0.22967118507724432,0.7178812650899562
EE4,0.516318905170511,0.018626241151789468,0.40364022341770406,0.061414630259995336
EO4,0.21806133088969867,0.05496237575378006,0.5107042720786347,0.2162720212778865
OA4,0.0714907265216792,0.011135494745671378,0.641672450255833,0.27570132847681644
OI4,0.17341760304211232,0.014190539591212479,0.6036139359970834,0.20877792136959192
OE4,0.5670901213151847,0.015415311654718373,0.3724748297490153,0.04501973728108179
OO4,0.42830538380596195,0.014923208581901822,0.48173854419133805,0.0750328634207982
