AA1,0.5709056585738375,0,0.4290943414261625,0
AI1,0.3226770952954339,0,0.6075051686518099,0.0698177360527561
AE1,0.2732596157869365,0.09178012941254515,0.41815959820642246,0.21680065659409586
AO1,0.24956136896080702,0.021737505385396115,0.5521691952704013,0.17653193038339557
IA1,0.30071343946378526,0.05924186138106826,0.46053390373370234,0.17951079542144427
II1,0.18143674217601333,0.03291486242528604,0.5544394478002017,0.2312089475984989
IE1,0.3080488335527411,0.10097185368249922,0.39315477015706324,0.19782454260769644
IO1,0.17368845269923633,0.028687344881602697,0.5423698328507743,0.25525436956838665
EA1,0,0.4265869176864731,0,0.5734130823135268
EI1,0,0.06946902877344364,0.25620462062663485,0.6743263505999215
EE1,0.31166078029120464,0.03791434583606442,0.5038315791231633,0.1465932947495677
EO1,0.08681916248447435,0.03383327446522476,0.4957160234238523,0.3836315396264487
OA1,0.15181796113373988,0.13157484303474154,0.34747909754987116,0.36912809828164733
OI1,0.05567697833595184,0.05205085872002016,0.44570872028781594,0.446563442656212
OE1,0.32917102739931925,0.07002717132724663,0.4395483093264239,0.16125349194701016
OO1,0.09686623190983984,0.0304149190852145,0.5063837382352528,0.36633511076969294
AA2,0.32513204249085914,0.039544963593961986,0.48099771926429014,0.15432527465088894
AI2,0.12721626226371158,0.04228884658303017,0.5358551527892984,0.2946397383639597
AE2,0,0.3758865172217773,0,0.6241134827782227
AO2,0,0.0775813504296367,0.27952823409721644,0.6428904154731468
IA2,0.37440211120054495,0.03530934336685512,0.467460722151242,0.12282782328135784
II2,0.23791295546651642,0.02129033546278129,0.5758850033938354,0.164911705676867
IE2,0.3979813496703848,0.06959164608288089,0.38756776861382797,0.14485923563290629
IO2,0.23082487843761804,0.02032120218107309,0.559094136880731,0.18975978250057804
EA2,0,0.3758865172217773,0,0.6241134827782227
EI2,0,0.06355430331246376,0.3527512089955396,0.5836944876919967
EE2,0.39238937620089204,0.026280760308444014,0.4782834294957393,0.10304643399492466
EO2,0.12103319185767723,0.027966430828509876,0.5596909195735787,0.2913094577402341
OA2,0.3707241264326208,0.09230810939798757,0.3588978473490861,0.17806991682030543
OI2,0.1819542666100343,0.02405106482260587,0.5845995214013503,0.20939514716600952
OE2,0.4225225126884864,0.023861359863208028,0.46673944824226044,0.08687667920604522
OO2,0.23498535404253082,0.011681475391882336,0.587880876029701,0.16545229453588595
AA3,0.3343522198258588,0,0.5755454571883966,0.09010232298574473
AI3,0.3879842420242756,0,0.5492016738838538,0.06281408409187053
AE3,0.2943068407422363,0.15198063537046608,0.3613416253049967,0.19237089858230078
AO3,0.40394425755576013,0.04322823253326959,0.4579281626785439,0.09489934723242635
IA3,0.16037848110247765,0,0.6122453665866846,0.22737615231083777
II3,0.22740422086082437,0.06059655864355807,0.5031065786691905,0.2088926418264271
IE3,0.32022210861892236,0.1844851335847447,0.3258859492795917,0.1694068085167411
IO3,0.2826970055063914,0.11110421450845599,0.4280258168841129,0.17817296310103983
EA3,0,0.10975450576376834,0.2627420538134535,0.6275034404227782
EI3,0,0.1426052073981725,0.2387782835445137,0.6186165090573139
EE3,0.36294159824872746,0.048760861022030456,0.45184792516248634,0.1364496155667558
EO3,0.18239246633714742,0.11237361445806082,0.4134812268030482,0.29175269240174356
OA3,0,0.03901966427151771,0.3544265676610161,0.6065537680674663
OI3,0.08480814864088267,0.10585714163150829,0.40729434875842985,0.4020403609691793
OE3,0.3634337411553506,0.11069321620238888,0.38119194902372266,0.1446810936185378
OO3,0.2101076070640439,0.1346062719018039,0.40503430116548156,0.2502518198686706
AA4,0.03291245008178593,0,0.5982379828743049,0.3688495670439091
AI4,0.1501002425766684,0.06391500126691527,0.4808139547632222,0.30517080139319414
AE4,0,0.4972649029151599,0,0.5027350970848401
AO4,0.15466707669383395,0.13132825842652965,0.3668654346236938,0.3471392302559425
IA4,0.20136002768426967,0,0.6152866710269225,0.18335330128880778
II4,0.28098554592845526,0.03091343986901707,0.5160020570763066,0.17209895712622095
IE4,0.42563979980148087,0.09290606116329182,0.33384186065167387,0.1476122783835534
IO4,0.3576202125618024,0.05086348618477782,0.4426067499442306,0.1489095513091893
EA4,0,0.06943209868952184,0.3237618519322999,0.6068060493781784
EI4,0,0.07697986717997554,0.3041690690161016,0.6188510638039231
EE4,0.4378974184812288,0.03117845312650208,0.4221549240426301,0.10876920434963895
EO4,0.23952762700138766,0.06783471042118489,0.44027341634604233,0.2523642462313851
OA4,0.13798616530489405,0.02511880074591017,0.552912611403195,0.28398242254600076
OI4,0.2304148831540735,0.02954717543254269,0.5196939752001107,0.22034396621327315
OE4,0.4719375963985434,0.02794290962585379,0.40888105611486814,0.0912384378607348
OO4,0.3896529663332502,0.028579416842222205,0.45713092582271814,0.12463669100180941
