AA1,0.6087456279918058,0,0.3912543720081943,0
AI1,0.35885714336094054,0,0.6051894839388868,0.03595337270017272
AE1,0.36660624051029095,0.03587635009776975,0.4777212483300129,0.11979616106192646
AO1,0.33759970975339043,0.0140563957827808,0.5567879308324845,0.09155596363134429
IA1,0.4129741399409735,0.05290637971247071,0.41006712287096825,0.12405235747558757
II1,0.24991599946877768,0.01762540374237553,0.5714216869344105,0.16103690985443622
IE1,0.39543039954218595,0.041681018302174536,0.46182588811738906,0.10106269403825045
IO1,0.25812438893571826,0.017946043129961734,0.599708810430968,0.1242207575033519
EA1,0,0.38112199215393855,0,0.6188780078460615
EI1,0,0.0328846990133371,0.3046541485907411,0.6624611523959218
EE1,0.36264473669387515,0.010699749593018393,0.5543286852170619,0.07232682849604462
EO1,0.15415995228664575,0.010834987924766787,0.5862870549815906,0.2487180048069969
OA1,0.29255709718193457,0.09790893687801787,0.3613885195068105,0.24814544643323708
OI1,0.14707968757061016,0.01425945663293589,0.4984595148392668,0.3402013409571871
OE1,0.3987003659211361,0.02561716405800271,0.5004532426261585,0.07522922739470274
OO1,0.17117685026587084,0.014503709529399283,0.578442188555912,0.23587725164881782
AA2,0.444685493803139,0.027649782551112115,0.4323594256868793,0.09530529795886963
AI2,0.2087640695763224,0.033982502183459634,0.5525140963445223,0.2047393318956955
AE2,0,0.3340077969488737,0,0.6659922030511263
AO2,0,0.09348956337064905,0.2710481570420774,0.6354622795872736
IA2,0.4671732446405789,0.02584403449755706,0.42481056023780184,0.08217216062406241
II2,0.282054864605296,0.00976662591389807,0.5974313217975173,0.11074718768328858
IE2,0.48562062670437706,0.02310256504917911,0.42512172971608986,0.06615507853035389
IO2,0.30205742863409885,0.010852651552104046,0.5993630420172926,0.08772687779650447
EA2,0,0.3340077969488737,0,0.6659922030511263
EI2,0,0.026534752515662785,0.4351959741664511,0.5382692733178861
EE2,0.4506910080482417,0.006434415425640282,0.49542495582218826,0.047449620703929746
EO2,0.1828485785629077,0.007846919417693858,0.6311289293315955,0.17817557268780296
OA2,0.4768924495744177,0.050730337793303146,0.35338334264819043,0.11899386998408872
OI2,0.2311343990137915,0.005752409634543717,0.624595460965878,0.13851773038578657
OE2,0.4798443666553443,0.005336685707413944,0.4811401765670157,0.033678771070225946
OO2,0.2967137848190168,0.004131876722168365,0.6334116395520129,0.06574269890680205
AA3,0.38530345361451146,0,0.5683416242520412,0.04635492213344749
AI3,0.4434481832831981,0,0.5278866623298721,0.028665154386929813
AE3,0.39149966976221967,0.0854027350578701,0.42345492383167316,0.09964267134823714
AO3,0.4729091704773861,0.026950950959797788,0.4525918054333193,0.04754807312949677
IA3,0.24626402886989926,0,0.6286992252865025,0.12503674584359828
II3,0.3005413800069624,0.11263386954769837,0.45159949097775665,0.13522525946758274
IE3,0.4114869977986775,0.1231786634838551,0.38521541760078915,0.0801189211166783
IO3,0.4027064362397965,0.07347975976935395,0.43997145710944957,0.0838423468814
EA3,0,0.0684853902053961,0.3166470304504308,0.6148675793441731
EI3,0,0.09720173214390836,0.2947695175196837,0.6080287503364079
EE3,0.42926123343970335,0.015030488616792665,0.49426377173211306,0.061444506211390956
EO3,0.2842123493353438,0.038938098947451975,0.5283654388642275,0.14848411285297666
OA3,0,0.024773765791420953,0.3781562254263687,0.5970700087822104
OI3,0.22055085011389614,0.07693034060060214,0.4074399969350051,0.2950788123504967
OE3,0.4487087857008578,0.05462555419487731,0.4346532619842177,0.06201239812004725
OO3,0.32625005034225885,0.09330418473793728,0.43659091702655534,0.14385484789324854
AA4,0.10673936888433792,0,0.6310234758660064,0.2622371552496557
AI4,0.23271709541196461,0.06649465514333613,0.48910810734481863,0.2116801420998806
AE4,0,0.45577105122345357,0,0.5442289487765465
AO4,0.2327973240677504,0.14508511598630341,0.3628560786618463,0.25926148128409987
IA4,0.27327739174580284,0,0.6277288565429937,0.09899375171120339
II4,0.35641477737015376,0.01685127626115572,0.5125231705937725,0.11421077577491813
IE4,0.5193252990481512,0.03591578967066186,0.3768271442458578,0.06793176703532909
IO4,0.4528139995341814,0.020377726612081534,0.45701998848887126,0.06978828536486585
EA4,0,0.030371332060125735,0.37792099030387677,0.5917076776359975
EI4,0,0.03710313686403286,0.3611727799865379,0.6017240831494292
EE4,0.4974779760351132,0.00858443650932212,0.44495706283493075,0.048980524620633896
EO4,0.32157748125006275,0.015759268755846063,0.5370442555521736,0.12561899444191746
OA4,0.2234186564134327,0.006733552191392901,0.5728534332577248,0.1969943581374497
OI4,0.33484364541272615,0.007386485596012209,0.5146899514699954,0.1430799175212663
OE4,0.5322741301272735,0.006950496078490356,0.4258780894225812,0.0348972843716548
OO4,0.4721200967580448,0.00581849309970588,0.4820072385493577,0.0400541715928915
