AA1,0.49783967756804925,0,0.5021603224319507,0
AI1,0.06612320290212625,0,0.7236480840402081,0.2102287130576656
AE1,0.01204524482425882,0.4099025079376217,0.0636445656994433,0.5144076815386761
AO1,0.01420449642856836,0.19303693126463836,0.26605786087147715,0.5267007114353162
IA1,0.16718321286486673,0.25521185721607165,0.2915536551309266,0.286051274788135
II1,0.033415215222904936,0.15335661548894625,0.3653540524585661,0.44787411682958267
IE1,0.016222395370078777,0.4336001210890273,0.0548143852545404,0.49536309828635355
IO1,0.01019871389772791,0.20663799177519618,0.2280320888151214,0.5551312055119545
EA1,0,0.5731255508922385,0,0.42687444910776146
EI1,0,0.19802118550046285,0.17124632589189157,0.6307324886076456
EE1,0.04533595585479378,0.2030680359387166,0.3254855101593987,0.42611049804709095
EO1,0.012675692910115046,0.16627355357054316,0.2855225740100153,0.5355281795093265
OA1,0.07717296952535979,0.3771941210489371,0.152795283320939,0.39283762610476414
OI1,0.02026231451038144,0.17604268381506988,0.24169933940161314,0.5619956622729355
OE1,0.03237716039876657,0.34310063542272107,0.14856656333117157,0.47595564084734093
OO1,0.0105795386682677,0.18815331066623336,0.20828824998789158,0.5929789006776073
AA2,0.22777497765782778,0.18018992158246985,0.33088998433103045,0.2611451164286719
AI2,0.027123061523903178,0.17016394500547333,0.3728025276724506,0.429910465798173
AE2,0,0.5256084476333102,0,0.47439155236668973
AO2,0,0.28828898538024944,0.14372814583626073,0.5679828687834898
IA2,0.281295005937362,0.16474709827427927,0.3282337328970217,0.22572416289133698
II2,0.05951120724068282,0.1128838075419039,0.4470385409246551,0.3805664442927582
IE2,0.057069616977263586,0.3830810631797192,0.08257563707957051,0.4772736827634466
IO2,0.026696999622723316,0.17278344571958815,0.2868687772480204,0.5136507774096681
EA2,0,0.5256084476333102,0,0.47439155236668973
EI2,0,0.18156225342323906,0.21959533591957833,0.5988424106571827
EE2,0.13902561281240078,0.15613551177589582,0.3636414248714419,0.3411974505402615
EO2,0.030998258510610863,0.1431993354033834,0.36204197851816483,0.4637604275678408
OA2,0.1832263926535638,0.32467733133974697,0.15232592121211394,0.3397703547945753
OI2,0.04241819885190876,0.09975322610110425,0.42182441103945467,0.43600416400753234
OE2,0.19874730680117716,0.1467832639291607,0.3611788411510904,0.29329058811857184
OO2,0.07246053039028325,0.10478310046432553,0.44848275861122394,0.37427361053416724
AA3,0.1268795764400955,0,0.6194988215672825,0.2536216019926219
AI3,0.22113060031531048,0,0.5925670467781096,0.18630235290657998
AE3,0.024799682408659787,0.5039933424017627,0.04774599131643368,0.4234609838731437
AO3,0.11087448701508612,0.36834222096327357,0.1380139911638323,0.3827693008578081
IA3,0.049246918194934625,0,0.6106402556922111,0.3401128261128542
II3,0.11187869125600233,0.24239903867926232,0.2914734784883417,0.35424879157639344
IE3,0.03325273160307632,0.5326596356013027,0.03977279562000145,0.39431483717561966
IO3,0.1106735897728892,0.37402125364887556,0.15436854130536865,0.3609366152728666
EA3,0,0.23259359949296668,0.14480733523199718,0.6225990652750362
EI3,0,0.24251100718088262,0.14020279931308838,0.6172861935060291
EE3,0.16132097799289613,0.20846058080436028,0.2502698460936665,0.37994859510907714
EO3,0.07293534579753629,0.2474192496869928,0.2135227293545139,0.466122675160957
OA3,0,0.13930245183183676,0.24574146753652223,0.614956080631641
OI3,0.09030652830762274,0.22793951178927974,0.2014251392388779,0.48032882066421956
OE3,0.09528946622909668,0.3911708383744043,0.11335148913309977,0.4001882062633992
OO3,0.09406390160561338,0.34316129839924964,0.14257623638603895,0.4201985636090981
AA4,0.012675588332679589,0,0.602613338959182,0.38471107270813837
AI4,0.06237616048824188,0.25479045330962624,0.2834699792536786,0.3993634069484531
AE4,0,0.6195597442006553,0,0.38044025579934465
AO4,0.0455876477696491,0.45615400725579097,0.10887212976918896,0.3893862152053709
IA4,0.08607931897585493,0,0.617729767002267,0.29619091402187814
II4,0.13436157634919735,0.16253536427265872,0.3353470486597942,0.36775601071834974
IE4,0.05509161585641663,0.4628853229786717,0.048155881871446454,0.43386717929346524
IO4,0.14176824440182492,0.29412525427343883,0.17982104102926247,0.38428546029547367
EA4,0,0.21231705915029375,0.1555948099442152,0.632088130905491
EI4,0,0.21868612136935403,0.15106646390585798,0.630247414724788
EE4,0.17516806241750674,0.19559858019238469,0.25423398930894453,0.3749993680811641
EO4,0.07015935072866451,0.2312446083176693,0.22576070708201715,0.472835333871649
OA4,0.04243369255671344,0.11319597161630938,0.32956512293632756,0.5148052128906496
OI4,0.13374251653655153,0.11936436424209237,0.30915043154614136,0.4377426876752148
OE4,0.2532179920836257,0.1810464409331452,0.24669469589432813,0.319040871088901
OO4,0.22197299567629117,0.16662968095730507,0.2708164108490528,0.34058091251735084
