AA1,0.6686901316685872,0,0.33130986833141285,0
AI1,0.2356444977951593,0,0.7055345462183122,0.05882095598652848
AE1,0.13866609846021555,0.09481148159482698,0.40436059062185586,0.3621618293231017
AO1,0.11053256436424283,0.01102458247054595,0.6865524767817207,0.19189037638349052
IA1,0.320571259427391,0.047616723277260804,0.510042068215012,0.12176994908033624
II1,0.09261832513520855,0.021828553650128212,0.6613758395478163,0.22417728166684703
IE1,0.17003103415702342,0.11187864476736945,0.3801347427271934,0.3379555783484139
IO1,0.04617494513434007,0.014428282394417557,0.6441822894109157,0.29521448306032655
EA1,0,0.3835642729753981,0,0.616435727024602
EI1,0,0.05291655792315747,0.17198613040416563,0.7750973116726769
EE1,0.15282014702041036,0.04429688168722425,0.5504576434848255,0.2524253278075399
EO1,0.014873252878429126,0.03058968967593191,0.39694110805684235,0.5575959493887966
OA1,0.0819243798505259,0.1154373105583944,0.4782457214654182,0.3243925881256615
OI1,0.023295022972815577,0.03292014616523654,0.5130344981233173,0.4307503327386307
OE1,0.19365096497461332,0.08045916582509978,0.44057408179027974,0.2853157874100072
OO1,0.017362103730761823,0.01642105649015404,0.5091803322242205,0.4570365075548636
AA2,0.3936750198678501,0.02478741089366145,0.4831022308620766,0.09843533837641186
AI2,0.07143939576624911,0.03206616720852385,0.6301663760128988,0.2663280610123283
AE2,0,0.31989319486104095,0,0.6801068051389592
AO2,0,0.04431308409942064,0.3435180340373005,0.6121688818632788
IA2,0.45103770378882413,0.022772894973566746,0.4494827885979608,0.07670661263964813
II2,0.14198814272392285,0.012809692017480423,0.6786619708966807,0.16654019436191606
IE2,0.3108081719658145,0.07186417795836572,0.37724755403009713,0.24008009604572267
IO2,0.08038728552032047,0.010211439329139298,0.6787576754658382,0.230643599684702
EA2,0,0.31989319486104095,0,0.6801068051389592
EI2,0,0.047132677513256685,0.23614933621020684,0.7167179862765364
EE2,0.27105935365492073,0.030041709416318323,0.5219074723379151,0.17699146459084586
EO2,0.025015207452797103,0.026488744855608214,0.48077476952930676,0.4677212781622879
OA2,0.4995677938697647,0.0493239393768189,0.35998267115474275,0.09112559559867375
OI2,0.16634790904812166,0.01664289203529242,0.6393284551096509,0.17768074380693502
OE2,0.3361757280161702,0.027880341751473737,0.49789448671714553,0.13804944351521065
OO2,0.13077524276031866,0.009116706847597347,0.6821276690069106,0.1779803813851733
AA3,0.3236744566370084,0,0.6073637689361986,0.06896177442679298
AI3,0.41474722248650725,0,0.5414922710528903,0.043760506460602366
AE3,0.19789560891210564,0.19023100290967815,0.3239259240704889,0.2879474641077273
AO3,0.484091124227673,0.01947385011521994,0.43306520799873605,0.06336981765837105
IA3,0.09878119260733771,0,0.6993045350422893,0.20191427235037293
II3,0.1849378741341003,0.05370372317068711,0.5697835735762676,0.19157482911894494
IE3,0.23436992289371258,0.2339874365334464,0.28198031013415364,0.24966233043868744
IO3,0.2621066918859839,0.0694304854367965,0.5025621210842497,0.16590070159296982
EA3,0,0.09356874588552404,0.1801153720518995,0.7263158820625766
EI3,0,0.11910759666875445,0.16030812208457365,0.7205842812466721
EE3,0.25593493112031573,0.05971017759768197,0.4699851246697831,0.21436976661221924
EO3,0.05492221196374097,0.13564078705692278,0.3543932845680701,0.4550437164112661
OA3,0,0.022355662236342375,0.3704439253651348,0.6072004123985228
OI3,0.05170603567023254,0.07544008720818181,0.47553408708507294,0.39731979003651263
OE3,0.291318012336994,0.1479362422943099,0.34130478036924855,0.21944096499944765
OO3,0.11738982161876296,0.10034298426658149,0.4874169620898143,0.2948502320248411
AA4,0.03168942811410632,0,0.6694939488241143,0.2988166230617795
AI4,0.11992028170027125,0.04894591179957346,0.5643311673282109,0.26680263917194436
AE4,0,0.4215619166981144,0,0.5784380833018855
AO4,0.1593698129151936,0.10135987318074946,0.45398764410290887,0.28528266980114797
IA4,0.13383701186585048,0,0.6971010531841557,0.1690619349499938
II4,0.2483514710491424,0.016274679135021265,0.5742039395492293,0.1611699102666069
IE4,0.37407850872550447,0.09190707355660356,0.3002059315225889,0.2338084861953031
IO4,0.3460287875980264,0.02804147323991602,0.48850921952577475,0.13742051963628285
EA4,0,0.048447432527174934,0.2098570947324369,0.741695472740388
EI4,0,0.0538526698105025,0.19116529772291027,0.7549820324665872
EE4,0.35118305120944526,0.03429837159567359,0.4360243403608495,0.17849423683403165
EO4,0.08116044963089188,0.07501251396596251,0.3964712782591552,0.44735575814399053
OA4,0.15740380671379298,0.015624170193465901,0.5950788966323609,0.23189312646038027
OI4,0.2928463329512566,0.018035372621511225,0.5239727142674281,0.16514558015980413
OE4,0.4344598739258369,0.03067016614104599,0.40147749036838504,0.1333924695647321
OO4,0.42385637810273086,0.0199582903676082,0.4500284841564525,0.10615684737320853
