AA1,0.5674863879849289,0,0.4325136120150711,0
AI1,0.2992047090195371,0,0.5896858083018205,0.11110948267864225
AE1,0.18079058389861655,0.095202087485746,0.3798464327399783,0.3441608958756591
AO1,0.17168736114893743,0.018336069937328756,0.5676114890573987,0.24236507985633518
IA1,0.3279534222560746,0.05028278619430176,0.46623776419510893,0.1555260273545147
II1,0.17128249609267854,0.028656067480664116,0.5363384750296499,0.26372296139700746
IE1,0.20132715354810468,0.10445767369979848,0.3653457180203789,0.3288694547317179
IO1,0.10479513434167555,0.023462409246714364,0.5428176591513195,0.3289247972602905
EA1,0,0.37836073234576106,0,0.6216392676542388
EI1,0,0.08358922252746703,0.28437709140671524,0.6320336860658179
EE1,0.20148648826846866,0.050092981711920316,0.46975061156809433,0.2786699184515166
EO1,0.03592074962478163,0.043527466311799816,0.4241838766828604,0.49636790738055814
OA1,0.14024925783476533,0.0891245295957529,0.448581658599973,0.3220445539695089
OI1,0.06656606474710276,0.0449259147181856,0.4866058892615062,0.4019021312732053
OE1,0.2229199443828559,0.08735195210100898,0.3955118757130529,0.2942162278030823
OO1,0.0427043887874318,0.029898920299023468,0.49315754414815793,0.4342391467653867
AA2,0.3399407834237538,0.03247438168324989,0.48359156238372497,0.14399327250927146
AI2,0.13560142197562494,0.0365864159269271,0.5393437229591862,0.2884684391382616
AE2,0,0.31992587899817526,0,0.6800741210018247
AO2,0,0.05557356138592688,0.42906594498059125,0.5153604936334819
IA2,0.3713087490983717,0.03216676429315721,0.4718740667041379,0.12465041990433322
II2,0.1976371656833415,0.02002475122784786,0.5589637321738288,0.22337435091498176
IE2,0.26096817789600946,0.07958130280735778,0.3783670177074053,0.28108350158922757
IO2,0.12707050932991026,0.01857831833237783,0.5701439820705364,0.28420719026717556
EA2,0,0.31992587899817526,0,0.6800741210018247
EI2,0,0.07012904309218553,0.3339898800188463,0.5958810768889683
EE2,0.25435560175392596,0.03864472625381768,0.4740348813845546,0.2329647906077018
EO2,0.04472508514937688,0.03708817998598626,0.4728184965985406,0.44536823826609623
OA2,0.39647072895515745,0.05266436765262601,0.42229972471241606,0.1285651786798005
OI2,0.21395493206227903,0.021047744030774276,0.5478987551008982,0.2170985688060484
OE2,0.2962964052113943,0.03645827713439904,0.46768603755061433,0.19955928010359242
OO2,0.1807465791443018,0.014997019339270294,0.5703908731862533,0.23386552833017454
AA3,0.3097607952241108,0,0.5578426941070498,0.13239651066883934
AI3,0.3632220384209802,0,0.5366715024184233,0.10010645916059645
AE3,0.2067762496243195,0.1385991923487521,0.34261598009420635,0.31200857793272213
AO3,0.383872106738275,0.02709852003461323,0.4721139721212504,0.1169154011058614
IA3,0.1539728017549287,0,0.5739950443996853,0.27203215384538587
II3,0.20989780840385688,0.04622455533682421,0.4982177691476183,0.24565986711170051
IE3,0.22869390950989923,0.15482110895329168,0.323449078047553,0.2930359034892561
IO3,0.24891811198489822,0.06311062836541033,0.4618463023534246,0.22612495729626675
EA3,0,0.11028560140005668,0.2837125315807936,0.6060018670191497
EI3,0,0.12470131506665975,0.2685039651012826,0.6067947198320576
EE3,0.24048530572383062,0.06557488439867486,0.4343659419206623,0.2595738679568321
EO3,0.09602187774273384,0.11429181783674067,0.35928634909825824,0.43039995532226727
OA3,0,0.02911491098801864,0.44357585431397606,0.5273092346980053
OI3,0.0871597794743471,0.0693331521064376,0.4601468626852076,0.38336020573400775
OE3,0.25703484846942637,0.12585689644239428,0.3531278946772103,0.263980360410969
OO3,0.15706157709442986,0.08490999962124648,0.4431725334899713,0.31485588979435236
AA4,0.08359191913673288,0,0.5903671485115488,0.3260409323517182
AI4,0.16057891294411764,0.05285147813468154,0.500594341430044,0.2859752674911569
AE4,0,0.4086392210314013,0,0.5913607789685986
AO4,0.18327699082697277,0.08431127281085048,0.4472249821896808,0.2851867541724959
IA4,0.17237399820575125,0,0.5863542427365107,0.241271759057738
II4,0.23828538637753688,0.027194282476636,0.5135021133420017,0.22101821780382552
IE4,0.28972122819760504,0.09979741251269453,0.33611709195722694,0.27436426733247343
IO4,0.2839571202213607,0.039144207631336574,0.4736404481620806,0.20325822398522217
EA4,0,0.08003434844017972,0.31833147870508244,0.6016341728547377
EI4,0,0.08720776908817854,0.30415455638840083,0.6086376745234207
EE4,0.2898846359307608,0.04636960051367943,0.43083478055156316,0.23291098300399665
EO4,0.11664962272075358,0.0804934129410095,0.38993792080090717,0.4129190435373297
OA4,0.18558545304213706,0.020522495539793493,0.5292029233952983,0.26468912802277134
OI4,0.2606927631678139,0.02551208845918557,0.49944545869715107,0.21434968967584947
OE4,0.338656093179136,0.04319602959381314,0.4206794043476785,0.19746847287937244
OO4,0.328246182323833,0.02961047122490324,0.4661028749272507,0.17604047152401292
