AA1,0.6163671624304912,0,0.38363283756950883,0
AI1,0.4756348892057245,0,0.5210739685277154,0.0032911422665602096
AE1,0.4332385291449384,0.03494661072169755,0.43391731642892134,0.09789754370444295
AO1,0.3257369318225692,0.0020247256137884656,0.6068390140111831,0.06539932855245931
IA1,0.5100097980182813,0.0013769020385995697,0.48177477572735117,0.006838524215767861
II1,0.39065103767240345,0.0005845669240085486,0.5866697912615174,0.02209460414207065
IE1,0.4493987450501701,0.03744956732511101,0.419831081795656,0.09332060582906285
IO1,0.30096495706121323,0.0027232745497866922,0.6103433097038587,0.08596845868514129
EA1,0,0.4667844380366187,0,0.5332155619633814
EI1,0,0.04265158226628054,0.19086857822997094,0.7664798395037485
EE1,0.48339009748371503,0.0009731469103276377,0.50220409806112,0.013432657544837273
EO1,0.22376675785701491,0.0009856815396776873,0.6088291335562448,0.1664184270470626
OA1,0.21132964295344195,0.022869539593251834,0.5563704393437119,0.20943037810959436
OI1,0.12318102951784571,0.010757134123630488,0.5999139668597401,0.26614786949878366
OE1,0.5062058034366463,0.007127507738149658,0.46123250257606124,0.025434186249142725
OO1,0.2155237888484169,0.0025202725361343943,0.585731151097183,0.19622478751826553
AA2,0.4944846313519872,0.0008528965765834039,0.49823465659198285,0.006427815479446571
AI2,0.3447686755548745,0.000964454813087217,0.6213852058906267,0.032881663741411556
AE2,0,0.38713541319889766,0,0.6128645868011023
AO2,0,0.07925318521414833,0.27252913285176833,0.6482176819340835
IA2,0.5107687040364127,0.0006370296796794992,0.48403633950345487,0.004557926780453074
II2,0.39763390438484647,0.00027708488659913393,0.5865155042352803,0.015573506493274233
IE2,0.47708443105960174,0.01902985041403593,0.4366269361700242,0.06725878235633805
IO2,0.3261248603546083,0.0013385105539962193,0.6100878097425315,0.062448819348863954
EA2,0,0.38713541319889766,0,0.6128645868011023
EI2,0,0.028983237328265635,0.2659814482558761,0.7050353144158582
EE2,0.4885835293805029,0.0004908198350614094,0.5012923083427926,0.00963334244164325
EO2,0.25536867681829556,0.0005070021106185578,0.619502913714069,0.12462140735701681
OA2,0.5565992117127306,0.002940757199359659,0.4334031903102511,0.0070568407776583865
OI2,0.4011490404598,0.00024181054872943336,0.5848933480926161,0.013715800898854522
OE2,0.5098384533892039,0.0002695580614137975,0.4840136541705892,0.0058783343787931885
OO2,0.4263858583082971,0.000036260534273897125,0.5630360217321584,0.01054185942527063
AA3,0.449112524537332,0,0.5443004273493056,0.00658704811336231
AI3,0.4946693644758152,0,0.5021755921628375,0.003155043361347292
AE3,0.4089677637973113,0.13774414658423273,0.36966313577594084,0.08362495384251514
AO3,0.5393455490520874,0.004734261796923937,0.449684165575019,0.0062360235759697505
IA3,0.33926622449303395,0,0.6339889256900904,0.02674484981687587
II3,0.4062938738044234,0.004350240901566271,0.5691775545913512,0.02017833070265917
IE3,0.4202906584078619,0.14629687985818113,0.3542814751803118,0.07913098655364532
IO3,0.4911906582931713,0.016293213646554554,0.4736700367451195,0.018846091315154672
EA3,0,0.15366378393070812,0.21025801000909636,0.6360782060601956
EI3,0,0.22101534382611,0.1667397242498603,0.6122449319240297
EE3,0.5021859894983733,0.004237578314140959,0.4809053922971448,0.012671039890341046
EO3,0.41968431741594275,0.016623253225169627,0.5179277638769684,0.04576466548191932
OA3,0,0.020375595602884374,0.41067722845682486,0.5689471759402908
OI3,0.1264890216212636,0.06490802297863064,0.5666484491999811,0.2419545062001247
OE3,0.5153520277024204,0.030227307049052205,0.4310926026949392,0.02332806255358836
OO3,0.40402974301668027,0.03829477755987354,0.4998430967058804,0.057832382717565675
AA4,0.13085201175207842,0,0.7530338533054178,0.11611413494250374
AI4,0.36541028752454974,0.002060779002445301,0.5891466531925078,0.04338228028049705
AE4,0,0.49247924515100666,0,0.5075207548489933
AO4,0.4179297870877092,0.02636641031016997,0.48532243394099167,0.07038136866112923
IA4,0.35728011823659567,0,0.615564091988445,0.027155789774959478
II4,0.42344412436126794,0.0005694515082655785,0.5553279775361761,0.020658446594290353
IE4,0.49569412842316296,0.035038745532652106,0.3815739115349457,0.08769321450923927
IO4,0.5125428948988376,0.003542141576677227,0.46480581350684497,0.019109150017640027
EA4,0,0.03638570772137116,0.23894756675445708,0.7246667255241717
EI4,0,0.046469877565996326,0.20184650998746384,0.7516836124465398
EE4,0.520690105612078,0.0009383635054091936,0.4654359542526948,0.012935576629818162
EO4,0.44614166623102375,0.0036964204472954712,0.5036931310192814,0.046468782302399425
OA4,0.3539366354813355,0.00024421734149184627,0.6138732063921136,0.031945940785059024
OI4,0.4272126672434289,0.0004913436993381786,0.5543808715516846,0.017915117505548247
OE4,0.5426946417925124,0.0005113655332134446,0.44886172724564644,0.007932265428627735
OO4,0.5552767389553385,0.0004203675253326228,0.4399200596909278,0.0043828338284010206
