AA1,0.6132735163878122,0,0.38672648361218787,0
AI1,0.3753838649928022,0,0.6069615947472998,0.017654540259897822
AE1,0.4241250562974215,0.0035215644894875118,0.5243461721316077,0.04800720708148331
AO1,0.38746296130819413,0.00202226339295964,0.574377283037438,0.036137492261408236
IA1,0.39485964496272574,0.039866116818211,0.42350110755257536,0.14177313066648775
II1,0.26490119869618706,0.004976079056617154,0.5876622825083679,0.14246043973882794
IE1,0.45022537758575243,0.0055550758536841915,0.5083149919525982,0.03590455460796517
IO1,0.2881837912308868,0.003946333749528596,0.639494604980095,0.06837527003948965
EA1,0,0.3658324929350431,0,0.634167507064957
EI1,0,0.015250223151459609,0.29291082910636224,0.6918389477421781
EE1,0.4105347938280452,0.0003844552417686405,0.5641758628370525,0.02490488809313376
EO1,0.1611473751687179,0.00036994003912138823,0.6376530408288151,0.2008296439633456
OA1,0.25169036237352715,0.13948528016925676,0.29252841290282106,0.316295944554395
OI1,0.12048344426824967,0.00972442785733844,0.4737355591077281,0.3960565687666837
OE1,0.4432493963848995,0.0011577317955905185,0.5322227498961954,0.023370121923314446
OO1,0.17281329524805703,0.0008440034451844156,0.6340100160380681,0.19233268526869043
AA2,0.42000557760524826,0.020035144161142163,0.4441121551829779,0.11584712305063172
AI2,0.21402676561570633,0.021984922728169133,0.5384134503567842,0.22557486129934015
AE2,0,0.3263546269820808,0,0.6736453730179193
AO2,0,0.060101535743944896,0.2540518050417019,0.6858466592143533
IA2,0.46652863143981715,0.01725763433899004,0.4275682047623205,0.08864552945887233
II2,0.30499855644497303,0.0024312407697317487,0.6044911074624274,0.08807909532286773
IE2,0.5452337909648041,0.0021382029064353435,0.4337917231616034,0.018836282967157073
IO2,0.34177762286835117,0.0017611330000486408,0.6167716051692901,0.03968963896231005
EA2,0,0.3263546269820808,0,0.6736453730179193
EI2,0,0.011443850708627945,0.45313778877811706,0.535418360513255
EE2,0.4981281690812386,0.00015181221370859065,0.4884468038465894,0.013273214858463516
EO2,0.18576203734146554,0.00018009921062422704,0.6847418301276942,0.12931603332021607
OA2,0.44546163176873516,0.077814762277545,0.3186252057607755,0.15809840019294422
OI2,0.20331535433892164,0.0033543821325192832,0.6456693417990342,0.14766092172952483
OE2,0.5226377491528519,0.00012078015503310271,0.467151109722059,0.010090360970056009
OO2,0.28995360982410495,0.00008686295308728486,0.6587636160663536,0.0511959111564542
AA3,0.410476083865072,0,0.565531787015126,0.02399212911980213
AI3,0.4505426806967718,0,0.5332799473778291,0.016177371925399014
AE3,0.45283735632971694,0.03646133542128094,0.4684581825294291,0.04224312571957308
AO3,0.48912521966397604,0.014371988196480858,0.47187816259686405,0.024624629542679105
IA3,0.25008676839064314,0,0.6678455201157916,0.08206771149356518
II3,0.294309169623119,0.1028485453570121,0.47488146075627247,0.12796082426359642
IE3,0.47016637855573523,0.07060497505952683,0.4288570059793411,0.03037164040539683
IO3,0.4004977786619967,0.07132665737283969,0.47122216832683395,0.056953395638329636
EA3,0,0.0663585725430196,0.3047757246566089,0.6288657028003715
EI3,0,0.11152760648571998,0.2738060800315316,0.6146663134827485
EE3,0.4763538052579275,0.0022582012504199066,0.4986474059345707,0.022740587557081995
EO3,0.3299341164125878,0.02722839586510389,0.5458889782352314,0.09694850948707685
OA3,0,0.02966010685064964,0.35852386331146985,0.6118160298378805
OI3,0.16514349939337464,0.08830707909898809,0.3908458771433514,0.3557035443642859
OE3,0.5061082745514983,0.012249731960392871,0.46110646192999577,0.020535531558113274
OO3,0.3378477376454671,0.08950655465083152,0.46289459175716646,0.10975111594653482
AA4,0.09476869553673625,0,0.6660409847505084,0.2391903197127553
AI4,0.2285176530527285,0.04547989134173103,0.4872566558638391,0.2387457997417015
AE4,0,0.4559100551492354,0,0.5440899448507647
AO4,0.2162674300877966,0.1335027816505674,0.3610919744920937,0.28913781376954223
IA4,0.28121994168622366,0,0.6620197378483296,0.05676032046544684
II4,0.36428080699472903,0.004591329202465174,0.5343260709607375,0.09680179284206843
IE4,0.5818715850934153,0.004289168989966033,0.393055421931723,0.020783823984895654
IO4,0.47337254650387794,0.006080932680891604,0.47959714460039343,0.04094937621483704
EA4,0,0.012829771560801008,0.3831359636729415,0.6040342647662577
EI4,0,0.017894195909643137,0.36161310907523664,0.6204926950151203
EE4,0.5498039461822879,0.00026636594157719047,0.4351431146721657,0.014786573203969379
EO4,0.3741141970679304,0.005790572553303998,0.5496383854171912,0.07045684496157428
OA4,0.198381729428149,0.0037723765523140474,0.5987408492941138,0.19910504472542315
OI4,0.2705878054561565,0.005517584372946388,0.5541610194641201,0.16973359070677696
OE4,0.5766720425941656,0.00021483087939365601,0.4119027010241851,0.011210425502255698
OO4,0.4648451990841549,0.001657546107766491,0.5040604118708913,0.029436842937187273
