AA1,0.5589269194067802,0,0.44107308059321987,0
AI1,0.41623225759830174,0,0.5512728359770881,0.03249490642460997
AE1,0.41957317181373266,0.021401427414236153,0.4825739823628603,0.07645141840917084
AO1,0.3983433492142134,0.004728723559712079,0.531266248483567,0.06566167874250758
IA1,0.3797259083506037,0.05190846504288543,0.4321424124592643,0.13622321414724645
II1,0.2956284086116388,0.015550740409164838,0.5410520164774387,0.1477688345017577
IE1,0.4355043143991805,0.02449904759194913,0.4706611535011409,0.06933548450772946
IO1,0.3282871372591661,0.0062203137962603275,0.5604618820569398,0.10503066688763366
EA1,0,0.38592566156244984,0,0.6140743384375501
EI1,0,0.03753732329527546,0.3596535150699435,0.602809161634781
EE1,0.4232155292299579,0.004215457134677799,0.522471743921327,0.050097269714037336
EO1,0.19680998805541788,0.004280973477869023,0.5609977201856439,0.2379113182810692
OA1,0.23423024884105764,0.12924446971761408,0.33424680773625925,0.302278473705069
OI1,0.12902810990596456,0.027584289528782793,0.47670111373675855,0.3666864868284941
OE1,0.4411574249145482,0.012106442478420056,0.49749833224865586,0.049237800358375966
OO1,0.20733368016151768,0.00428297551174295,0.5609354442685631,0.22744790005817617
AA2,0.40703270041222395,0.02673134890428185,0.4589163545824428,0.10731959610105146
AI2,0.26159450618411173,0.028928024526167686,0.5297223822071853,0.17975508708253543
AE2,0,0.33301149503043115,0,0.6669885049695687
AO2,0,0.0952769838038611,0.31665590860519033,0.5880671075909486
IA2,0.4302009277934475,0.024420406614359347,0.4554788288464496,0.08989983674574367
II2,0.33462732066893647,0.007516067847147561,0.5587630896349487,0.09909352184896705
IE2,0.4990000167958401,0.013247210716993639,0.4409305605394215,0.04682221194774484
IO2,0.37192172574549665,0.002998711105667435,0.5538034052745271,0.07127615787430877
EA2,0,0.33301149503043115,0,0.6669885049695687
EI2,0,0.02941200799904992,0.4884636124280301,0.48212437957292
EE2,0.48231537579852796,0.0023865591366299833,0.481395267342493,0.0339027977223492
EO2,0.22723959894016782,0.0028184875046044803,0.6010554937501548,0.16888641980507307
OA2,0.4150796704357478,0.06569785088031381,0.3594714522902902,0.15975102639364822
OI2,0.24855494792575417,0.007674271400588063,0.5883974902388049,0.1553732904348529
OE2,0.49462874836805615,0.0022289023324207602,0.4758959147988074,0.027246434500715653
OO2,0.3410038712986939,0.0006633725844629404,0.5864001306838452,0.07193262543299779
AA3,0.4297975373361809,0,0.5298605526916838,0.04034190997213527
AI3,0.4548966307766088,0,0.5157612116859845,0.029342157537406578
AE3,0.4291718153097933,0.06206947014421748,0.44086923046100385,0.06788948408498541
AO3,0.4694259517981019,0.027285295093058114,0.4619913551103681,0.041297397998471895
IA3,0.3040429070871653,0,0.5807755959610951,0.11518149695173967
II3,0.3153246114751123,0.0743847492503263,0.4736577425489456,0.13663289672561585
IE3,0.44217596559353556,0.07419594552285208,0.42272681009242685,0.060901278791185384
IO3,0.38690152707745273,0.0733468788959989,0.4475526948484361,0.09219889917811222
EA3,0,0.06957539339042267,0.35870132832121476,0.5717232782883628
EI3,0,0.09365263812927059,0.3393137689205031,0.5670335929502264
EE3,0.4587824396756174,0.007379097893461167,0.4883522484895236,0.0454862139413978
EO3,0.3401207693826276,0.03297861736141327,0.4940713729216016,0.13282924033435758
OA3,0,0.029965304579812325,0.4086786741374598,0.5613560212827279
OI3,0.16324633072964814,0.0836489857017017,0.41326458235022734,0.33984010121842273
OE3,0.46842032877201417,0.03150385265027197,0.45604386340009084,0.04403195517762313
OO3,0.322872395335598,0.09377879290204955,0.4308662303793069,0.1524825813830455
AA4,0.16639084328421733,0,0.6200827307213356,0.21352642599444702
AI4,0.2700748744277617,0.057264910600293546,0.4791472150420042,0.19351299992994062
AE4,0,0.43854932353921267,0,0.5614506764607874
AO4,0.24952641038454748,0.14474986006091578,0.36240360294612417,0.2433201266084124
IA4,0.33487109148388855,0,0.5788563877185264,0.08627252079758496
II4,0.3652110099171603,0.013335285696437505,0.5122401551635369,0.10921354922286536
IE4,0.5192526160816909,0.022030400503437582,0.40876737327237594,0.04994961014249536
IO4,0.44534732312064657,0.01506225487842842,0.4659618161259396,0.07362860587498533
EA4,0,0.033706175368053315,0.4261677462772846,0.5401260783546622
EI4,0,0.038615526114741776,0.4125895227073859,0.5487949511778724
EE4,0.512004917729336,0.003458511107801382,0.4487596395396648,0.035776931623197915
EO4,0.37944818564104665,0.014159539640754552,0.5009512407620593,0.10544103395613948
OA4,0.23464140352200122,0.009047208759908271,0.5509960172781591,0.2053153704399315
OI4,0.29040110309870026,0.011035198007293561,0.5233491605022467,0.1752145383917595
OE4,0.5278222337781733,0.003177531765936711,0.440205238294655,0.028794996161234813
OO4,0.458049453651477,0.004440012546881255,0.4860581920036106,0.05145234179803122
