AA1,0.5193053655881394,0,0.4806946344118606,0
AI1,0.2526944976194326,0,0.6857794318423661,0.0615260705382013
AE1,0.07398656759918903,0.4074587129054854,0.10133793253269378,0.41721678696263187
AO1,0.07664066939479362,0.22908881331139097,0.2657328979382565,0.42853761935555884
IA1,0.11466543650706139,0.32925183051994916,0.20181440381462099,0.35426832915836853
II1,0.05825738348864784,0.29311509164539484,0.241727263024821,0.4069002618411363
IE1,0.07701561625821365,0.4149392232892054,0.09731904589323613,0.4107261145593447
IO1,0.05015153527997447,0.23404220803770392,0.2483565944768142,0.46744966220550743
EA1,0,0.5414304725348908,0,0.45856952746510904
EI1,0,0.3545751453345448,0.03792572090008753,0.6074991337653676
EE1,0.14437630437614218,0.29425313622018023,0.22852824568097022,0.33284231372270745
EO1,0.026497059665225423,0.24018753943168875,0.21285089044651426,0.5204645104565717
OA1,0.019373411459056685,0.46912588904395874,0.052088744567720155,0.45941195492926434
OI1,0.009341156288089453,0.3314306231252766,0.08421143043342867,0.5750167901532054
OE1,0.11925331744907382,0.3431215655226129,0.17367077807415748,0.3639543389541558
OO1,0.024655630335810978,0.2245117913848003,0.1894637477702571,0.5613688305091317
AA2,0.16807664044396914,0.25575082174535285,0.24988179777686806,0.32629074003381
AI2,0.062087533342804854,0.2624876449521606,0.28608208908497457,0.38934273262006
AE2,0,0.5203307407467966,0,0.4796692592532033
AO2,0,0.2943149172405612,0.12651961740073986,0.579165465358699
IA2,0.23720681798681723,0.23124232393322336,0.25926303166080406,0.2722878264191554
II2,0.118196279019863,0.21953155897297164,0.335741112184097,0.32653104982306835
IE2,0.15088082048361273,0.3479596921602089,0.1434818014511569,0.35767768590502136
IO2,0.09039029506434601,0.18690100739163554,0.32459484293548974,0.39811385460852877
EA2,0,0.5203307407467966,0,0.4796692592532033
EI2,0,0.34929133030824316,0.0633729205949394,0.5873357490968174
EE2,0.26521677383029363,0.2063779858543242,0.29114208248582124,0.23726315782956087
EO2,0.047127486199746715,0.20112252233916242,0.33806304924179936,0.4136869422192915
OA2,0.06776421522669063,0.45686735245812593,0.05088148770383903,0.4244869446113445
OI2,0.04241983397151489,0.2933887924048039,0.15129543589268915,0.5128959377309921
OE2,0.3085361366623283,0.1854616994289584,0.29807472277277336,0.20792744113593983
OO2,0.11211163257203638,0.16318006065636062,0.3969392139153295,0.3277690928562734
AA3,0.28546310936603464,0,0.6282614736402952,0.08627541699367021
AI3,0.3491081369391922,0,0.5921573746700143,0.05873448839079365
AE3,0.07170695213125076,0.4314042853924582,0.09487486306657418,0.4020138994097169
AO3,0.17605420711919711,0.32901773283742963,0.18524589622530913,0.309682163818064
IA3,0.10529793137440627,0,0.6460688162070969,0.24863325241849676
II3,0.08656999699492345,0.34889428868234607,0.20714019749368626,0.3573955168290443
IE3,0.0747856238366557,0.44119396775692854,0.09065260100842908,0.39336780739798677
IO3,0.14790077144403066,0.3758876652538427,0.14943813725022345,0.326773426051903
EA3,0,0.37728749013357005,0.03331086103491534,0.5894016488315147
EI3,0,0.3863197244189253,0.031401128396704406,0.5822791471843702
EE3,0.1840265312414179,0.28334191467804193,0.20391581160181352,0.3287157424787266
EO3,0.052885033872918895,0.393905525666392,0.09652909620335358,0.4566803442573355
OA3,0,0.28952222961731233,0.08533443965869704,0.6251433307239905
OI3,0.030852294802250463,0.3666777927815448,0.07212308142550257,0.5303468309907021
OE3,0.1391669449210295,0.3417955814675525,0.16238336391716812,0.3566541096942499
OO3,0.07168373339136512,0.4163065973033197,0.09216465151679687,0.4198450177885183
AA4,0.04093526421056941,0,0.6063684109628122,0.3526963248266183
AI4,0.06955781722978599,0.32490915740590826,0.21983691637301433,0.3856961089912914
AE4,0,0.5700974552358493,0,0.42990254476415063
AO4,0.08034952337121726,0.42464066494790365,0.11902199621592939,0.37598781546494975
IA4,0.17518159636029718,0,0.647682137399666,0.17713626624003684
II4,0.13652600287782204,0.2703452290104577,0.256913198919752,0.33621556919196827
IE4,0.13173683178219764,0.381834686700364,0.11331348555091758,0.37311499596652076
IO4,0.20565066262156967,0.31394930920443886,0.17399610676909016,0.3064039214049014
EA4,0,0.35453403470360223,0.043220345237003806,0.6022456200593941
EI4,0,0.3600603992198789,0.040813476026034516,0.5991261247540867
EE4,0.26035620959598244,0.23946703298560026,0.2199913818929776,0.2801853755254396
EO4,0.07403400935243014,0.36670663926752545,0.11783533614760586,0.4414240152324385
OA4,0.02521413266071032,0.30442963686823393,0.12054464788157596,0.5498115825894798
OI4,0.06535237421904733,0.3103459091817488,0.10700478019218759,0.5172969364070162
OE4,0.30503788883530086,0.22040916157437224,0.22250087597744483,0.2520520736128821
OO4,0.18850434961515816,0.3118200398021026,0.15545989960634302,0.3442157109763961
