AA1,0.47818039469939105,0,0.5218196053006088,0
AI1,0.3548289720547632,0,0.5107542245278368,0.13441680341740006
AE1,0.3323218340119468,0.02914583452484108,0.4730393770353368,0.1654929544278754
AO1,0.3328864437043569,0.01398961432453865,0.4968315933079237,0.15629234866318076
IA1,0.3685880020525016,0.029966237357804276,0.4643834916857016,0.13706226890399256
II1,0.2946168457403683,0.01184018377006477,0.4931616375501048,0.20038133293946217
IE1,0.3480129710702318,0.03473189619212715,0.4633608049109122,0.15389432782672874
IO1,0.3054402230763701,0.017337779547364044,0.4866362534274582,0.19058574394880753
EA1,0,0.2774656062977782,0,0.7225343937022218
EI1,0,0.03700641449158573,0.520835322631894,0.4421582628765202
EE1,0.3479986548274912,0.014090272099051471,0.49189842704728093,0.1460126460261764
EO1,0.2590625750814775,0.014043089422729875,0.4896500043722129,0.23724433112357976
OA1,0.3211233100351811,0.047462352780489096,0.4384715935456143,0.19294274363871558
OI1,0.2305086915726899,0.018553964647509347,0.4948695320938332,0.25606781168596765
OE1,0.3517712566507432,0.025639936910267738,0.4783359214320987,0.1442528850068904
OO1,0.26570215271673076,0.01922701288464839,0.4862710491910635,0.22879978520755737
AA2,0.3914563446133221,0.017626332008861528,0.479913163587997,0.11100415978981934
AI2,0.2843418193367625,0.017353684139748443,0.48454984027339715,0.21375465625009185
AE2,0,0.23917220226558278,0,0.7608277977344172
AO2,0,0.0659741866459457,0.5032774814650035,0.43074833188905076
IA2,0.40419647230997485,0.017365710631049813,0.47796171709945506,0.10047609995952023
II2,0.32422947459908635,0.007371998734465499,0.5108566090534933,0.157541917612955
IE2,0.387702557860029,0.024520950788117193,0.46314207778859406,0.12463441356325965
IO2,0.3417342256297989,0.012475552074773539,0.49532764331336976,0.1504625789820578
EA2,0,0.23917220226558278,0,0.7608277977344172
EI2,0,0.029194136977802515,0.6002980315372334,0.37050783148496413
EE2,0.38418439150452427,0.010214213874048883,0.4880524070143756,0.11754898760705129
EO2,0.2916221063454839,0.010685407676463341,0.5102984854050876,0.18739400057296512
OA2,0.3990443078653317,0.028667490466959503,0.4526747195435722,0.11961348212413678
OI2,0.2957994803202986,0.00649291978234694,0.5255867682552468,0.17212083164210773
OE2,0.3913208768347123,0.01012864594033367,0.48698553690899793,0.11156494031595607
OO2,0.3435864121784085,0.007284086848467443,0.5022605553523289,0.1468689456207952
AA3,0.3808789637145633,0,0.4891977960949038,0.12992324019053297
AI3,0.39350957315911345,0,0.48688750066994224,0.11960292617094426
AE3,0.3627640961521845,0.043729825845326205,0.4463158968937899,0.1471901811086994
AO3,0.38633055922136644,0.02756467189080943,0.46090323137252875,0.12520153751529545
IA3,0.3240102129208511,0,0.48467432203665295,0.19131546504249594
II3,0.3286793028150695,0.026107393265853165,0.45976497224821633,0.18544833167086097
IE3,0.3788991795031779,0.05405803786752264,0.4314732775051917,0.1355695051241077
IO3,0.3570525441316168,0.03903760757639203,0.4435805607570679,0.1603292875349232
EA3,0,0.04370022991105352,0.5268076185792087,0.4294921515097379
EI3,0,0.05254551818923877,0.5159718763106902,0.43148260550007106
EE3,0.38499261771420623,0.018417241542650814,0.4660170811175533,0.13057305962558963
EO3,0.3295913385670255,0.02853312395202502,0.44992516951659345,0.19195036796435594
OA3,0,0.024917159156486905,0.5545066653221031,0.4205761755214099
OI3,0.2639855278338015,0.03443949385268839,0.46044467016925966,0.2411303081442505
OE3,0.3856319933493644,0.039167843145571826,0.44763807722793025,0.12756208627713356
OO3,0.32764183324413493,0.04316480489627282,0.4414332037487507,0.18776015811084143
AA4,0.22617474079389438,0,0.5334467135159998,0.24037854569010567
AI4,0.2948678111719052,0.03075841479228143,0.46191805633865896,0.21245571769715454
AE4,0,0.32612199242249434,0,0.6738780075775056
AO4,0.2830819846590978,0.0712127708317287,0.4111006168078869,0.2346046277012865
IA4,0.34111060040139596,0,0.49720917794788183,0.16168022165072232
II4,0.3473011031660359,0.012165695154431605,0.48288996209505897,0.15764323958447346
IE4,0.4047859584638675,0.03612119932767772,0.438299308951468,0.1207935332569868
IO4,0.38071420912807663,0.022241420441444053,0.4599559222859724,0.13708844814450696
EA4,0,0.032967303224190316,0.5826577634392921,0.38437493333651757
EI4,0,0.037844816578432944,0.5738697974341245,0.3882853859874426
EE4,0.40470135133145385,0.013464047083438766,0.46732890613792677,0.11450569544718053
EO4,0.3496896916385568,0.020282441642369507,0.4664554867321098,0.16357237998696378
OA4,0.28562212426881517,0.006543021764786339,0.5094588390161682,0.19837601495023027
OI4,0.3211514797549147,0.008636886847994286,0.4957237766078009,0.17448785678929002
OE4,0.4132437095342511,0.01333039332224561,0.4651059945175174,0.10831990262598601
OO4,0.38420499197763996,0.012411529915359544,0.46966806900900687,0.13371540909799368
