AA1,0.5629000771848043,0,0.4370999228151958,0
AI1,0.25251531657929327,0,0.5953343794156868,0.15215030400501983
AE1,0.1516040101848802,0.07488129419312282,0.4053260937327467,0.3681886018892503
AO1,0.1565163692755189,0.01848446631302422,0.5632172496801005,0.2617819147313563
IA1,0.2935094967751347,0.03416707824878644,0.4959906825984148,0.1763327423776642
II1,0.12723468297891066,0.018784397988414192,0.5494659106807643,0.304515008351911
IE1,0.16880754283512103,0.08324374696250837,0.3925673048624351,0.35538140533993556
IO1,0.08310263064322906,0.02279814030452912,0.5376226165820995,0.35647661247014223
EA1,0,0.3439051459853539,0,0.6560948540146462
EI1,0,0.06478050063476024,0.3157523892371425,0.6194671101280972
EE1,0.15328230904167367,0.042266573605778554,0.4737304607368426,0.33072065661570527
EO1,0.02223182715210701,0.03717841866582837,0.42118094288282937,0.5194088112992352
OA1,0.12265511312972734,0.05836824734321254,0.4798886901111663,0.3390879494158938
OI1,0.048038019391003786,0.028780807487785578,0.50294349605778,0.4202376770634306
OE1,0.18144120194603694,0.07285288675305748,0.41275929710300463,0.33294661419790095
OO1,0.03233618184153166,0.024882169976067306,0.49973838927393704,0.4430432589084641
AA2,0.3149745511352157,0.021634704964395915,0.5049305775428544,0.15846016635753393
AI2,0.10011714934373943,0.02369935249719036,0.5469820393109801,0.32920145884808993
AE2,0,0.2844627478666289,0,0.7155372521333712
AO2,0,0.045105012923911614,0.4419001767773765,0.5129948102987119
IA2,0.3482814937976546,0.021887639749234748,0.49070151433157655,0.13912935212153413
II2,0.15679204752894574,0.01384764071900536,0.5703395008757418,0.2590208108763072
IE2,0.23305315346452682,0.06311253122175194,0.4010550257081065,0.30277928960561473
IO2,0.1080594273112633,0.018431717106972265,0.5647447177812898,0.30876413780047474
EA2,0,0.2844627478666289,0,0.7155372521333712
EI2,0,0.05359777842144461,0.3663716208115509,0.5800306007670045
EE2,0.20813777810606418,0.032979143340965814,0.47942456034352887,0.27945851820944106
EO2,0.02998529219202414,0.03184247966301196,0.4686690186845355,0.4695032094604284
OA2,0.3765176139630053,0.03556548293098574,0.4490126140255061,0.13890428908050292
OI2,0.16896680062614083,0.015201721241698546,0.5632437243394942,0.25258775379266646
OE2,0.2512004468405562,0.032208930035047614,0.47211396839158876,0.2444766547328074
OO2,0.1444096591506392,0.012521091128532637,0.5705598231515672,0.2725094265692611
AA3,0.2770103334677329,0,0.5520476113885511,0.17094205514371608
AI3,0.3352475116674304,0,0.5312445296045375,0.13350795872803214
AE3,0.18834651842223377,0.11516773661466465,0.366651658340043,0.32983408662305863
AO3,0.3546085398995337,0.025564020405983615,0.4768407925855289,0.14298664710895392
IA3,0.11869269848936967,0,0.5655061565081491,0.3158011450024812
II3,0.17667362484602517,0.03002054174517155,0.5118636416833657,0.28144219172543766
IE3,0.20895061496253858,0.12953835799326194,0.34879768940144995,0.31271333764274944
IO3,0.2061159654209639,0.05124728581009773,0.476878564177233,0.26575818459170525
EA3,0,0.08666702759011298,0.3199933069068457,0.5933396655030414
EI3,0,0.10192508540827484,0.3029949245534869,0.5950799900382383
EE3,0.1964066062827435,0.05867111340002303,0.44048593259921903,0.3044363477180143
EO3,0.06554695449916667,0.09929163064516097,0.37298692164329456,0.4621744932123778
OA3,0,0.01794182523155586,0.45885611030452383,0.5232020644639203
OI3,0.07188687749273577,0.04603433709378095,0.4811974244270894,0.4008813609863938
OE3,0.22782467971211123,0.10994156458675679,0.3683156716874389,0.29391808401369307
OO3,0.12032838135465908,0.06269513820497533,0.46814093598045803,0.3488355444599076
AA4,0.06053430880298884,0,0.5808392582682124,0.35862643292879876
AI4,0.13278955731309913,0.033952447285280914,0.5115670205695922,0.32169097483202785
AE4,0,0.3774559027130027,0,0.6225440972869972
AO4,0.14872665504531574,0.07111372546716915,0.45889193991388916,0.321267679573626
IA4,0.14186938218192763,0,0.5787958037690718,0.2793348140490004
II4,0.21120558464098754,0.01764805684481698,0.5216192350671025,0.24952712344709285
IE4,0.2766698021704659,0.07906808553626302,0.35813687212876216,0.28612524016450885
IO4,0.24864141428853348,0.031220394555226873,0.4845696169768504,0.23556857417938923
EA4,0,0.05967552531795281,0.35924909831075713,0.58107537637129
EI4,0,0.06797530490365264,0.3434505599055692,0.5885741351907781
EE4,0.25108120702441145,0.03999468109079668,0.43830986370160735,0.2706142481831845
EO4,0.08494161969133394,0.06677951695798791,0.4069467850327332,0.4413320783179451
OA4,0.15096898628679412,0.012777534211557993,0.5406402765687882,0.29561320293285953
OI4,0.22966595583958677,0.01774265595658799,0.5103581662726281,0.24223322193119717
OE4,0.3050860000801315,0.03851479318192273,0.423852550278851,0.23254665645909475
OO4,0.2818223318682249,0.02307272964209992,0.48212957775647025,0.21297536073320497
