AA1,0.4886663406668573,0,0.5113336593331427,0
AI1,0.4015858904222952,0,0.5143727402589318,0.08404136931877301
AE1,0.3760509356520949,0.035651763623978615,0.47185063649114317,0.11644666423278335
AO1,0.37484105128066864,0.02268459533530005,0.49239166839614784,0.11008268498788347
IA1,0.33392074436801084,0.07843386859844842,0.4051332520706661,0.18251213496287474
II1,0.2986379149654925,0.04968805782968781,0.4520992924158076,0.19957473478901216
IE1,0.38706026381290043,0.03927294810045395,0.46497553238955025,0.10869125569709527
IO1,0.33567459447663217,0.02552858699616144,0.4740141379900008,0.16478268053720552
EA1,0,0.3389281517399296,0,0.6610718482600705
EI1,0,0.06442389310137302,0.4830037569087986,0.4525723499898285
EE1,0.39195258635272995,0.014663718063070222,0.49671468595324564,0.09666900963095408
EO1,0.26552367354398326,0.013574981149866537,0.4874467220735838,0.2334546232325664
OA1,0.25870702518820665,0.11813991563409947,0.36195486518196013,0.26119819399573374
OI1,0.19874183436917436,0.05822104500066504,0.4544918041075406,0.28854531652262017
OE1,0.39452612780926083,0.02802427029132749,0.4811825675603669,0.09626703433904482
OO1,0.271047929518457,0.022471339376164565,0.4802969948267284,0.22618373627864993
AA2,0.3700320781163675,0.050884155082652975,0.4351261246319864,0.14395764216899304
AI2,0.2918921038042052,0.05147846858451213,0.4535509772367033,0.20307845037457942
AE2,0,0.30175528741179286,0,0.6982447125882071
AO2,0,0.11351377013354526,0.4543237200367015,0.4321625098297533
IA2,0.38000584782722235,0.04926735937146297,0.43543633703833623,0.1352904557629785
II2,0.3349712662254592,0.03108055641827744,0.484669542321152,0.14927863503511146
IE2,0.42720726827811945,0.02600679261510826,0.464993045783887,0.08179289332288539
IO2,0.3758805656706219,0.01738135356515269,0.48668317687901724,0.12005490388520816
EA2,0,0.30175528741179286,0,0.6982447125882071
EI2,0,0.04702927029074931,0.582195445078988,0.3707752846302627
EE2,0.4270568727899929,0.009807511930915573,0.49110641881618516,0.0720291964629065
EO2,0.30373016572179085,0.009692502127339624,0.5144554438971223,0.17212188825374738
OA2,0.37239345726431256,0.07593315946644702,0.3879485103657413,0.16372487290349907
OI2,0.29532252368699113,0.018543189177671202,0.5156945994684262,0.1704396876669114
OE2,0.4358960508455916,0.009204570402602006,0.48936164180706276,0.06553773694474381
OO2,0.37233013302109896,0.006736014503602505,0.49754184226155596,0.12339201021374252
AA3,0.41645640674943085,0,0.4914780783372745,0.09206551491329477
AI3,0.4316753586731053,0,0.48943698666180807,0.0788876546650867
AE3,0.3972674923754246,0.0520232793178111,0.44228424565925206,0.1084249826475121
AO3,0.41699751648714195,0.039340043912420256,0.45447627878632885,0.0891861608141089
IA3,0.3391041117877657,0,0.4740337741861754,0.1868621140260587
II3,0.3136773317950484,0.0791820257716814,0.41589195405817514,0.191248688375095
IE3,0.4074114234377624,0.058656662766607005,0.433100345159466,0.1008315686361646
IO3,0.3613157641363559,0.07691042956973004,0.4084316691275621,0.15334213716635203
EA3,0,0.07488098525975462,0.4756533783771461,0.44946563636309933
EI3,0,0.08564436061799167,0.4643135371331036,0.4500421022489048
EE3,0.4200455702516627,0.019258715452125423,0.4696811221494822,0.09101459214672969
EO3,0.34341366748247326,0.04367628930239223,0.43270395483012514,0.18020608838500934
OA3,0,0.05326126758155589,0.5046414652571005,0.4420972671613436
OI3,0.21502982698590942,0.08779423467893865,0.417216057069261,0.2799598812658909
OE3,0.41833732014614433,0.04130534818671281,0.45065328900013374,0.08970404266700906
OO3,0.32965570407751826,0.08037724403460425,0.40816678647620175,0.1818002654116757
AA4,0.22580380428143862,0,0.533959205731824,0.2402369899867375
AI4,0.2891709900263482,0.08164262205465632,0.4207668553941969,0.20841953252479858
AE4,0,0.38399426645343043,0,0.6160057335465695
AO4,0.2768849948152939,0.12608060693091125,0.3685221290716896,0.22851226918210515
IA4,0.36231677051215566,0,0.49011446936467373,0.14756876012317052
II4,0.3430271911734488,0.04946852843599211,0.45046817885383034,0.1570361015367287
IE4,0.43862144630268934,0.0391084638652144,0.43680476844907973,0.0854653213830166
IO4,0.39640082084242206,0.05003593451901901,0.4296804548376394,0.12388278980091955
EA4,0,0.05572940347806786,0.5462029521716533,0.3980676443502788
EI4,0,0.06198671218494523,0.5367525960535124,0.4012606917615423
EE4,0.44456309517994747,0.013232246415642433,0.4661989005260021,0.07600575787840806
EO4,0.37436396368885594,0.029158721815493397,0.4514714091309723,0.14500590536467844
OA4,0.28601321965651305,0.021132298510336454,0.4934677967149584,0.19938668511819213
OI4,0.3094707900152482,0.024881765738226036,0.4816454661224921,0.18400197812403368
OE4,0.45412582837913446,0.012382794407071521,0.4644643518801661,0.06902702533362799
OO4,0.4093232479606571,0.022276331712335777,0.45282021487838625,0.11558020544862085
