AA1,0.6047101071340745,0,0.39528989286592553,0
AI1,0.40526186488217797,0,0.571374086148512,0.023364048969310016
AE1,0.32813076077129144,0.09005212827710281,0.370288322099469,0.2115287888521367
AO1,0.23520388348030552,0.006420988565236329,0.6294562468185791,0.12891888113587893
IA1,0.521596491824471,0.003048536981693725,0.4335547257563614,0.04180024543747394
II1,0.33609442787893057,0.0008136042261843743,0.5898838740261604,0.07320809386872452
IE1,0.3343404743205668,0.09150319227826488,0.36667347206687734,0.20748286133429078
IO1,0.18385439077130727,0.007160774266295286,0.643268192215244,0.1657166427471535
EA1,0,0.34682069418598266,0,0.6531793058140173
EI1,0,0.04961525145412445,0.3046037536655707,0.6457809948803048
EE1,0.3666671053350676,0.026943824835614912,0.4938077443086592,0.11258132552065823
EO1,0.11813104134882169,0.026057059431354324,0.517383759225533,0.33842813999429106
OA1,0.27911825318287864,0.01801493777100433,0.4624887638808422,0.24037804516527478
OI1,0.16889278155548731,0.011512131425966084,0.5311644839130708,0.2884306031054758
OE1,0.37437523463801115,0.06392539384427796,0.4239585321281443,0.1377408393895665
OO1,0.09785806564298284,0.011422810100277372,0.5725329827128112,0.3181861415439287
AA2,0.49700243243179254,0.001710862632796918,0.4632938680717129,0.0379928368636977
AI2,0.2826712178241557,0.0023376370817986135,0.614165344858847,0.10082580023519865
AE2,0,0.295572785666668,0,0.704427214333332
AO2,0,0.017022769215154616,0.4959186480806055,0.48705858270423985
IA2,0.5089018851508238,0.0016808596353967648,0.4549158637958046,0.03450139141797466
II2,0.3286763188641957,0.0004759916777027884,0.6032908597592503,0.0675568296988511
IE2,0.3822025547295188,0.07913181424256004,0.35053547069563973,0.1881301603322813
IO2,0.19796786154121604,0.007563146037410302,0.6341129875290084,0.16035600489236526
EA2,0,0.295572785666668,0,0.704427214333332
EI2,0,0.04995770031338096,0.35559396732452025,0.5944483323620987
EE2,0.41317626010472475,0.02512106906823136,0.4587638822753464,0.10293878855169743
EO2,0.12398228990508192,0.026901181630706334,0.5258320459516832,0.32328448251252867
OA2,0.5423032391577927,0.011480068148718346,0.4040688824296746,0.04214781026381444
OI2,0.35147210052668393,0.001436856715120469,0.575408126965453,0.07168291579274269
OE2,0.44628428004503035,0.022796421854789143,0.4500428288625996,0.08087646923758099
OO2,0.2801189156628086,0.004461603070562153,0.6222969154633468,0.09312256580328238
AA3,0.4078199762438598,0,0.5581970021594473,0.03398302159669286
AI3,0.4541947228691489,0,0.524857868796051,0.020947408334800004
AE3,0.3202908997391977,0.13885518165674815,0.3384828237577665,0.20237109484628765
AO3,0.5138146816691815,0.012457107911510355,0.43965977199362233,0.03406843842568584
IA3,0.30776300210578456,0,0.6127509647536801,0.07948603314053544
II3,0.37611803286606166,0.01048579262486189,0.5448217108648609,0.06857446364421554
IE3,0.32488126140443574,0.14523073031542866,0.3323821627631502,0.19750584551698533
IO3,0.4430289183062486,0.03019648170186899,0.45480015293229514,0.0719744470595873
EA3,0,0.07048074170956523,0.2947752698102308,0.634743988480204
EI3,0,0.07262944524216976,0.29048305893519716,0.636887495822633
EE3,0.385082332110894,0.028084208020857798,0.47460013697925496,0.11223332288899318
EO3,0.2714903056991319,0.04564475516053887,0.4703960244531707,0.2124689146871587
OA3,0,0.002909681513966212,0.5060120803915977,0.4910782380944361
OI3,0.21308385957064008,0.026844299271221204,0.476539042842777,0.28353279831536166
OE3,0.3815962585086607,0.08896534699893438,0.3959144301650568,0.13352396432734825
OO3,0.3052533429887719,0.06388599856997632,0.4202465243983951,0.21061413404285675
AA4,0.21890399069183503,0,0.6539995394069448,0.12709646990122023
AI4,0.2929094556568864,0.004935300027937402,0.5938685855703368,0.10828665874483945
AE4,0,0.35077811043789214,0,0.6492218895621078
AO4,0.3584931502370548,0.03036359074767089,0.48206100094703064,0.12908225806824367
IA4,0.2977245174863719,0,0.6241411373804043,0.0781343451332237
II4,0.36435828972293155,0.0008739677978975773,0.566463901550507,0.06830384092866393
IE4,0.37228764636592554,0.09387662909086911,0.322327296818266,0.21150842772493933
IO4,0.4342227739149193,0.01722217222331376,0.47477503434710355,0.07378001951466334
EA4,0,0.04844476285968835,0.2902535302010926,0.661301706939219
EI4,0,0.04905735791726578,0.2863830455773408,0.6645595965053934
EE4,0.4207323748542522,0.026599785370644058,0.4383253522203316,0.11434248755477212
EO4,0.2632911642501817,0.04111458533337978,0.4700871999980396,0.22550705041839889
OA4,0.35609500644624636,0.001700356610082028,0.5480743810562193,0.09413025588745239
OI4,0.420015535111427,0.0016623215255765335,0.5073640833956665,0.07095805996732983
OE4,0.46296765407585966,0.023740311609561696,0.42474302101366634,0.08854901330091224
OO4,0.5034069608126868,0.007576498689384432,0.44786330026841886,0.041153240229509926
