AA1,0.46531139188365017,0,0.5346886081163499,0
AI1,0.24733139599768525,0,0.5837321856330542,0.16893641836926054
AE1,0.08567428906338878,0.39054278084889943,0.11899816584451998,0.4047847642431919
AO1,0.08783105742933119,0.26055616574397816,0.2426270185878789,0.4089857582388117
IA1,0.09849398953305247,0.33183369388816686,0.17001218404788296,0.39966013253089777
II1,0.06138099160125578,0.3022766957178997,0.19448865167209398,0.4418536610087504
IE1,0.08948542957052023,0.3974148388266117,0.1141658238271611,0.3989339077757069
IO1,0.06749420473567647,0.26047406431222236,0.22991236718593433,0.4421193637661669
EA1,0,0.5084444799596772,0,0.4915555200403228
EI1,0,0.3817105840795153,0.08044022990056585,0.5378491860199189
EE1,0.13338022471675723,0.31136515347936994,0.2013914364673997,0.3538631853364732
EO1,0.05192750561452625,0.26782282237808347,0.19240521127899363,0.48784446072839666
OA1,0.03916226074717423,0.42577815862247054,0.08106912785155185,0.4539904527788034
OI1,0.022454233568991892,0.35496761579334585,0.1243357854615956,0.4982423651760666
OE1,0.12184146644994003,0.34092695851628646,0.17136976071396628,0.36586181431980724
OO1,0.04549670541257803,0.2617873646241197,0.19881152129405477,0.4939044086692474
AA2,0.12601680705562557,0.2817331158658587,0.21659455612399284,0.3756555209545229
AI2,0.06639735009128436,0.2764921080763389,0.23323604519670466,0.42387449663567217
AE2,0,0.49594844126400683,0,0.504051558735993
AO2,0,0.3336434442236216,0.14770856513753153,0.518647990638847
IA2,0.15569082962081524,0.2696039084252708,0.22606555914198298,0.34863970281193096
II2,0.09809219526528504,0.24904638220847466,0.26253602556313727,0.39032539696310314
IE2,0.1484300202807604,0.3421514169614504,0.15796667233444026,0.35145189042334884
IO2,0.10728843110538322,0.22088935518133437,0.28968420966881947,0.3821380040444629
EA2,0,0.49594844126400683,0,0.504051558735993
EI2,0,0.3648886710316289,0.11995492064050148,0.5151564083278697
EE2,0.2061268716947549,0.25068656831074354,0.2518587983983753,0.2913277615961261
EO2,0.07915488973670198,0.23788160015621576,0.26752901810203095,0.41543449200505134
OA2,0.08160136083629062,0.4143687328246117,0.0795814399197798,0.424448466419318
OI2,0.05599300973878714,0.31004638931506406,0.19174944562643806,0.4422111553197107
OE2,0.21796792044918345,0.24224180950018198,0.2595880614379973,0.2802022086126372
OO2,0.11915025861919314,0.2151748064665612,0.2972115184080691,0.3684634165061767
AA3,0.24796960405574042,0,0.5543404409669671,0.19768995497729253
AI3,0.2858341653818188,0,0.5520665409842067,0.1620992936339744
AE3,0.08581111797242828,0.4060688094570114,0.11097900908319108,0.39714106348736916
AO3,0.1443326962678182,0.3407589929444851,0.17313731801450066,0.3417709927731961
IA3,0.10959442863646418,0,0.4927231105935612,0.3976824607699746
II3,0.0732336025599205,0.3339522740119754,0.18084011137970848,0.41197401204839557
IE3,0.09042163712227941,0.41345551216675575,0.10603934668442447,0.3900835040265404
IO3,0.10116730215135522,0.3723292521459097,0.14171926339123814,0.38478418231149697
EA3,0,0.3868501073466616,0.07568770063612118,0.5374621920172171
EI3,0,0.39225243667336046,0.07209739197746606,0.5356501713491736
EE3,0.15380872457049974,0.3151555207141807,0.18412981624251726,0.34690593847280227
EO3,0.07546362607909919,0.37499765284804953,0.11805834580784241,0.4314803752650089
OA3,0,0.3279830727990739,0.13028639928240332,0.5417305279185228
OI3,0.035811276237777044,0.36591270970619516,0.1168417038978553,0.4814343101581724
OE3,0.135351184026602,0.34774482039472804,0.158949022963784,0.3579549726148859
OO3,0.07823160690449779,0.3850153503033797,0.12027382841305236,0.4164792143790702
AA4,0.05997885964970473,0,0.49338551316580825,0.446635627184487
AI4,0.06519631456292699,0.32310051518787336,0.19397196926144297,0.4177312009877568
AE4,0,0.5287183526260886,0,0.4712816473739114
AO4,0.06683925160836583,0.4000601649048041,0.11604365560024855,0.41705692788658144
IA4,0.1511120201964009,0,0.5257936718522127,0.32309430795138633
II4,0.09805517037075152,0.2907371706094952,0.21805844811208436,0.39314921090766886
IE4,0.1365154776733077,0.3790775765440713,0.12654894493415686,0.3578580008484641
IO4,0.13408734777697115,0.3400344708915427,0.16520746762406535,0.36067071370742076
EA4,0,0.3840759383814779,0.09485894090019116,0.521065120718331
EI4,0,0.3884095505503539,0.09039006971401041,0.5212003797356358
EE4,0.20443964847878227,0.28298073766759674,0.2034788384997802,0.3091007753538409
EO4,0.09852504330332866,0.3561474470270946,0.1415574838649715,0.40377002580460525
OA4,0.04241524400115409,0.32600072436025723,0.1634908319946582,0.4680931996439305
OI4,0.06567615559231467,0.33217774051643106,0.15396480315958805,0.4481813007316661
OE4,0.2180271049872967,0.27428460632839563,0.209233935864374,0.29845435281993365
OO4,0.14720966947044295,0.327484062946667,0.16737194909316153,0.3579343184897287
