AA1,0.455840112351439,0,0.5441598876485609,0
AI1,0.21942418063856725,0,0.6688599256118513,0.11171589374958145
AE1,0.08599557702476042,0.3802596206290446,0.1374695099875565,0.39627529235863845
AO1,0.09375724410884707,0.1932659085413298,0.309401581924849,0.4035752654249742
IA1,0.09263828928977774,0.30355476505863044,0.20789969148561396,0.3959072541659778
II1,0.051585191744084,0.245432320010897,0.2524681791454409,0.45051430909957807
IE1,0.09104616052252812,0.39126651628181436,0.13076645997051314,0.3869208632251444
IO1,0.04614200182969333,0.19728759261467818,0.2796567046914799,0.4769137008641485
EA1,0,0.5348160409384565,0,0.46518395906154353
EI1,0,0.3547189386926278,0.058719225464966246,0.586561835842406
EE1,0.12303440667207052,0.3038485179922967,0.21550324984813218,0.3576138254875006
EO1,0.027612771517647114,0.24735065081897228,0.1925438080516906,0.53249276961169
OA1,0.039560603133154966,0.41961293991063486,0.07962375650102958,0.4612027004551806
OI1,0.02512591918606532,0.3055994273158365,0.12486923163241104,0.5444054218656871
OE1,0.10996081668376358,0.34502529099170287,0.17534682513967928,0.3696670671848542
OO1,0.027315531854501328,0.2271279419611738,0.2025637550371554,0.5429927711471695
AA2,0.1303904957184347,0.2335289846339493,0.2694364736515676,0.36664404599604844
AI2,0.045178130419738914,0.2337264837709197,0.2908408229239848,0.43025456288535646
AE2,0,0.5171625883132874,0,0.48283741168671246
AO2,0,0.2670680173176347,0.15311534672986263,0.5798166359525029
IA2,0.19252463729345767,0.21729152182560724,0.2775463177161081,0.312637523164827
II2,0.09381101877743656,0.18645442040098476,0.3529320085900401,0.36680255223153857
IE2,0.17724639254723853,0.3190522086133104,0.17846289778920515,0.3252385010502459
IO2,0.0793881659899729,0.16234219578779602,0.36385750664611527,0.39441213157611577
EA2,0,0.5171625883132874,0,0.48283741168671246
EI2,0,0.3424441078713673,0.1015000495830441,0.5560558425455886
EE2,0.22892098926996232,0.22786574805080992,0.2724055482964731,0.27080771438275464
EO2,0.045561177004520094,0.2196425020901907,0.2940425334873451,0.4407537874179441
OA2,0.10667726241764534,0.3986693797652672,0.0952869051592836,0.3993664526578037
OI2,0.06074375441491838,0.26066538054841953,0.2225158513495686,0.4560750136870935
OE2,0.24563291236787008,0.22041314619020752,0.27771130751676,0.25624263392516244
OO2,0.07288398973970411,0.1798230127765709,0.35768180713811626,0.3896111903456088
AA3,0.24406295388071045,0,0.611446738248217,0.14449030787107253
AI3,0.3159152306189725,0,0.5812315762017458,0.10285319317928181
AE3,0.08532428706073997,0.413287087839585,0.12639020678276333,0.3749984183169116
AO3,0.19178912419020586,0.2807912340958517,0.24760879870856112,0.27981084300538145
IA3,0.07749008773936238,0,0.5648054485714212,0.3577044636892164
II3,0.07440353884900935,0.29976499771194953,0.22544552522049469,0.40038593821854657
IE3,0.09109337604568678,0.43021376221105867,0.11842816017311021,0.3602647015701444
IO3,0.09132246848887694,0.35703368541154934,0.16603681451290073,0.38560703158667303
EA3,0,0.3669356021056157,0.057592834309001306,0.5754715635853831
EI3,0,0.3807392164057956,0.05194599733933946,0.5673147862548649
EE3,0.14251084480964393,0.3077829356863168,0.19871630903632093,0.35098991046771816
EO3,0.03661131493257563,0.39613528826334465,0.0960846479879119,0.47116874881616777
OA3,0,0.2622562756140008,0.11993470902224825,0.6178090153637511
OI3,0.03822760026760088,0.3316390869943758,0.11537270014304196,0.5147606125949815
OE3,0.12259391117386628,0.35957897568678887,0.16184495740795246,0.3559821557313923
OO3,0.055842447906398175,0.3774885047577086,0.11803662487855106,0.44863242245734203
AA4,0.026028671924670725,0,0.573616113183721,0.4003552148916083
AI4,0.05654084612330606,0.2975411885353613,0.22470501365185278,0.4212129516894798
AE4,0,0.5645536260962534,0,0.43544637390374663
AO4,0.0552779937479298,0.3898275771149667,0.13506072119819693,0.4198337079389067
IA4,0.12413790138978668,0,0.6038206400777095,0.27204145853250367
II4,0.12299096544742452,0.23389610286437285,0.27213838918284605,0.37097454250535644
IE4,0.16614466152460755,0.36096417685302395,0.14478650567240015,0.32810465594996835
IO4,0.1465692309247512,0.3022095498331952,0.19395969642746513,0.35726152281458845
EA4,0,0.3493000951025112,0.07675872214336031,0.5739411827541285
EI4,0,0.3576190130287281,0.06975245615941132,0.5726285308118605
EE4,0.23235948960328257,0.25833894524777395,0.21591659808772815,0.29338496706121525
EO4,0.056374765314180064,0.36969235624644237,0.12195873471785841,0.45197414372151923
OA4,0.04458745790976641,0.26157023977614496,0.18818344977080997,0.5056588525432787
OI4,0.08853783169793152,0.2781764130096994,0.1669682626575088,0.4663174926348602
OE4,0.2522080705194204,0.25036477403839275,0.21827335137235365,0.2791538040698332
OO4,0.1436350263299203,0.3055630421462117,0.17403575367939556,0.3767661778444725
