AA1,0.5957420310075716,0,0.4042579689924284,0
AI1,0.46511423827631804,0,0.5241539108788866,0.01073185084479542
AE1,0.41567297504692996,0.050156398687437424,0.3953055069798195,0.13886511928581324
AO1,0.3055081260523604,0.0013951647480756728,0.5985520365927249,0.094544672606839
IA1,0.5189286895623351,0.003084174473215895,0.45274506444568774,0.025242071518761396
II1,0.40433584654993493,0.0015991320401343607,0.5551398524969022,0.038925168913028454
IE1,0.4221141406097699,0.050588852105888496,0.39074785551199914,0.1365491517723425
IO1,0.2612000834924746,0.0016199181160044868,0.623505022737958,0.113674975653563
EA1,0,0.4081973758241507,0,0.5918026241758493
EI1,0,0.04596243607513212,0.36525318465282564,0.5887843792720422
EE1,0.45551598815152283,0.011803673451284804,0.4851883219850201,0.047492016412172204
EO1,0.14728524398298878,0.013346711267690778,0.5761197458514313,0.2632482988978891
OA1,0.2917528412028957,0.027626525012296146,0.4718486762672122,0.20877195751759597
OI1,0.2249524225006406,0.015493206596840906,0.5182437785207065,0.24131059238181204
OE1,0.4678693208331905,0.024906672008282962,0.43665550935179476,0.07056849780673183
OO1,0.12627489440868261,0.0026929060289778884,0.5907846703665376,0.2802475291958018
AA2,0.4928041636267214,0.0016676039254078618,0.4813948425322104,0.02413338991566039
AI2,0.3599669458245434,0.001973659421663157,0.5824811233906635,0.055578271363129886
AE2,0,0.32861501702902374,0,0.6713849829709764
AO2,0,0.021740939513930524,0.5005785552636614,0.4776805052224081
IA2,0.5010526037729361,0.0016198087812436986,0.474979062398356,0.022348525047463996
II2,0.39335140343390346,0.0008586647709664893,0.5696700585716596,0.03611987322347031
IE2,0.4604322510402578,0.03999070967257201,0.37537791277713706,0.12419912651003304
IO2,0.2767082152205676,0.0014423947434512754,0.6125100750709596,0.10933931496502157
EA2,0,0.32861501702902374,0,0.6713849829709764
EI2,0,0.040402502835692675,0.4124872830293369,0.5471102141349704
EE2,0.4884895972404323,0.010414499238131272,0.4561749642894929,0.044920939231943464
EO2,0.15299478689959295,0.012596275663181462,0.579951968156954,0.2544569692802715
OA2,0.5486733130056556,0.007521235997132513,0.4166188536186355,0.027186597378576424
OI2,0.4232906852411976,0.0008081894972996528,0.5402882881881165,0.035612837073386236
OE2,0.5037421001012776,0.009477391302677145,0.44931292043702636,0.03746758815901884
OO2,0.3683019386524686,0.002037781391790517,0.5764167874482055,0.05324349250753533
AA3,0.45032052347345225,0,0.5341834457917635,0.01549603073478443
AI3,0.47883830284483436,0,0.5102299970886419,0.010931700066523801
AE3,0.39237171383405456,0.09116574267676304,0.3701302523625234,0.14633229112665908
AO3,0.539991884765995,0.003903252927267646,0.44075199920685093,0.015352863099886626
IA3,0.35294223673609343,0,0.5933736881279521,0.053684075135954454
II3,0.41400375057730854,0.005294568384466463,0.5394184861400694,0.041283194898155684
IE3,0.39662232853012896,0.09624400190491805,0.3636538692265921,0.1434798003383609
IO3,0.48855660480997326,0.022657021091870688,0.4494368008171545,0.039349573281001596
EA3,0,0.06385087470501613,0.3474850109294184,0.5886641143655654
EI3,0,0.06609210182471448,0.3435977778293089,0.5903101203459766
EE3,0.4618627447364549,0.012398702595613058,0.4734761119114426,0.05226244075648951
EO3,0.3671678523321081,0.02369880221643927,0.5028840326049432,0.10624931284650946
OA3,0,0.002610647358047331,0.5569763315642389,0.4404130210777138
OI3,0.24502395648401915,0.037579202008778,0.46784513332687355,0.24955170818032926
OE3,0.4665931641128074,0.03521939776494042,0.4211983306126159,0.07698910750963629
OO3,0.3342139913568426,0.13868460021354745,0.37732356135279715,0.14977784707681274
AA4,0.2744767336739673,0,0.634210195842711,0.09131307048332175
AI4,0.3503391754805981,0.003884562791440604,0.5793519697703274,0.06642429195763391
AE4,0,0.3927304388187882,0,0.6072695611812118
AO4,0.433561450592195,0.02213308013668964,0.47343020660154833,0.070875262669567
IA4,0.3332445072619086,0,0.6126799599232499,0.05407553281484141
II4,0.3952451804536508,0.001705531839915543,0.5607261281825875,0.04232315952384604
IE4,0.4355113164628512,0.053751311611046196,0.3548976160969389,0.15583975582916373
IO4,0.4803741043339729,0.00743304786647285,0.47197441960515685,0.04021842819439744
EA4,0,0.03990377576501517,0.3295961775755563,0.6305000466594285
EI4,0,0.04028590928310326,0.3263469236642417,0.6333671670526551
EE4,0.48331229006659915,0.011222677691004499,0.44936914436062886,0.05609588788176747
EO4,0.35417784546337744,0.02083103315031606,0.5075433811313154,0.11744774025499126
OA4,0.4052655535732908,0.0006561803780000944,0.5405690436109817,0.05350922243772725
OI4,0.4504545788346255,0.0008623140303229669,0.5080310341589189,0.04065207297613283
OE4,0.5036741744137011,0.010113632314904466,0.43949664474927713,0.04671554852211724
OO4,0.5395524632525655,0.0016154036831148631,0.4464851580099488,0.012346975054370983
