AA1,0.4782955118593769,0,0.5217044881406231,0
AI1,0.11011352656281209,0,0.7915543304337208,0.09833214300346711
AE1,0.08896206270808679,0.22199309563624126,0.23551058140156478,0.4535342602541072
AO1,0.08051944747655013,0.023229382935424054,0.5311236695138692,0.36512750007415645
IA1,0.1620531587097842,0.11404282870640259,0.36082078174389404,0.3630832308399192
II1,0.05127254729609745,0.0374039348191397,0.4541868054506281,0.45713671243413473
IE1,0.10137020343760259,0.27682515616530373,0.21156703725657375,0.4102376031405198
IO1,0.037734843745926484,0.03989504921191031,0.432711251988404,0.4896588550537593
EA1,0,0.6047340820169085,0,0.3952659179830916
EI1,0,0.20362758972998263,0.11706746456905633,0.6793049457009611
EE1,0.11303360074976815,0.14180068515111055,0.36127784127217494,0.38388787282694636
EO1,0.02040865103005447,0.10039481275886589,0.28031851555564913,0.5988780206554305
OA1,0.06279008320288856,0.27188275790870836,0.1712813168064298,0.4940458420819732
OI1,0.022985112079576268,0.09561786754269205,0.2749918693098536,0.6064051510678781
OE1,0.12039030774072576,0.21900722183271382,0.2671850721936398,0.3934173982329207
OO1,0.02248421309008458,0.06310666640998186,0.33196827344703067,0.5824408470529029
AA2,0.18090984767169446,0.06610975847259218,0.43178344146907327,0.32119695238664003
AI2,0.037860938518698324,0.062935180082636,0.4345911126534192,0.46461276874524643
AE2,0,0.5569020565742933,0,0.44309794342570663
AO2,0,0.12216630133852188,0.2261204016068132,0.6517132970546649
IA2,0.2736104143171939,0.059238269822645594,0.42504994059993384,0.24210137526022668
II2,0.07644951072764952,0.020628277745912162,0.5904529485499539,0.31246926297648453
IE2,0.27852174527034657,0.16594363135394447,0.258377278428206,0.29715734494750295
IO2,0.05754442492802386,0.023090282166812047,0.5748846690433607,0.34448062386180345
EA2,0,0.5569020565742933,0,0.44309794342570663
EI2,0,0.1693595242964361,0.18402026711861671,0.6466202085849472
EE2,0.27926363581863917,0.07627577450045187,0.39897986935947327,0.24548072032143572
EO2,0.030042187560486825,0.07091577578608456,0.4103865286163781,0.48865550803705043
OA2,0.2183063704696356,0.2205134115202094,0.22106838093496792,0.34011183707518705
OI2,0.06361248634183278,0.05095980552906444,0.48488811898899115,0.4005395891401115
OE2,0.3434722974335309,0.06930882670722602,0.3822465578863413,0.20497231797290166
OO2,0.07299089451957697,0.02605550132230983,0.5704649056788946,0.33048869847921847
AA3,0.19096084723516565,0,0.6788272042286518,0.13021194853618256
AI3,0.28674938115678683,0,0.6284163124024854,0.08483430644072781
AE3,0.11842563031580286,0.3267859240800957,0.18327722092228993,0.3715112246818115
AO3,0.2920185820036749,0.07441055084194138,0.40342718748751005,0.2301436796668736
IA3,0.03857797833741806,0,0.6549231227659414,0.3064988988966405
II3,0.09375522121665833,0.08562545504966369,0.3992652740955886,0.4213540496380894
IE3,0.1396329762202632,0.39143038403623287,0.15456409288525869,0.3143725468582453
IO3,0.12352293230621722,0.16631164874421261,0.3060858462713871,0.4040795726781832
EA3,0,0.26488764469481185,0.11412693331474554,0.6209854219904425
EI3,0,0.3149021020893235,0.09577541502050357,0.5893224828901727
EE3,0.18342858183455824,0.1973125630925565,0.28945619608745005,0.32980265898543515
EO3,0.037742122385264316,0.3260122180958097,0.15442848891508404,0.48181717060384194
OA3,0,0.07354250351188586,0.2588723180242451,0.6675851784638691
OI3,0.04312790868025488,0.16914667930247904,0.23871836500514243,0.5490070470121237
OE3,0.1827743886643289,0.3066391755948779,0.20003421683141975,0.3105522189093735
OO3,0.07276876164637125,0.2302652205659325,0.22316696905954392,0.47379904872815237
AA4,0.009449026379123936,0,0.6665193290192785,0.3240316446015976
AI4,0.058252280966732975,0.10568721494993602,0.34204870863759645,0.4940117954457345
AE4,0,0.6523780532315244,0,0.34762194676847546
AO4,0.05225137198356181,0.21779524269134387,0.21489537141529447,0.5150580139097998
IA4,0.0531910403753952,0,0.715268114179026,0.23154084544557862
II4,0.13773052021721974,0.03583562252172904,0.4639016064511857,0.3625322508098655
IE4,0.30931159177519946,0.22612303868494277,0.18236864704403766,0.2821967224958201
IO4,0.19627616199690645,0.08693066896028985,0.35853612052406847,0.3582570485187352
EA4,0,0.19317899607206498,0.15520494183223946,0.6516160620956954
EI4,0,0.2290918009850143,0.13317922112982572,0.63772897788516
EE4,0.34334165042206,0.10982104366173623,0.29190182515777874,0.2549354807584251
EO4,0.05991056854569983,0.23616170165418066,0.20601917608770867,0.49790855371241083
OA4,0.05566184878611797,0.04613579521728945,0.4162824105376053,0.4819199454589873
OI4,0.11907535725378518,0.07767277004864069,0.37514919016552173,0.4281026825320524
OE4,0.4209798732679153,0.09762052031337742,0.2724877292334508,0.2089118771852566
OO4,0.21297576333061274,0.09905271673214631,0.34588007613189514,0.3420914438053458
