AA1,0.5563816238351822,0,0.44361837616481786,0
AI1,0.38162062469704805,0,0.5245552172863468,0.09382415801660503
AE1,0.28548486098985804,0.03999546009640184,0.40337553421641986,0.27114414469732023
AO1,0.23574969760048897,0.005774307082517514,0.5715916303816455,0.18688436493534805
IA1,0.4540481295111921,0.00242745246126687,0.4689907813427527,0.07453363668478857
II1,0.31646323672237175,0.000989796066271046,0.5320563307805856,0.1504906364307715
IE1,0.29280027939971986,0.04189192469229087,0.3988810818497391,0.26642671405824997
IO1,0.1889486453935948,0.006573667851593889,0.5720693329930965,0.2324083537617148
EA1,0,0.24183751847712495,0,0.758162481522875
EI1,0,0.033139941264667176,0.41972546789888276,0.5471345908364501
EE1,0.2957661889697551,0.01406932436812659,0.4743796118621654,0.21578487479995295
EO1,0.09953688435420947,0.014491173879457359,0.4970473346670791,0.388924607099254
OA1,0.2410514904680505,0.012284057296715752,0.5305141774191013,0.2161502748161324
OI1,0.1517458171752701,0.004748713906943793,0.5674194445846449,0.2760860243331413
OE1,0.30443434876012826,0.03701382793729568,0.4258472709853941,0.2327045523171819
OO1,0.08542635312292772,0.00869318151472936,0.5723603983056272,0.3335200670567157
AA2,0.43076997625706853,0.0015761298918767637,0.4968702392603365,0.07078365459071796
AI2,0.27410456156688623,0.0018188628037973955,0.5484705271930381,0.1756060484362782
AE2,0,0.19993657544159962,0,0.8000634245584004
AO2,0,0.022335497894638047,0.5643930489267445,0.41327145317861746
IA2,0.4383264287578561,0.0015669828090439796,0.4939872975575872,0.06611929087551283
II2,0.30689943938568554,0.000730892110722306,0.550717388941054,0.14165227956253829
IE2,0.32773563284203505,0.0357969200965283,0.3931568726987126,0.24331057436272407
IO2,0.19903101620880667,0.005297379093885572,0.5779976461476625,0.21767395854964527
EA2,0,0.19993657544159962,0,0.8000634245584004
EI2,0,0.02945538807891823,0.4554464644461641,0.5150981474749177
EE2,0.3210579442774899,0.012672980927846822,0.46693673094317206,0.19933234385149126
EO2,0.10679241701039406,0.013709555398084218,0.5138422579903485,0.3656557696011732
OA2,0.4546910420436561,0.0028685975993046754,0.47964677303644454,0.06279358732059476
OI2,0.31914492714769827,0.0010024880769903277,0.5452477558318923,0.134604828943419
OE2,0.34311276824342174,0.012321194738922174,0.4657626463973135,0.1788033906203425
OO2,0.25894683760292025,0.00232433138021109,0.5651348847444936,0.17359394627237512
AA3,0.3767828548036693,0,0.5202534904351892,0.10296365476114147
AI3,0.4093618345572379,0,0.5052145040251589,0.08542366141760326
AE3,0.29702113003432157,0.06435951790001401,0.38172109061577003,0.2568982614498943
AO3,0.42514775928732784,0.008720939926965059,0.477405280864078,0.08872601992162907
IA3,0.29709144960891787,0,0.5359268094178203,0.1669817409732618
II3,0.34204557587671836,0.0039112012409250494,0.5110033527276774,0.14303987015467923
IE3,0.30447571842273713,0.06992863767957695,0.374723513818755,0.25087213007893083
IO3,0.35969228039062034,0.01403680195427471,0.48517763021916804,0.141093287435937
EA3,0,0.0393290659811186,0.41614805783359876,0.5445228761852827
EI3,0,0.04166427732465624,0.41091957135995577,0.547416151315388
EE3,0.3114804104715312,0.016873808827589275,0.46307291989926863,0.20857286080161075
EO3,0.2194666156916026,0.025976841498940646,0.4446424399263236,0.3099141028831332
OA3,0,0.004103041863094004,0.5739011043779946,0.4219958537589114
OI3,0.1877801465758397,0.012485322911887873,0.5313388083509258,0.26839572216134655
OE3,0.3184649116767674,0.06176857941549464,0.40173922430431225,0.21802728460342571
OO3,0.22293045537576833,0.02475527422070162,0.5071758469627174,0.24513842344081246
AA4,0.22676432294215504,0,0.5646385256595202,0.2085971513983247
AI4,0.28393094751962367,0.0030948588847063275,0.5369311766203534,0.17604301697531669
AE4,0,0.26754542475893756,0,0.7324545752410625
AO4,0.2963277520967788,0.023144840328836326,0.4981507495497064,0.1823766580246785
IA4,0.2827949706955568,0,0.5548697589759914,0.16233527032845174
II4,0.3275536651898553,0.0010013272580321263,0.5322260795438786,0.13921892800823404
IE4,0.32922818707226575,0.04787321511355057,0.37645212322387145,0.24644647459031216
IO4,0.3478663630336809,0.007277686103270296,0.5070243716070042,0.13783157925604447
EA4,0,0.03090381687818492,0.42789277431396194,0.5412034088078532
EI4,0,0.03191689497786683,0.423128394396485,0.5449547106256482
EE4,0.32600256898665514,0.014522123646006422,0.4570919567655378,0.2023833506018007
EO4,0.2132967783771318,0.021736581424082878,0.45984695916760815,0.3051196810311771
OA4,0.297135868098296,0.0009046729249495373,0.5421074280503548,0.15985203092639955
OI4,0.3475173892484816,0.0009761562057948244,0.5201770760198734,0.1313293785258503
OE4,0.355104375649946,0.013932436267636213,0.45129247192813476,0.17967071615428296
OO4,0.37354522376875876,0.0029138628349234435,0.5016830213542925,0.1218578920420251
