AA1,0.4822845657503213,0,0.5177154342496788,0
AI1,0.1781775526121232,0,0.596253569959838,0.22556887742803886
AE1,0.06790052091567245,0.39396742533009194,0.11166317905279186,0.42646887470144373
AO1,0.06987525356347705,0.25415930950167404,0.2422177694003602,0.4337476675344887
IA1,0.15113778923428503,0.2874580899188957,0.2223665381923081,0.33903758265451117
II1,0.07618593379678948,0.21549321037080832,0.279280418931974,0.42904043690042826
IE1,0.07294923656667371,0.40216567490778615,0.10585172674262172,0.41903336178291845
IO1,0.05976496895923641,0.26245807297796,0.22742530301324276,0.45035165504956093
EA1,0,0.5224184412810303,0,0.47758155871896973
EI1,0,0.22695401905802925,0.20136877777075304,0.5716772031712177
EE1,0.15495231303699017,0.18599195780465771,0.3334514184049266,0.3256043107534255
EO1,0.07020120000690062,0.16388513621717804,0.31872102381967726,0.44719263995624403
OA1,0.0521279318249712,0.4036723613860333,0.09246869014706746,0.45173101664192805
OI1,0.02995943801364658,0.2595101938513363,0.1880430135790253,0.5224873545559918
OE1,0.12675011903342728,0.29676494180072976,0.21959530990261414,0.3568896292632289
OO1,0.05484833525087453,0.22436192324783488,0.24532498444759385,0.4754647570536968
AA2,0.1709868991091285,0.24774556023012115,0.24835552768612187,0.33291201297462847
AI2,0.06447242883276047,0.22071522662712065,0.28208365755921305,0.4327286869809058
AE2,0,0.5057023878225214,0,0.4942976121774787
AO2,0,0.34131428625288385,0.1223172760631276,0.5363684376839887
IA2,0.20263811608899654,0.23347819064781047,0.26041964769415143,0.30346404556904155
II2,0.10090128733778751,0.17798537207584075,0.33388109448759135,0.3872322460987803
IE2,0.12172146163358757,0.36091064810282303,0.1369256423905491,0.3804422478730403
IO2,0.0956214372833633,0.23154938273643066,0.26795693250101427,0.40487224747919176
EA2,0,0.5057023878225214,0,0.4942976121774787
EI2,0,0.2123534446672872,0.25567419244139206,0.5319723628913208
EE2,0.230022816459357,0.14864710038727103,0.3567394852956783,0.2645905978576937
EO2,0.09783365205687757,0.14408007007055387,0.375328531889731,0.38275774598283746
OA2,0.11326214152648226,0.37736430817496147,0.11366655466800234,0.3957069956305539
OI2,0.0613733815671342,0.14727194794170825,0.3652096248973027,0.42614504559385485
OE2,0.25813579999081476,0.1414162217940462,0.36055188499597823,0.23989609321916058
OO2,0.1565223743934718,0.11870643212903217,0.4057549287650673,0.3190162647124288
AA3,0.1840934539800038,0,0.5411713209542691,0.2747352250657272
AI3,0.252843494171485,0,0.5312115070820693,0.2159449987464456
AE3,0.07241247338926063,0.44991510190613504,0.09229797826693735,0.385374446437667
AO3,0.11419844483493334,0.38736302449714766,0.14155750122023883,0.3568810294476802
IA3,0.11650439051821478,0,0.5343132409335962,0.34918236854818907
II3,0.1007602866884104,0.2910724863259825,0.23595748629439822,0.3722097406912088
IE3,0.07855071982187128,0.45852718576363005,0.08692712847342143,0.37599496594107723
IO3,0.11118432647027676,0.3949404539182979,0.1373883246718066,0.3564868949396186
EA3,0,0.25193694301995245,0.17569579578240543,0.572367261197642
EI3,0,0.25613638453249293,0.172135942842555,0.5717276726249519
EE3,0.2093946877713729,0.1951292830349776,0.284098477675168,0.3113775515184816
EO3,0.15359671102901482,0.22359722533045973,0.25485347872963915,0.3679525849108864
OA3,0,0.18995262783146535,0.22718595592346233,0.5828614162450724
OI3,0.046609759662176155,0.3105141578666079,0.16047885160098954,0.4823972308702263
OE3,0.15787027660479933,0.3271602925745163,0.18583706094157623,0.3291323698791081
OO3,0.10560181174104993,0.3622842558227703,0.14947489511564552,0.3826390373205342
AA4,0.04589487811781393,0,0.534962678890467,0.41914244299171904
AI4,0.07099957373185796,0.3026474408344854,0.22095050330635846,0.40540248212729824
AE4,0,0.5764022246220372,0,0.4235977753779627
AO4,0.047067256154393715,0.47515872401265613,0.07667003689025817,0.40110398294269206
IA4,0.13811770156321754,0,0.5442850863593924,0.31759721207739017
II4,0.11725848595496112,0.2452356612219857,0.26236985677509783,0.3751359960479554
IE4,0.10556520034111644,0.43563336932257385,0.09554201268624762,0.3632594176500621
IO4,0.1311532509063761,0.36959668177392346,0.14753457217460939,0.3517154951450911
EA4,0,0.24413670910026594,0.19227795167576633,0.5635853392239677
EI4,0,0.2473310509697624,0.18851689945948846,0.5641520495707492
EE4,0.23814748178271056,0.18254120935131343,0.2858157646393462,0.2934955442266297
EO4,0.17251807229147464,0.2116739121787098,0.2637744357536459,0.3520335797761697
OA4,0.05410052774681344,0.16965366292101525,0.2923030236846133,0.483942785647558
OI4,0.09316790093413194,0.17307411172580442,0.28321344051248876,0.45054454682757483
OE4,0.27020614422222844,0.1735132040559132,0.2891019736549418,0.2671786780669165
OO4,0.24595404465066878,0.1802262966997962,0.2853241870331801,0.2884954716163549
