AA1,0.4143015267790623,0,0.5856984732209378,0
AI1,0.07646383830124891,0,0.79907766584561,0.12445849585314099
AE1,0.08242711132388669,0.1792107845509816,0.19234944209865842,0.5460126620264732
AO1,0.07733375869246463,0.00962479511580171,0.46961043347456116,0.44343101271717256
IA1,0.17804539142528084,0.06514982126102603,0.4627611148267855,0.2940436724869076
II1,0.045787960997586544,0.008627713559056734,0.5010998814394522,0.4444844440039046
IE1,0.09701983680902065,0.24629928611384116,0.1720031034543554,0.4846777736227828
IO1,0.03410072623745722,0.0203118358861105,0.3973839407476798,0.5482034971287524
EA1,0,0.6658776295443525,0,0.3341223704556475
EI1,0,0.07432180441859551,0.12293329945691943,0.8027448961244851
EE1,0.10950284877644367,0.05134227364879692,0.3678842390376694,0.47127063853709006
EO1,0.013065938725355074,0.03858086629662766,0.28887563403617034,0.6594775609418468
OA1,0.07443843879273325,0.18780704146213537,0.20871176888241544,0.5290427508627159
OI1,0.021832843829575104,0.025751039751697173,0.295730466374122,0.6566856500446057
OE1,0.1238871469510018,0.15317703630192187,0.24160972027073235,0.481326096476344
OO1,0.014806977037382553,0.02727234625971249,0.3138261341566522,0.6440945425462526
AA2,0.25608226290094,0.027393396643637418,0.4873348328209757,0.22918950763444684
AI2,0.0300782668124413,0.021667717732820394,0.46545068164092424,0.48280333381381413
AE2,0,0.5868183783563264,0,0.41318162164367356
AO2,0,0.08574182406944139,0.16138116515471387,0.7528770107758447
IA2,0.3933216743448045,0.022474295096782795,0.4332864719924207,0.15091755856599195
II2,0.05339096494537674,0.00380869222922718,0.6567450020350234,0.2860553407903726
IE2,0.23195861759845904,0.14082432772884315,0.22136479231788964,0.4058522623548081
IO2,0.05379898859141669,0.010291014699238578,0.5317056077950078,0.40420438891433697
EA2,0,0.5868183783563264,0,0.41318162164367356
EI2,0,0.05490219549713711,0.21585461932723934,0.7292431851756236
EE2,0.20712062239514953,0.026543672980126453,0.44689024925657717,0.3194454553681469
EO2,0.018658940568492294,0.024397195123830307,0.4314421320185079,0.5255017322891695
OA2,0.34647661607889374,0.11927904788827463,0.2549506571797262,0.2792936788531054
OI2,0.04575436112220511,0.0063619512192466775,0.6110032955436805,0.33688039211486764
OE2,0.2684927984748826,0.025147539214512907,0.44045550810689976,0.2659041542037048
OO2,0.0523039743701768,0.004877772448808281,0.621337752024532,0.32148050115648275
AA3,0.11831835579725881,0,0.709867126640524,0.17181451756221713
AI3,0.2542281434137873,0,0.6366044778930348,0.10916737869317787
AE3,0.08694631834844838,0.4399610382943167,0.12559886706333434,0.34749377629390055
AO3,0.27994447345349704,0.09214038782425599,0.32473537948433995,0.303179759237907
IA3,0.027345918895156265,0,0.7015736575584761,0.27108042354636763
II3,0.10782091917239266,0.05475480931591553,0.4357377465782474,0.4016865249334444
IE3,0.10155492206793026,0.5384726224165113,0.09633930117436626,0.2636331543411923
IO3,0.13062108918113527,0.17962763612358035,0.2731857806134726,0.4165654940818118
EA3,0,0.16442528480861313,0.12125665906711006,0.7143180561242768
EI3,0,0.2138492694778923,0.10061784596651231,0.6855328845555954
EE3,0.18921418723237793,0.12853113871176075,0.295779262980978,0.3864754110748832
EO3,0.034388782290700644,0.22143880951334594,0.19541300906185594,0.5487593991340974
OA3,0,0.02645977168939217,0.2754839432953301,0.6980562850152777
OI3,0.05302335811700532,0.1172177143371155,0.2496843908179116,0.5800745367279676
OE3,0.1764866613289355,0.36408282211366066,0.1558185302686953,0.3036119862887085
OO3,0.07547289181118963,0.22197394464152065,0.2107905757697788,0.4917625877775109
AA4,0.007624358920677352,0,0.6950533067023638,0.29732233437695893
AI4,0.055136347960463246,0.04854160598018416,0.35637128469747326,0.5399507613618793
AE4,0,0.7230858579900504,0,0.27691414200994957
AO4,0.04283165400726429,0.22665543689296364,0.16276709210801332,0.5677458169917587
IA4,0.03732114689400719,0,0.7468844667927615,0.21579438631323125
II4,0.14360978084328982,0.008929668294301134,0.4891791947254064,0.3582813561370027
IE4,0.2746137738356975,0.22145680912602048,0.15724480001694652,0.3466846170213356
IO4,0.21341443059624815,0.049191613678451714,0.32737718202208027,0.4100167737032198
EA4,0,0.06856939698402753,0.16440554103521948,0.7670250619807529
EI4,0,0.08464840332891437,0.14236215679731598,0.7729894398737697
EE4,0.3188415917245188,0.04388711239425703,0.3094998002560533,0.32777149562517083
EO4,0.05807428741507879,0.09334778981917725,0.2605580489320183,0.5880198738337258
OA4,0.04078348102994919,0.0064596983723181145,0.4679943114807838,0.4847625091169488
OI4,0.1338642996883079,0.012621813774537584,0.4395714431262812,0.4139424434108733
OE4,0.4552146793428507,0.0365717680342186,0.2676306820306211,0.2405828705923096
OO4,0.274291447484467,0.0216065927141222,0.3730929141064457,0.33100904569496514
