AA1,0.6110876271434582,0,0.3889123728565418,0
AI1,0.39617098869410555,0,0.5939525576728049,0.009876453633089704
AE1,0.440226761117692,0.025793214608416697,0.4708266893346278,0.06315333493926358
AO1,0.3834872149951653,0.006234521738424064,0.5595747821096936,0.050703481156717106
IA1,0.4584992817256574,0.034754658433389346,0.44750907465751116,0.05923698518344207
II1,0.3177757787208798,0.012926037716254498,0.5946208092498345,0.07467737431303112
IE1,0.46595597514033466,0.028238639428095968,0.44960546679789987,0.05619991863366941
IO1,0.3404967129466468,0.007883579453131739,0.5898709958597772,0.06174871174044427
EA1,0,0.41419858167153367,0,0.5858014183284664
EI1,0,0.017507348316153765,0.29102369757673624,0.6914689541071101
EE1,0.455723929374527,0.0021070417665914557,0.5306094980382167,0.01155953082066482
EO1,0.23972151766494523,0.002250810042033404,0.6372251541694445,0.12080251812357677
OA1,0.3007919760595273,0.12614680377770987,0.34425918847021997,0.22880203169254293
OI1,0.17207188768191425,0.017371102245674654,0.48101102536375934,0.3295459847086518
OE1,0.4807775504605912,0.006114492463444143,0.4972367209690804,0.01587123610688422
OO1,0.2470549496234227,0.003491218429384404,0.6137027782951152,0.13575105365207774
AA2,0.4798557500723934,0.01717906199842304,0.45571962975209723,0.047245558177086304
AI2,0.27475087508791896,0.019794358574625893,0.5995762877025893,0.1058784786348659
AE2,0,0.37621175359052644,0,0.6237882464094735
AO2,0,0.08397724317089506,0.2454953086503184,0.6705274481787865
IA2,0.5063129833658188,0.015348704318123059,0.44233650164760707,0.03600181066845087
II2,0.3500488022948123,0.005792685857472734,0.5965852058919378,0.047573305955777176
IE2,0.5306375708954593,0.015638216763192707,0.41771303892373185,0.03601117341761604
IO2,0.38730727202019344,0.004550057262946884,0.5671327872907707,0.04100988342608914
EA2,0,0.37621175359052644,0,0.6237882464094735
EI2,0,0.015072737584852391,0.4335809964939641,0.5513462659211835
EE2,0.5197597128655931,0.0012104621825267702,0.47148281356643074,0.007547011385449383
EO2,0.26381050086464447,0.0014950758986421227,0.6509834134973072,0.08371100973940618
OA2,0.4664686168999951,0.07323216599607024,0.33654518752043455,0.12375402958350022
OI2,0.2468414304713069,0.0017266991660824017,0.6379874787488007,0.11344439161381006
OE2,0.537784469557511,0.0008780762557635128,0.45594702996127257,0.005390424225453119
OO2,0.36714551675746243,0.00027673187618426577,0.6102990863334886,0.022278665032864676
AA3,0.41218290675537966,0,0.5721885642158038,0.015628529028816614
AI3,0.4549062391481784,0,0.5365455716948653,0.008548189156956302
AE3,0.4350599599347176,0.09567735203018705,0.41539837215091197,0.05386431588418348
AO3,0.4963558993607512,0.034104238411226166,0.44673524615643934,0.022804616071583135
IA3,0.2931846726669274,0,0.6535037040736728,0.05331162325939976
II3,0.34726930050222227,0.0808278421371131,0.5053817842986685,0.06652107306199602
IE3,0.4457223915698583,0.13095008244034054,0.3770484139242171,0.046279112065583924
IO3,0.45661096839216336,0.07952256884815949,0.4299515325720014,0.03391493018767584
EA3,0,0.07293736952739299,0.3067227696349855,0.6203398608376215
EI3,0,0.10307112172578793,0.28305074713522715,0.6138781311389849
EE3,0.5171239566612004,0.0031925942120542825,0.4695451934812594,0.010138255645485936
EO3,0.4327326239207914,0.010712163481491127,0.5278689561216248,0.028686256476092648
OA3,0,0.030834643972480407,0.36466969025270973,0.6044956657748098
OI3,0.21319594188861693,0.09622541763386237,0.4061480653705669,0.28443057510695374
OE3,0.5294609653459741,0.016637498641286694,0.4401998292084122,0.013701706804327154
OO3,0.4086058234961547,0.10931180428907553,0.42067516036681735,0.06140721184795249
AA4,0.1360531763645143,0,0.6862163976629332,0.17773042597255254
AI4,0.2921112181761531,0.04193761797111796,0.5489269468200006,0.1170242170327283
AE4,0,0.4981679095563449,0,0.5018320904436552
AO4,0.3011744623375232,0.14683344847865581,0.3647167753176604,0.18727531386616064
IA4,0.3241440589465137,0,0.6350518510690356,0.04080408998445074
II4,0.39544523162147893,0.01199102846355548,0.5386022350808232,0.05396150483414241
IE4,0.5476980590078936,0.025208370381049464,0.3838793649625522,0.0432142056485049
IO4,0.5133800421665877,0.017107512677341594,0.4401836641309451,0.02932878102512553
EA4,0,0.01835979660326224,0.36279476827724116,0.6188454351194965
EI4,0,0.02142552824164847,0.3453866291953438,0.6331878425630078
EE4,0.5605205470461737,0.001661605457006594,0.4293654703683064,0.00845237712851335
EO4,0.4612295852322208,0.004861958234468177,0.5100083096490311,0.023900146884279844
OA4,0.24048701660646848,0.0020351148343750033,0.5973278817805723,0.16014998677858433
OI4,0.31449735111147836,0.003083674493286556,0.5520252848330441,0.1303936895621908
OE4,0.580684907285952,0.0011970981806888996,0.41202839885359455,0.006089595679764567
OO4,0.534929789276522,0.001171947578844693,0.45752725094863644,0.006371012195996838
