AA1,0.5994037718222457,0,0.40059622817775425,0
AI1,0.3909289470012939,0,0.567113706552984,0.041957346445721966
AE1,0.3298193425110769,0.08220276124914892,0.35742211419883296,0.23055578204094127
AO1,0.25188098523348296,0.008635579912988283,0.5928795314816121,0.1466039033719167
IA1,0.472834577388463,0.0036221562717847823,0.4822958326888092,0.0412474336509429
II1,0.30923327147822666,0.0034476528103017886,0.5898306415098318,0.09748843420163984
IE1,0.33705019792306157,0.08402314123491399,0.3523266282863006,0.22660003255572383
IO1,0.18703717553178345,0.009474428198353398,0.6083093143098818,0.19517908195998146
EA1,0,0.34524362445213097,0,0.654756375547869
EI1,0,0.07245236682331427,0.3196866099858412,0.6078610231908446
EE1,0.348792315227124,0.024038733673867843,0.4686172036310825,0.15855174746792572
EO1,0.06772328827485638,0.024548402383170752,0.49800724205874536,0.40972106728322755
OA1,0.19902544684158574,0.015782482302772013,0.504862540522157,0.2803295303334852
OI1,0.12257334537963241,0.011856138208915231,0.5360582728317608,0.3295122435796916
OE1,0.3674369420796945,0.06475299677563189,0.3796662328902532,0.18814382825442055
OO1,0.05644464355648964,0.014103751430779033,0.5605781770612751,0.36887342795145606
AA2,0.4523124179156668,0.0030954898408977506,0.5018139216272187,0.042778170616216846
AI2,0.27109178830652875,0.0036570340510530775,0.5932278423216034,0.13202333532081473
AE2,0,0.29122273323111114,0,0.7087772667688887
AO2,0,0.014241030378034744,0.4939590682721986,0.4917999013497666
IA2,0.47234155766818053,0.002997382315841948,0.4912347037513388,0.03342635626463863
II2,0.3068199187036902,0.0030682456354797307,0.5989348410213176,0.0911769946395127
IE2,0.3881797462117188,0.07537362679713687,0.32903952364639405,0.20740710334475032
IO2,0.19628656957040047,0.010422325642659321,0.6043510522522378,0.1889400525347024
EA2,0,0.29122273323111114,0,0.7087772667688887
EI2,0,0.060279894639979445,0.3558616661230977,0.5838584392369228
EE2,0.4000602034788825,0.020123339869636277,0.43214673973264045,0.14766971691884082
EO2,0.07201340725102336,0.022683876832516,0.5057998470678932,0.3995028688485675
OA2,0.5048671810771387,0.008760564010937935,0.4489550914314271,0.037417163480496354
OI2,0.31973237273680577,0.006632648891876874,0.5842456277240069,0.08938935064731048
OE2,0.42680933548823274,0.019343903821548016,0.4291919854012119,0.12465477528900723
OO2,0.26828959470040736,0.005443903550281271,0.5946186100426578,0.1316478917066535
AA3,0.39763786036464693,0,0.5504107370559734,0.05195140257937958
AI3,0.44859770097430973,0,0.5142521399823909,0.037150159043299394
AE3,0.3198756442890354,0.12445883584954452,0.3307878580605779,0.22487766180084212
AO3,0.49568741608774997,0.010823554505404988,0.4487775811138666,0.04471144829297843
IA3,0.2750428589801939,0,0.6125760634390883,0.11238107758071772
II3,0.35022576444920245,0.0045917747429519255,0.552909565515065,0.0922728952927808
IE3,0.3261809905850349,0.13115623831899342,0.32305730880482464,0.219605462291147
IO3,0.401640784675504,0.01968307091148932,0.48781447950820456,0.09086166490480216
EA3,0,0.08710034161334014,0.31134762299450564,0.6015520353921542
EI3,0,0.0986321612157615,0.3012485696819203,0.6001192691023182
EE3,0.36422421738547206,0.025400632436353904,0.4509381537192842,0.1594369964588898
EO3,0.22062806910311855,0.07212159382777285,0.4275524918918025,0.2796978451773061
OA3,0,0.008358343365021906,0.5242641583600207,0.4673774982749574
OI3,0.16136169943763437,0.016786189095529352,0.4930273888215587,0.32882472264527757
OE3,0.3678039694325293,0.08982821675371616,0.35713297174755065,0.18523484206620375
OO3,0.20229404814665375,0.05338066886493707,0.45789748244476436,0.2864278005436448
AA4,0.20756087219311384,0,0.6234881096002179,0.1689510182066682
AI4,0.2833669790451173,0.004283582932717597,0.5743954107926309,0.13795402722953423
AE4,0,0.3393933705161556,0,0.6606066294838444
AO4,0.3172191203336952,0.02272011190806834,0.5100223745005829,0.15003839325765359
IA4,0.2689244912041796,0,0.6202649480836038,0.11081056071221669
II4,0.3364702934806473,0.0033073306665258356,0.5680952335931313,0.09212714225969554
IE4,0.3745358432582302,0.097792418581881,0.3051190086412328,0.222552729518656
IO4,0.3898335999482794,0.015837263682590436,0.502880417852339,0.09144871851679123
EA4,0,0.05692476968740089,0.3072523577361835,0.6358228725764157
EI4,0,0.05863153503422599,0.3000508114245959,0.6413176535411782
EE4,0.4043514546381971,0.021706466809138354,0.4145590999851359,0.15938297856752853
EO4,0.21719437477100845,0.05283417426310707,0.4368784101689702,0.2930930407969143
OA4,0.2970652570250961,0.006765350085927227,0.574578352340471,0.12159104054850545
OI4,0.38242353305659726,0.006617847473304991,0.5239946717189452,0.08696394775115263
OE4,0.43967472796254975,0.020657024757082816,0.40749241593757096,0.13217583134279645
OO4,0.4666960250550473,0.007380949871093781,0.462690419719585,0.06323260535427397
