AA1,0.4821482826248388,0,0.5178517173751612,0
AI1,0.1673448153896036,0,0.6593063019227566,0.17334888268763973
AE1,0.05469610710141903,0.3528433970943955,0.16344248563065106,0.42901801017353447
AO1,0.053703052608748074,0.1709331296553803,0.36350548840971014,0.41185832932616157
IA1,0.12970612113018942,0.2573643640421164,0.25066432145065415,0.36226519337704
II1,0.06595956291394142,0.18966073389871901,0.3075896520096152,0.4367900511777244
IE1,0.06406482926228287,0.3668579853618793,0.150340466211455,0.4187367191643828
IO1,0.03436310334865898,0.17361853619733517,0.3071343424752399,0.484884017978766
EA1,0,0.5078226964502272,0,0.49217730354977274
EI1,0,0.31262462327687773,0.10144154431823163,0.5859338324048906
EE1,0.09256461465784405,0.30107609876840824,0.227195788987024,0.3791634975867238
EO1,0.03581728081981263,0.2545101600731715,0.20040955481571326,0.5092630042913027
OA1,0.06425324197962784,0.3532663606993166,0.13765657305851386,0.4448238242625417
OI1,0.03674009200639456,0.22474601594095772,0.21848319475598338,0.5200306972966643
OE1,0.07691547317627688,0.33665317485616697,0.18710150361339203,0.39932984835416424
OO1,0.0260442580101712,0.20710010273110116,0.23942143523676426,0.5274342040219634
AA2,0.17065329019114553,0.19125197103681174,0.3096959199239887,0.32839881884805405
AI2,0.06746082409601166,0.19265190400958,0.3210780222903077,0.4188092496041007
AE2,0,0.47992582962433616,0,0.5200741703756637
AO2,0,0.2417087504191793,0.20050024604898625,0.5577910035318345
IA2,0.21263311186832246,0.18241413256256422,0.30938847718834345,0.29556427838076993
II2,0.09461651542011497,0.14557849008833929,0.3953302539653486,0.36447474052619716
IE2,0.13521453489725896,0.3040018220238809,0.2029672188317974,0.3578164242470628
IO2,0.06578329503493283,0.143672597771221,0.38374383754020225,0.406800269653644
EA2,0,0.47992582962433616,0,0.5200741703756637
EI2,0,0.29915898624418835,0.157139179868615,0.5437018338871967
EE2,0.16638034452198255,0.24081910609072535,0.2845955264147816,0.3082050229725105
EO2,0.057764216027684,0.2281679103800309,0.2829273818017034,0.43114049179058184
OA2,0.13517125524673712,0.31494808972505434,0.15588649485098063,0.39399416017722794
OI2,0.0586202800147342,0.1856163194249354,0.3234981278531554,0.432265272707175
OE2,0.18015886907035245,0.23700866976957072,0.28430043634032,0.2985320248197569
OO2,0.07705103450330589,0.17994288417958315,0.3465579864726281,0.39644809484448296
AA3,0.19962517533331872,0,0.5995342984031452,0.20084052626353613
AI3,0.25374964653266013,0,0.5849065349729465,0.1613438184943932
AE3,0.06729540111136681,0.3790629153504406,0.14401063922581525,0.4096310443123773
AO3,0.17360198848265643,0.23333654703361054,0.29165680603433625,0.3014046584493968
IA3,0.07704702664392785,0,0.5336277827088988,0.3893251906471734
II3,0.09872049163782276,0.25603379874871834,0.2630909903626358,0.3821547192508233
IE3,0.08568633983448826,0.39408671425216174,0.1298622599579163,0.39036468595543367
IO3,0.11747447509595277,0.2887245052129436,0.2306247045425939,0.36317631514850973
EA3,0,0.3295780198094346,0.09623088329838293,0.5741910968921826
EI3,0,0.3440730697320692,0.08675012812385721,0.5691768021440736
EE3,0.1252736355086619,0.31100823708071174,0.20025544830599548,0.36346267910463087
EO3,0.045031351246396845,0.3572688222928162,0.12497380461716029,0.47272602184362655
OA3,0,0.21091593687429525,0.20504541566100598,0.5840386474646988
OI3,0.05803557272091272,0.2680077446971457,0.19137958619582832,0.4825770963861132
OE3,0.10770778693696817,0.3522161427426917,0.1636384750426168,0.3764375952777233
OO3,0.0792192173671417,0.31495146121262285,0.18311154278183994,0.42271777863839555
AA4,0.0442534782441607,0,0.5452558681277153,0.4104906536281238
AI4,0.08296358039440262,0.2542804406843753,0.2584835054553054,0.40427247346591666
AE4,0,0.542083844979423,0,0.45791615502057714
AO4,0.07346136673117973,0.32668310876082374,0.18196417197250078,0.41789135253549575
IA4,0.10452592231274019,0,0.5789287714672009,0.31654530622005894
II4,0.13628532702181115,0.18139259767472785,0.31661743436976736,0.36570464093369365
IE4,0.1362388606956353,0.3438394438604278,0.15603193557577438,0.3638897598681626
IO4,0.16092555687846125,0.22594046306409946,0.26992564309886385,0.34320833695857544
EA4,0,0.3195383653074913,0.12629518359209183,0.554166451100417
EI4,0,0.32961141753543005,0.11434640674866697,0.5560421757159029
EE4,0.1786220584577843,0.27522453450661377,0.22184639081318747,0.3243070162224144
EO4,0.06404119891463571,0.33271444706201747,0.15468018111185167,0.4485641729114953
OA4,0.04263850956657732,0.19266545131745705,0.2880283078626922,0.47666773125327344
OI4,0.09352463331714239,0.20980859140209704,0.25604260168088766,0.4406241735998729
OE4,0.19516682004296224,0.2703110306059256,0.22095052515590544,0.3135716241952067
OO4,0.1414427329674976,0.25299947347445895,0.23038874336808068,0.3751690501899627
