AA1,0.5423774263626221,0,0.4576225736373779,0
AI1,0.5077910080744457,0,0.4920935088132838,0.0001154831122704906
AE1,0.5129722530551797,0.0004439428215241266,0.48523907982079867,0.0013447243024974605
AO1,0.48225638373726804,0.0002452291603782105,0.516267757018907,0.0012306300834467236
IA1,0.5393710445522244,3.974917946903302e-7,0.4606279552216593,6.027343216639216e-7
II1,0.5048235519566425,6.829385201830166e-8,0.49501168914048943,0.00016469060901585963
IE1,0.5138845552215308,0.0004490168748530765,0.48433199908775704,0.0013344288158590985
IO1,0.4812985297745195,0.00024952652278523884,0.517201127201151,0.0012508165015443654
EA1,0,0.524166618830431,0,0.475833381169569
EI1,0,0.00021564855726574012,0.5348694544026323,0.46491489704010197
EE1,0.502202888431612,6.298602024819352e-11,0.49760811446778924,0.00018899703761282257
EO1,0.4636896898092728,6.721905718370604e-11,0.5350231479356643,0.0012871621878436797
OA1,0.4894168347114558,0.010077295813191906,0.4852565215300496,0.015249347945302815
OI1,0.4244665308796939,0.0028393290866557622,0.5389967826687254,0.033697357364925004
OE1,0.5198644586078242,0.00010891291570121226,0.4796303814306039,0.00039624704587073014
OO1,0.46440596304533716,0.00009652557124190091,0.5334679945147622,0.002029516868658653
AA2,0.5373362655197309,1.5568746324613281e-7,0.4626632605603608,3.182324451240998e-7
AI2,0.4968011823488058,1.550271355585377e-7,0.5029986796885565,0.0001999829355021425
AE2,0,0.45102570042591084,0,0.548974299574089
AO2,0,0.1365880184318552,0.5717874979144043,0.2916244836537405
IA2,0.5373874140751966,1.5565646828744032e-7,0.4626121121589931,3.1810934196308104e-7
II2,0.5055028092896353,2.6603327491779317e-8,0.4944106863978705,0.00008647770916676502
IE2,0.5154432451947227,0.0001745200911635574,0.48368337942371936,0.0006988552903943769
IO2,0.482202163513973,0.0000968834168099165,0.5170464874463225,0.0006544656228945975
EA2,0,0.45102570042591084,0,0.548974299574089
EI2,0,0.00014682653844912786,0.681513207692744,0.31833996576880685
EE2,0.5031529262653037,3.273912383738241e-11,0.4967478334378842,0.00009924026407294897
EO2,0.467421644771878,3.479591403379879e-11,0.5319052608823288,0.0006730943109972883
OA2,0.5386032198885683,2.9492037790766144e-7,0.46139604975534526,4.354357084251817e-7
OI2,0.514966859821016,2.769760421400709e-13,0.4850064072913131,0.000026732887393939984
OE2,0.514529296595746,2.99440225320757e-11,0.48544036820224223,0.000030335172067887625
OO2,0.5131683355329915,4.391442041283352e-14,0.4868019904417007,0.000029674025263875736
AA3,0.5153350697757746,0,0.4842685180010409,0.0003964122231844399
AI3,0.5377067459814198,0,0.46221292283940535,0.00008033117917484026
AE3,0.5240787578783768,0.03265935293392661,0.4423585403110377,0.0009033488766588844
AO3,0.5345732412007219,0.014852754881970128,0.45006220371691574,0.0005118002003923781
IA3,0.5120946846749171,0,0.4874828531658792,0.0004224621592036773
II3,0.5345688965293243,0.000005204789416221498,0.4653113149092648,0.00011458377199482353
IE3,0.5247668720024636,0.0330172054782863,0.4413198978320525,0.0008960246871975599
IO3,0.5328506710297816,0.01582355757884012,0.4507901797501886,0.0005355916411898461
EA3,0,0.0009203927828008383,0.5973959128966688,0.40168369432053036
EI3,0,0.0009576471983418666,0.596368583844917,0.4026737689567412
EE3,0.5321757642171085,2.244076479327556e-10,0.46769263000213884,0.00013160555634508662
EO3,0.5296805124881577,3.062672323097149e-9,0.47017788938571337,0.0001415950634564553
OA3,0,1.927868357492743e-8,0.733683060630179,0.26631692009113733
OI3,0.36988401593707165,0.18042469602091518,0.43014296763814186,0.019548320403871274
OE3,0.5435512464573162,0.008202443295995813,0.44797387487122176,0.00027243537546611026
OO3,0.5121479639840214,0.034984360535510094,0.45156955852987635,0.0012981169505922846
AA4,0.45506482433422435,0,0.5426561791916008,0.0022789964741748315
AI4,0.5052292450204754,3.888726559198517e-7,0.49450292450327804,0.0002674416035906856
AE4,0,0.6057831114562806,0,0.3942168885437194
AO4,0.48570499395066363,0.023970093269448774,0.4696590525730271,0.020665860206860693
IA4,0.4930062384167553,0,0.5065693665331675,0.0004243950500770968
II4,0.5150081114809635,6.659334325695546e-8,0.4848764140054756,0.00011540792021764923
IE4,0.5228868163218569,0.0004365845302753753,0.4757442713650224,0.0009323277828452961
IO4,0.5217862586178453,0.00020528132930260575,0.4774614893695889,0.0005469706832631488
EA4,0,0.0002233213302547815,0.6020920746404295,0.3976846040293158
EI4,0,0.00023239170045325514,0.601049477766844,0.3987181305327028
EE4,0.5127183668467273,5.534922044007951e-11,0.4871490969476247,0.00013253615029867164
EO4,0.5101747610875675,7.556601543682448e-10,0.48968263277868135,0.00014260537809098167
OA4,0.5078446631915484,2.432503716053614e-13,0.4919770025554572,0.00017833425275086051
OI4,0.5255180362794442,4.669692799990152e-13,0.47444635995868045,0.00003560376140859874
OE4,0.5251244060030479,5.049300359586335e-11,0.47483518550497456,0.000040408441484573925
OO4,0.5273543157086006,6.185585453738991e-12,0.47261277981859245,0.00003290446662124282
