AA1,0.5029846031263496,0,0.4970153968736505,0
AI1,0.12461236513468046,0,0.8358392058337327,0.039548429031586896
AE1,0.11718706931109035,0.27020317824944157,0.18988473681687681,0.42272501562259124
AO1,0.1131588723509135,0.030492986312070532,0.4854659172399501,0.37088222409706595
IA1,0.17506606406988082,0.11622924999484607,0.39106528710606325,0.31763939882920994
II1,0.07054144942417039,0.03778868504296307,0.4709492429689634,0.42072062256390313
IE1,0.12827960719863582,0.31967187515876794,0.17331567981463752,0.3787328378279587
IO1,0.05493471431868536,0.04276099022889587,0.39814298218187494,0.5041613132705438
EA1,0,0.6205578513241878,0,0.37944214867581216
EI1,0,0.19758998800632377,0.08069853820523534,0.7217114737884409
EE1,0.17600827493894022,0.12265492592438425,0.3885706857760639,0.31276611336061155
EO1,0.020595027867795643,0.07279487112503759,0.28866743828499697,0.6179426627221698
OA1,0.045152298745252506,0.3082104754844387,0.12948732929253762,0.5171498964777711
OI1,0.01941263818772158,0.10709498613337623,0.20448885719383264,0.6690035184850696
OE1,0.17292617542245636,0.21338536961405377,0.275583037116519,0.33810541784697096
OO1,0.021418109489708285,0.05694626793014234,0.2957782633428683,0.6258573592372811
AA2,0.2067815054535382,0.06275662754095035,0.45597273832493096,0.27448912868058056
AI2,0.046602060469701,0.05313375149026823,0.47321330597649064,0.4270508820635401
AE2,0,0.5726980860925766,0,0.42730191390742356
AO2,0,0.12824357849979912,0.15372179752575746,0.7180346239744435
IA2,0.3170737314162944,0.049251015463118004,0.4555432266617726,0.17813202645881496
II2,0.10121035393491844,0.017070961089750016,0.6371128628967557,0.24460582207857587
IE2,0.3172816515602047,0.1929486188853763,0.21625575061951155,0.27351397893490736
IO2,0.08170383071547631,0.023858425093511944,0.5696455763695303,0.32479216782148157
EA2,0,0.5726980860925766,0,0.42730191390742356
EI2,0,0.16753893468991035,0.13280674526034353,0.6996543200497461
EE2,0.40568903049186855,0.052906490998381996,0.3844991646985658,0.15690531381118375
EO2,0.02927923399812334,0.049249895808802846,0.4610206731855595,0.4604501970075143
OA2,0.2239609874754919,0.262457169278486,0.18426846658714618,0.32931337665887594
OI2,0.08171985702861824,0.04817082456745555,0.46711614746381336,0.4029931709401127
OE2,0.47279367881884726,0.041860714251006945,0.36763044636257536,0.11771516056757038
OO2,0.09166491550852805,0.015290343650283308,0.6291749077496676,0.263869833091521
AA3,0.2410151076897908,0,0.6971311206125923,0.06185377169761687
AI3,0.3640381084193926,0,0.6038521969918519,0.032109694588755545
AE3,0.12443857151299877,0.4028269265007084,0.142683315353567,0.33005118663272603
AO3,0.36358454663955103,0.1028864619863398,0.34628717616830473,0.1872418152058045
IA3,0.04656062920195155,0,0.724106940617299,0.2293324301807495
II3,0.11970255700062248,0.1066459547468385,0.39753022417021233,0.37612126408232666
IE3,0.13962640159034362,0.46425581833336754,0.12149672285376298,0.27462105722252583
IO3,0.14905436002312997,0.23765716652619234,0.24829026051611458,0.364998212934563
EA3,0,0.28693155756669414,0.07391483185729213,0.6391536105760137
EI3,0,0.32780838352599534,0.06407831632528387,0.6081133001487208
EE3,0.2684347943240312,0.17409226544632134,0.2982527357852202,0.25922020444442734
EO3,0.046308648989343955,0.33691068689054754,0.15398095720037483,0.46279970691973377
OA3,0,0.08314004399870983,0.16990902054922588,0.7469509354520644
OI3,0.03845034507825108,0.20052756038260502,0.1730772374985201,0.5879448570406237
OE3,0.2356483427837666,0.3003543459375718,0.20266339412025303,0.2613339171584086
OO3,0.07391173531112029,0.304373021887307,0.1731225638488633,0.44859267895270943
AA4,0.011794767990751475,0,0.6948930200550553,0.2933122119541932
AI4,0.0692864758687602,0.10102253050783404,0.34519041885304713,0.4845005747703587
AE4,0,0.6674967180990521,0,0.33250328190094797
AO4,0.06320410198979452,0.2725295857347761,0.16321303931445347,0.5010532729609759
IA4,0.06564698025301782,0,0.774162227718246,0.16019079202873604
II4,0.19136748185626412,0.03504666056626267,0.45861132054771847,0.31497453702975475
IE4,0.3179278421194932,0.2663193937580087,0.15249928662667894,0.26325347749581895
IO4,0.26203591323625103,0.11533226470100008,0.29489127795015097,0.32774054411259795
EA4,0,0.19887860427299067,0.10334541504711152,0.6977759806798978
EI4,0,0.227075109643297,0.09155340135641257,0.6813714890002904
EE4,0.4814068958352994,0.08105402999292982,0.26251174830943635,0.1750273258623344
EO4,0.07946434541114208,0.2312344740619419,0.20780144046388702,0.48149974006302887
OA4,0.06748317709470009,0.04959825398638371,0.3611005126135499,0.5218180563053663
OI4,0.158313923992359,0.07703493960921637,0.3322439239760833,0.4324072124223413
OE4,0.5638548002361313,0.06329284832622623,0.24272788136921158,0.13012447006843073
OO4,0.3132689996846414,0.09555691602674132,0.31727386833837795,0.2739002159502393
