AA1,0.43374398531706876,0,0.5662560146829313,0
AI1,0.17331823544092875,0,0.658670424368347,0.16801134019072414
AE1,0.06700350472891035,0.3432902494384182,0.15988930468680962,0.42981694114586194
AO1,0.06504200476317627,0.17132528773588637,0.3612807430678644,0.402351964433073
IA1,0.06583705749708178,0.27899282877916665,0.2516103218483342,0.4035597918754174
II1,0.03747546058577917,0.18542249915107115,0.28541503451706035,0.4916870057460894
IE1,0.07588452606335529,0.3574693445360954,0.14728624694406514,0.41935988245648403
IO1,0.030890890102179405,0.16764504959599028,0.3149185927526928,0.4865454675491376
EA1,0,0.5340527694400948,0,0.4659472305599051
EI1,0,0.3253663751036563,0.06348034428274867,0.6111532806135951
EE1,0.10247944509221582,0.29469861161528094,0.22243428259379514,0.38038766069870805
EO1,0.023634154022712545,0.24796874041812042,0.1939008030672129,0.5344963024919541
OA1,0.024554216285163348,0.4100346456581885,0.10511469355821745,0.46029644449843066
OI1,0.01333947184777345,0.24855748483097925,0.16671379031388714,0.5713892530073601
OE1,0.09774237224014183,0.3155362901457921,0.19967292927620608,0.38704840833785986
OO1,0.024167352699837715,0.20599340952288092,0.23411457650304948,0.5357246612742319
AA2,0.09761346329309246,0.2075504813461233,0.3212219007082902,0.37361415465249403
AI2,0.042398893193477935,0.1976063795209266,0.3180562910854431,0.4419384362001525
AE2,0,0.5057293919671574,0,0.4942706080328426
AO2,0,0.2295216579693562,0.2127326656608928,0.5577456763697509
IA2,0.14490474169546114,0.2006279279628554,0.320850482054697,0.33361684828698646
II2,0.06853434814311084,0.14503676976704863,0.3740046071654988,0.4124242749243417
IE2,0.16090106112539246,0.2881983803588596,0.20046342185506547,0.35043713666068244
IO2,0.05918509509747602,0.13692744249858166,0.3997289923770677,0.40415847002687455
EA2,0,0.5057293919671574,0,0.4942706080328426
EI2,0,0.31457918145620284,0.10917796678754776,0.5762428517562493
EE2,0.19776597593917583,0.22399810325964584,0.283860694619438,0.2943752261817403
EO2,0.04408216678041979,0.2201515695178471,0.2895852239057767,0.4461810397959564
OA2,0.0826539199247475,0.37689005052455243,0.1205513110731938,0.4199047184775063
OI2,0.0404790355550807,0.21727599484470328,0.2541095575000836,0.4881354121001325
OE2,0.21853347471677564,0.21676951403835412,0.2835694630076113,0.28112754823725894
OO2,0.0711398853260733,0.17487473892855107,0.3554733669048793,0.3985120088404963
AA3,0.19946588834979198,0,0.6069982471320349,0.193535864518173
AI3,0.25157385638941454,0,0.5945710249701512,0.15385511864043425
AE3,0.0748705930854712,0.3742643343175202,0.15169133732018186,0.3991737352768268
AO3,0.15423143771667308,0.25899007340062274,0.2762977804840811,0.31048070839862313
IA3,0.05776665143857184,0,0.5505574112384793,0.3916759373229489
II3,0.05142753094137415,0.26659352696712935,0.25755140000849774,0.42442754208299865
IE3,0.08897368888661805,0.3931379638045821,0.13742468036143904,0.3804636669473607
IO3,0.06457833158137985,0.2896405936310345,0.22508411871208472,0.4206969560755009
EA3,0,0.35524734957564397,0.06467532117324319,0.5800773292511129
EI3,0,0.38042497663688307,0.05481403237339981,0.5647609909897171
EE3,0.13082131146691917,0.30286773868340766,0.20815752477314822,0.3581534250765251
EO3,0.03053976867016982,0.38633198636073024,0.09492821703267362,0.48820002793642636
OA3,0,0.24239924614545685,0.15107107030515465,0.6065296835493884
OI3,0.024659238241797016,0.30891936997669184,0.1507843970749244,0.5156369947065866
OE3,0.12063493239298034,0.33012359801827684,0.18779165705794668,0.3614498125307961
OO3,0.042509378584306194,0.34068568448816633,0.1491012567751184,0.4677036801524091
AA4,0.02592351911898296,0,0.5786415420136388,0.39543493886737824
AI4,0.0438479930345822,0.26843521443189783,0.2643701128542032,0.42334667967931683
AE4,0,0.5768140719541444,0,0.42318592804585575
AO4,0.03718059300977841,0.34038642465846297,0.18651543630881245,0.43591754602294625
IA4,0.10342692185735661,0,0.5933212302557569,0.30325184788688647
II4,0.08875926263794068,0.18484021038673543,0.3148716527457643,0.4115288742295595
IE4,0.15971689921470444,0.3257293498009591,0.16559618127462905,0.34895756970970754
IO4,0.11148028810846289,0.22558182396876905,0.26313941826094556,0.3997984696618224
EA4,0,0.3299538791288181,0.0868396745179617,0.5832064463532202
EI4,0,0.34562138750091925,0.07455038671637515,0.5798282257827057
EE4,0.20791820923747542,0.2564365553244757,0.22794158462785236,0.3077036508101965
EO4,0.04747603731958878,0.3502791981338274,0.12171414000879412,0.48053062453778966
OA4,0.02668148613527548,0.22641000928177948,0.22908648655062666,0.5178220180323184
OI4,0.05940565868503477,0.24705879782317922,0.20286011573218465,0.49067542775960143
OE4,0.2315511243729038,0.24830363142784165,0.22579421902902733,0.2943510251702272
OO4,0.11402494910365676,0.27529277974478766,0.19412299546918588,0.4165592756823697
