AA1,0.5163854772482711,0,0.48361452275172884,0
AI1,0.14821016617536967,0,0.7909328141674039,0.060857019657226306
AE1,0.0854108518657115,0.2884948204431552,0.1916193150510181,0.4344750126401152
AO1,0.08329490388309037,0.04179869709093693,0.497340698245878,0.37756570078009477
IA1,0.20035984400554016,0.12933531334605486,0.35784103704170045,0.3124638056067045
II1,0.06600284869831002,0.06340297414463669,0.45609649678961983,0.41449768036743356
IE1,0.09610757143582238,0.33191784017547754,0.17418512450967133,0.3977894638790288
IO1,0.03957537367896569,0.056048238821492305,0.4134041618323076,0.4909722256672344
EA1,0,0.5945607914421499,0,0.4054392085578502
EI1,0,0.23083620067038674,0.08826073570538184,0.6809030636242314
EE1,0.14243894433179627,0.15243590996828643,0.38057097839632287,0.32455416730359454
EO1,0.01884526651728198,0.09764941982724112,0.2991360446822851,0.5843692689731916
OA1,0.06493650675780722,0.31702218609981725,0.14027331828390247,0.477767988858473
OI1,0.024742439910002065,0.14610232299106465,0.2221739897585674,0.606981247340366
OE1,0.13662359669540794,0.2358950175944652,0.27855665793160367,0.3489247277785232
OO1,0.017810517231734765,0.07657132433792571,0.3199310542924142,0.5856871041379254
AA2,0.21751500313279698,0.0827079162237397,0.41419964418867006,0.2855774364547933
AI2,0.04672582532891499,0.07746942611860197,0.44562308106594556,0.43018166748653747
AE2,0,0.552674607171572,0,0.4473253928284279
AO2,0,0.15577256441017479,0.17547059927855305,0.6687568363112721
IA2,0.3042833462481643,0.06822567079134384,0.42244071780112735,0.20505026515936448
II2,0.10083783355592976,0.034377391173247424,0.5852323397001665,0.2795524355706563
IE2,0.2618066700451951,0.21532624754835888,0.22517615230144886,0.29769093010499714
IO2,0.0708174422144866,0.03407671970394668,0.5492464272943578,0.345859410787209
EA2,0,0.552674607171572,0,0.4473253928284279
EI2,0,0.20138889579894123,0.13801527813818046,0.6605958260628784
EE2,0.34119484824298496,0.07891799331075378,0.3918539799891472,0.1880331784571141
EO2,0.03279593635787538,0.07118043271876794,0.4396064421142419,0.4564171888091148
OA2,0.22131857487412435,0.2693126290826432,0.18786000427960287,0.3215087917636295
OI2,0.07941478015422121,0.07995329134629217,0.4371660594106991,0.4034658690887876
OE2,0.39667162246046905,0.06770704124054668,0.3847398771419439,0.15088145915704043
OO2,0.09794859991600802,0.029345267478412703,0.5829542539059508,0.2897518786996285
AA3,0.23866061927011306,0,0.6750694151129053,0.08626996561698161
AI3,0.3372138807338871,0,0.6118547753855125,0.05093134388060055
AE3,0.1091244226242661,0.37980836703592913,0.15170499160448836,0.35936221873531643
AO3,0.32374301380388537,0.10852765960624658,0.36182936911853897,0.20589995747132894
IA3,0.05425830657993009,0,0.6815791761844358,0.2641625172356342
II3,0.12344617337944848,0.10764409430062315,0.3934146281086773,0.37549510421125104
IE3,0.12581233414576537,0.4279108148020381,0.1319183021567751,0.3143585488954214
IO3,0.14826207068426653,0.22728621954250786,0.2582116538138083,0.3662400559594174
EA3,0,0.2917338862386804,0.08390018585367115,0.6243659279076484
EI3,0,0.3236586665667057,0.0739012200434555,0.6024401133898387
EE3,0.22830642727474496,0.1853848972408051,0.30714244753466985,0.2791662279497801
EO3,0.049355963604110174,0.32693698591512194,0.1562006239554007,0.46750642652536717
OA3,0,0.11032485107243427,0.199863305936541,0.6898118429910246
OI3,0.04724717404666303,0.2148007314673386,0.19171083942771014,0.5462412550582882
OE3,0.20697421261092985,0.2933551443330877,0.21533077026585973,0.28433987279012274
OO3,0.08447435502825723,0.29103902359316586,0.18512755440980722,0.4393590669687697
AA4,0.015235729962528406,0,0.6625152031196316,0.32224906691783994
AI4,0.06846847384600185,0.12378883578204587,0.3456253148890883,0.46211737548286397
AE4,0,0.6357331797965426,0,0.3642668202034573
AO4,0.05989332651814385,0.2770589029016487,0.1760967593150008,0.4869510112652066
IA4,0.07580478057342416,0,0.729030814137479,0.1951644052890967
II4,0.17151791586082574,0.05636411846772291,0.45167426147619444,0.3204437041952569
IE4,0.27416126498656757,0.2772674100670199,0.16068914969096332,0.28788217525544924
IO4,0.22927072562468498,0.13871539806868707,0.30447796359091467,0.3275359127157133
EA4,0,0.23085928521410637,0.11266977916556048,0.6564709356203332
EI4,0,0.25528661333098124,0.10039343070363198,0.6443199559653868
EE4,0.40141188013915297,0.10798230000169598,0.28974036636524564,0.2008654534939055
EO4,0.0793002712298966,0.25339897357392605,0.2016137360484187,0.4656870191477587
OA4,0.0653029098142386,0.07949573565438142,0.3666656514155064,0.48853570311587347
OI4,0.15032599519604145,0.10846313099307152,0.3295829402336703,0.41162793357721666
OE4,0.46913566831823095,0.09146103423321317,0.2794778607036887,0.15992543674486717
OO4,0.2813131146106356,0.12377631063212506,0.3129313511850394,0.28197922357219996
