AA1,0.6139879221984357,0,0.3860120778015643,0
AI1,0.3856312533993645,0,0.5924039777378144,0.021964768862821265
AE1,0.36369544026159933,0.05591033995167789,0.3699123948650085,0.21048182492171424
AO1,0.26842970070036326,0.0004988799050814688,0.6008018893307752,0.13026953006378014
IA1,0.499972676011198,0.0006285709520422861,0.48061918002801207,0.01877957300874758
II1,0.2913865940864968,0.00010639470108637702,0.6602273865322427,0.04827962468017416
IE1,0.37535684752722154,0.05743105284852621,0.36385986049030106,0.20335223913395112
IO1,0.19514964406107074,0.0005929997902185153,0.6400247485570318,0.1642326075916788
EA1,0,0.3256925461321034,0,0.6743074538678966
EI1,0,0.05569859805792914,0.28584357064083954,0.6584578313012313
EE1,0.3658382588611904,0.017615547040240327,0.5012575218639556,0.11528867223461366
EO1,0.09891451883362552,0.017879686696561366,0.5190593499233565,0.3641464445464566
OA1,0.29860185748993734,0.005221589300966037,0.48330432863529404,0.2128722245738027
OI1,0.16607954128554592,0.0015259246282500198,0.5622925579610695,0.27010197612513465
OE1,0.3869761605682547,0.0393973878008654,0.4277132886568277,0.14591316297405219
OO1,0.08523770087630285,0.0020948121000023685,0.5629026981845433,0.3497647888391513
AA2,0.4882138328052669,0.0003168887839397193,0.4923054498547553,0.01916382855603824
AI2,0.2618967648678218,0.000416100494706149,0.6624995554409573,0.07518757919651475
AE2,0,0.2594692281206518,0,0.7405307718793482
AO2,0,0.003053971698887408,0.47150116203213177,0.5254448662689808
IA2,0.5076116570660344,0.00030730380670730993,0.4767042816894233,0.015376757437834964
II2,0.30800517067944727,0.00005133769070943069,0.6463114233407118,0.045632068289131515
IE2,0.4477112847875569,0.04225200807246549,0.3312925635209714,0.17874414361900612
IO2,0.21278960277485454,0.0005529283900034346,0.6236361192391975,0.16302134959594458
EA2,0,0.2594692281206518,0,0.7405307718793482
EI2,0,0.047379115885060524,0.32396411477364884,0.6286567693412907
EE2,0.44209901334753354,0.014502499775501203,0.4407173993912946,0.10268108748567056
EO2,0.1051711898761833,0.01670323701219804,0.5166103495009731,0.3615152236106455
OA2,0.5493167785480475,0.00311111856518863,0.43035235902269925,0.017219743864064597
OI2,0.3316932412826782,0.0014024490652221027,0.6264125005988872,0.04049180905321259
OE2,0.4658288211817951,0.01319595837807733,0.4438371359313527,0.07713808450877484
OO2,0.27681871322916235,0.0005375584848577161,0.640215352791703,0.08242837549427698
AA3,0.40223308736803964,0,0.5708009481195951,0.026965964512365083
AI3,0.45950909219373287,0,0.5222190598802449,0.01827184792602237
AE3,0.3362421632283679,0.11770924062709787,0.3405417053914625,0.20550689075307177
AO3,0.5389200258647138,0.0027203249231305807,0.4353457099587288,0.02301393925342672
IA3,0.2785594109592719,0,0.6635885512517684,0.05785203778895984
II3,0.36818193130463267,0.0014152740036412444,0.5863824591912971,0.04402033550042907
IE3,0.34619086347976025,0.12486797758835708,0.3308146537967022,0.19812650513518046
IO3,0.46127801358327913,0.005838757261563824,0.4910239408762423,0.04185928827891467
EA3,0,0.07545164267552454,0.27820861604209685,0.6463397412823786
EI3,0,0.08015836850699488,0.2727752310708207,0.6470664004221843
EE3,0.3926743743567935,0.018998155122409616,0.4727031219622699,0.115624348558527
EO3,0.2543157017922312,0.05259832051142795,0.4558131250054003,0.23727285269094053
OA3,0,0.0030697010937725546,0.5090371991852569,0.4878930997209705
OI3,0.2482841134070337,0.0034231226085805456,0.48527804198277763,0.2630147220016081
OE3,0.3903772395013707,0.06129399682983477,0.4019362041256553,0.1463925595431393
OO3,0.31491348206133024,0.041688132862916956,0.43159687559427506,0.21180150948147766
AA4,0.20664037349922332,0,0.6797903165285102,0.1135693099722665
AI4,0.2891989816735002,0.0008223042156696662,0.628527427397666,0.0814512867131641
AE4,0,0.3049858399839837,0,0.6950141600160163
AO4,0.3643564211878853,0.008854794029872763,0.5339512261816641,0.09283755860057795
IA4,0.2757960515338271,0,0.6630978044066409,0.06110614405953217
II4,0.3584229693698098,0.00009820812664650365,0.5947416770248716,0.04673714547867237
IE4,0.4168648021129855,0.05554388367732645,0.3119668078178363,0.21562450639185163
IO4,0.45471568631988685,0.0008929889803071813,0.49993356867739475,0.044457756022411185
EA4,0,0.0422282794833225,0.2611521394481992,0.6966195810684783
EI4,0,0.04358744783981463,0.25662695952806164,0.6997855926321237
EE4,0.44190643298759646,0.015598213442877892,0.4217148681265654,0.12078048544296026
EO4,0.23823067890292643,0.03711151973123086,0.4552620857744885,0.26939571559135417
OA4,0.33644810682176046,0.0008978629420586837,0.6039907829210112,0.0586632473151697
OI4,0.4393065289737597,0.001177668705269769,0.5208408702526289,0.038674932068341626
OE4,0.4729217113703378,0.014000406691214334,0.4233129831019267,0.08976489883652121
OO4,0.5398115129785069,0.0013998186048968383,0.4371396010948202,0.021649067321775982
