AA1,0.6611957890888189,0,0.33880421091118107,0
AI1,0.3151190320882844,0,0.6496752157242434,0.0352057521874721
AE1,0.19794285079231666,0.13048120849838818,0.34902778812449714,0.3225481525847981
AO1,0.13776750647929178,0.006967792611116176,0.6853421157359683,0.16992258517362369
IA1,0.3870347973775131,0.030360378908739903,0.49781179472616016,0.08479302898758681
II1,0.1668380534490318,0.017697072752503228,0.6637602781918671,0.1517045956065979
IE1,0.22317010617612965,0.14780383712826958,0.3303227744208479,0.29870328227475285
IO1,0.07829030664802758,0.009983072244390209,0.6606869424345208,0.2510396786730616
EA1,0,0.419433641571786,0,0.580566358428214
EI1,0,0.05451301109214221,0.15218547209651628,0.7933015168113415
EE1,0.25978920047098075,0.039367747137984244,0.5517076709824689,0.14913538140856614
EO1,0.02582750951856685,0.02908667962738118,0.46345056689569203,0.4816352439583599
OA1,0.09391718353360523,0.0959633710533668,0.482136681314259,0.32798276409876886
OI1,0.033262602439284965,0.030458065408995507,0.5177349440848933,0.41854438806682615
OE1,0.2845045738578984,0.08430515200095577,0.42851184176389695,0.20267843237724892
OO1,0.025086268074696584,0.014562831167316227,0.5212598448424844,0.43909105591550274
AA2,0.41942035419663204,0.017806650222830133,0.48682899155259607,0.07594400402794188
AI2,0.1263924658682509,0.023135849135975356,0.6573134914150206,0.19315819358075315
AE2,0,0.35766834358120686,0,0.6423316564187931
AO2,0,0.03321814502888646,0.32846243571755296,0.6383194192535606
IA2,0.47148123263539377,0.015553670784007134,0.4567156938078233,0.056249402772775736
II2,0.20999854126356363,0.01082324930407321,0.6656396682124534,0.11353854121990968
IE2,0.3376456782111008,0.10245237333129444,0.33433219248761786,0.225569755969987
IO2,0.10977296973523118,0.007263732608288618,0.6834205364790765,0.19954276117740377
EA2,0,0.35766834358120686,0,0.6423316564187931
EI2,0,0.05108674950847561,0.20729656633002772,0.7416166841614967
EE2,0.35744755919620236,0.028451740213806177,0.5065064054556915,0.10759429513429986
EO2,0.03828043680810419,0.026567419557633348,0.5365546573656259,0.39859748626863656
OA2,0.5237865789168645,0.046149225844757426,0.35335555566549814,0.07670863957287982
OI2,0.2477506381125305,0.01076649448567999,0.6113001583320476,0.130182709069742
OE2,0.41388948154414146,0.02456403668490198,0.48037054700652465,0.08117593476443193
OO2,0.200857476398636,0.0068995292903164624,0.6681598992646202,0.12408309504642724
AA3,0.3569312732134917,0,0.5964535805673701,0.04661514621913817
AI3,0.432834717404691,0,0.5389913668725651,0.028173915722744032
AE3,0.21910543492509882,0.25949955973467287,0.27233850559305867,0.24905649974716956
AO3,0.5131696657587443,0.017162129523477527,0.42274109603469356,0.046927108683084535
IA3,0.1449743392703325,0,0.708934560466996,0.14609110026267164
II3,0.24102163721505038,0.04562020801777881,0.5816235952163047,0.13173455955086613
IE3,0.23869771050666788,0.30255655796749403,0.2416788693329775,0.21706686219286053
IO3,0.34076757482922904,0.0649278511189171,0.4755418723522079,0.11876270169964602
EA3,0,0.11476556371720631,0.15329030704133986,0.7319441292414539
EI3,0,0.1355039696947194,0.14015767156782988,0.7243383587374506
EE3,0.3500573913114963,0.0475310230743856,0.4742916237405361,0.1281199618735819
EO3,0.12004602457422196,0.12148307459756753,0.40738736943080633,0.35108353139740417
OA3,0,0.017092805617249605,0.3678375130475442,0.6150696813352062
OI3,0.06190186678062948,0.07624776323836144,0.47790106315559544,0.38394930682541367
OE3,0.3521006153101859,0.1427072648617999,0.343843842859154,0.16134827696886034
OO3,0.17943813141962367,0.09987186814938334,0.48225584921587833,0.23843415121511474
AA4,0.05807151078504589,0,0.7061764059740909,0.23575208324086322
AI4,0.1651536300696819,0.03941657889473306,0.5955883612192354,0.1998414298163497
AE4,0,0.4476000744692335,0,0.5523999255307664
AO4,0.23182161991910716,0.08580935474894717,0.458144823779944,0.22422420155200182
IA4,0.1695940154785117,0,0.7041902934875689,0.12621569103391933
II4,0.28533745519317194,0.016755660463728644,0.5838075695902109,0.11409931475288852
IE4,0.36618934978979384,0.12806913828223082,0.27672603220195896,0.2290154797260163
IO4,0.4008393279243176,0.027826171778853315,0.4679747092818034,0.10335979101502557
EA4,0,0.0520371841717196,0.17216843288772457,0.7757943829405558
EI4,0,0.05739598929449384,0.16017583557483756,0.7824281751306686
EE4,0.420795458456713,0.031176436186725453,0.4370582303177007,0.11096987503886083
EO4,0.15274053326118509,0.06951614222499332,0.43305538661248144,0.34468793790134
OA4,0.21542118763728074,0.01092854414111469,0.594074072458133,0.17957619576347153
OI4,0.33625731263355396,0.012980301104298438,0.5245754360266565,0.12618695023549115
OE4,0.4865934910865266,0.0261532509465555,0.4060006343022894,0.08125262366462856
OO4,0.4919495920293423,0.014406854656497298,0.42598700047031113,0.06765655284384929
