AA1,0.5386441679161533,0,0.46135583208384673,0
AI1,0.4771121147404596,0,0.47842421049401757,0.04446367476552287
AE1,0.3865704475489274,0.06423640880924714,0.37324264956231074,0.1759504940795147
AO1,0.30736967421475914,0.01575367686329786,0.541659343505998,0.1352173054159449
IA1,0.47898511201773286,0.011050187949919282,0.4565808607240111,0.053383839308336845
II1,0.43388746387326543,0.009353990283049354,0.4736591779796664,0.08309936786401892
IE1,0.3881719392323455,0.06464985174068788,0.3720307446429126,0.17514746438405407
IO1,0.2927325279966868,0.016939231563276372,0.5411056401427685,0.1492226002972683
EA1,0,0.32337171417158606,0,0.676628285828414
EI1,0,0.0933492103120201,0.48246758135545736,0.4241832083325226
EE1,0.42415384349317664,0.032664073652513385,0.4355974811645209,0.10758460168978899
EO1,0.2086208088439867,0.03503541476029726,0.5105473548758219,0.2457964215198942
OA1,0.2847399463309363,0.04288155076155,0.49954744963855724,0.1728310532689565
OI1,0.2566670080981958,0.03591971109989866,0.5155080799509444,0.19190520085096122
OE1,0.42003981401617535,0.04604890067501612,0.4115686100717883,0.12234267523702022
OO1,0.16865691161322421,0.028940344472283944,0.5640187691220245,0.23838397479246734
AA2,0.4592066588441933,0.009386208603374906,0.4763257820731414,0.05508135047929034
AI2,0.39855463667437074,0.00952722348873512,0.4945662838131458,0.09735185602374827
AE2,0,0.2933739238683441,0,0.706626076131656
AO2,0,0.047159915137307495,0.6381161177749922,0.31472396708770023
IA2,0.46665501001153464,0.008409799690845453,0.4753212072097806,0.04961398308783933
II2,0.4235423510206877,0.007184813603129287,0.48892215049988064,0.08035068487630238
IE2,0.38944831639832883,0.06018966862228346,0.38030623452094864,0.17005578045843914
IO2,0.29544805865887225,0.015885577018219278,0.5438640443374175,0.14480231998549115
EA2,0,0.2933739238683441,0,0.706626076131656
EI2,0,0.08427497800415094,0.5087773876552762,0.4069476343405728
EE2,0.41780588476997316,0.0313365635374727,0.4450320662481594,0.1058254854443948
EO2,0.21729370023380512,0.03346468825559057,0.5165161526096262,0.23272545890097807
OA2,0.4730500049221285,0.021355034138463305,0.44917565905756135,0.05641930188184684
OI2,0.43273678142651917,0.013230852868792392,0.4759891767289574,0.07804318897573102
OE2,0.4267800954274005,0.02927054666506682,0.44591089765808767,0.09803846024944521
OO2,0.37218718242418125,0.015036761450583924,0.5060006447280656,0.10677541139716937
AA3,0.4507060887066288,0,0.4977505339696414,0.051543377323729864
AI3,0.45900169673732355,0,0.4947215701908701,0.046276733071806436
AE3,0.3793334705211767,0.0719897076589878,0.36480347239802113,0.18387334942181444
AO3,0.46599551742585726,0.01772627167960953,0.4608269867835043,0.05545122411102896
IA3,0.4050527467579882,0,0.501194352226245,0.09375290101576676
II3,0.414889637397713,0.011915307216935223,0.48408207855940705,0.08911297682594481
IE3,0.380816893978137,0.07265278053402369,0.36350883301193004,0.1830214924759093
IO3,0.4354123433145519,0.030437227355202986,0.4470716311484449,0.08707879818180007
EA3,0,0.09614320226387033,0.4654814543917118,0.438375343344418
EI3,0,0.09716975268194776,0.46357108972655214,0.4392591575915002
EE3,0.41549963421764313,0.03428629661312993,0.43643960069179355,0.11377446847743342
EO3,0.3675775659534098,0.04939965280999355,0.4179960508064916,0.16502673043010518
OA3,0,0.03309372218152775,0.6340926177481524,0.33281366007031987
OI3,0.24859002067571362,0.041986784730407366,0.505869690532138,0.2035535040617409
OE3,0.41095339276240955,0.05061672895025552,0.4097524189615196,0.12867745932581523
OO3,0.3412126680765153,0.059120430218492975,0.4417587835363048,0.1579081181686869
AA4,0.3427863724147379,0,0.531900136940308,0.125313490644954
AI4,0.3696964319277446,0.012986431812226971,0.5078258816174321,0.10949125464259639
AE4,0,0.3218337336899961,0,0.6781662663100039
AO4,0.39220599842350484,0.03654395572744781,0.46206327907860256,0.10918676677044489
IA4,0.385170044682683,0,0.5194721725877132,0.09535778272960384
II4,0.395956357096811,0.009700340456939576,0.5038339490187641,0.09050935342748531
IE4,0.36661475782991093,0.07024024714462557,0.3739190480237839,0.18922594700167963
IO4,0.4169092944420666,0.027506954090095424,0.46658454257334314,0.08899920889449504
EA4,0,0.08788945371288907,0.4720650109230133,0.44004553536409774
EI4,0,0.08872017706602692,0.47024287593965175,0.44103694699432117
EE4,0.39784185116575765,0.03442714269732502,0.44943140825313344,0.11829959788378391
EO4,0.35117175671374157,0.047608449463934506,0.43322344058781953,0.16799635323450438
OA4,0.3953650554922308,0.013708501711916225,0.4939413905273605,0.09698505226849255
OI4,0.4070603788775568,0.014539894282929839,0.48935274455198907,0.08904698228752446
OE4,0.40718373775885436,0.032108336463174326,0.45096926393919184,0.10973866183877945
OO4,0.4423977595996454,0.02122884098672894,0.4673693668290102,0.06900403258461538
