AA1,0.5321009372371626,0,0.4678990627628373,0
AI1,0.3643893120030124,0,0.5586603478167685,0.07695034018021893
AE1,0.3572752432807166,0.041206790129888024,0.4724851051837861,0.12903286140560916
AO1,0.3419459387722457,0.018414719556946138,0.5272587173676713,0.1123806243031369
IA1,0.3442519091226704,0.062516409487139,0.39473192373122934,0.1984997576589613
II1,0.24254726985432834,0.02489736351666208,0.5114540944098879,0.22110127221912168
IE1,0.380146873240233,0.048109150511237354,0.45932917265897605,0.11241480358955358
IO1,0.2769996805502917,0.02248341527241963,0.5334073789525025,0.167109525224786
EA1,0,0.37238722039198463,0,0.6276127796080153
EI1,0,0.03559750458553942,0.3676160234454684,0.5967864719689921
EE1,0.3773803527387757,0.013935910600252625,0.5218671146147197,0.0868166220462519
EO1,0.17695803462337922,0.013625594525212248,0.5409019700961304,0.26851440075527816
OA1,0.2507681984980148,0.11036427881830882,0.3357245480377044,0.30314297464597195
OI1,0.13405199511001617,0.025204699681611226,0.47082959237426725,0.3699137128341054
OE1,0.3888242834144726,0.02440258071637441,0.4968477396515542,0.08992539621759875
OO1,0.1873238005103855,0.015851796782434747,0.5354306898055998,0.26139371290157987
AA2,0.38021341459127095,0.03525899228994278,0.4323762300264517,0.15215136309233446
AI2,0.2193048215148222,0.035923953906721616,0.4809361382513311,0.26383508632712505
AE2,0,0.3216221179024922,0,0.6783778820975078
AO2,0,0.09120184980770982,0.3312714166334141,0.577526733558876
IA2,0.3962109950418873,0.033939439276541486,0.4303425082868186,0.13950705739475253
II2,0.2730819689536743,0.014444237047420703,0.5548383946651994,0.1576353993337057
IE2,0.4477869890784655,0.029365785915415752,0.4449001135320002,0.07794711147411859
IO2,0.32245949216853226,0.01523441981844135,0.5458663268202494,0.11643976119277685
EA2,0,0.3216221179024922,0,0.6783778820975078
EI2,0,0.02941449053750908,0.49505623414702526,0.4755292753154656
EE2,0.4357473913198362,0.009522907179839751,0.4950814401093313,0.0596482613909928
EO2,0.20893255695115326,0.010810711312304835,0.5910100673990462,0.18924666433749568
OA2,0.39098779454552945,0.07364596879589375,0.35187326896658594,0.18349296769199092
OI2,0.22409200222291864,0.00826897842861236,0.5789041262978539,0.18873489305061497
OE2,0.4463738967760969,0.008928886806658883,0.49029346323182327,0.05440375318542101
OO2,0.3061359487118763,0.006420671290082423,0.5700955413111103,0.11734783868693081
AA3,0.3853456648862447,0,0.5339152575980355,0.08073907751571989
AI3,0.407741628885504,0,0.5242962029850132,0.06796216812948284
AE3,0.3748838421168124,0.07916898866565647,0.43417671937010294,0.11177044984742818
AO3,0.41471702556764733,0.040946341837253895,0.46348060629504206,0.08085602630005662
IA3,0.26424498588867557,0,0.5496373274727163,0.18611768663860795
II3,0.267870906971968,0.08398714932251272,0.4459603352659809,0.20218160843953845
IE3,0.3940667043504914,0.10336306562995273,0.40802043828654616,0.09454979173300969
IO3,0.3388973200206189,0.09702494205569644,0.42124269536999104,0.1428350425536937
EA3,0,0.06438337638341442,0.3655099862723457,0.5701066373442397
EI3,0,0.07896287339198763,0.35057802344558797,0.5704591031624243
EE3,0.41838363073106605,0.018305871340089094,0.48653197710429347,0.07677852082455139
EO3,0.30009464865814317,0.03949981344185284,0.4798971450448051,0.18050839285519896
OA3,0,0.028982736440828286,0.4135112688921344,0.5575059946670373
OI3,0.16824412352763576,0.07117177919717428,0.41249098451628946,0.34809311275890054
OE3,0.4245724664904801,0.039428957185228965,0.4576708433897888,0.07832773293450211
OO3,0.2882184178270662,0.09045536706820664,0.42800809203013546,0.19331812307459162
AA4,0.14579371573863567,0,0.574989871923789,0.27921641233757544
AI4,0.224876624671416,0.06536783670231992,0.4383630602020177,0.27139247842424635
AE4,0,0.4387128832450086,0,0.5612871167549914
AO4,0.21951671868123213,0.1366226186985592,0.3466510478333571,0.29720961478685154
IA4,0.29274316147470386,0,0.563452296868271,0.14380454165702514
II4,0.3099108923919852,0.023513416682298467,0.5002186022329356,0.16635708869278065
IE4,0.4703901997340764,0.04422408847815714,0.40630220517379123,0.07908350661397517
IO4,0.3949449781839005,0.03734316829421943,0.45102040124801407,0.11669145227386603
EA4,0,0.03600533692795422,0.44053042654367824,0.5234642365283676
EI4,0,0.040289638206142515,0.42848585587795507,0.5312245059159024
EE4,0.4694376924354972,0.012483172403479204,0.45735948751414396,0.06071964764687971
EO4,0.3386801821588195,0.022509837761865374,0.4967394343791971,0.142070545700118
OA4,0.2153554147881371,0.009962788053263626,0.5374458638673688,0.23723593329123038
OI4,0.269473737847028,0.011654335337377584,0.5145514332938185,0.20432049352177598
OE4,0.48231040868096003,0.01165103735139635,0.45094802830208086,0.05509052566556299
OO4,0.4053602642034897,0.012757706644627118,0.48560553020230396,0.09627649894957926
