AA1,0.667284622143549,0,0.33271537785645106,0
AI1,0.20646312920762103,0,0.7327558100291655,0.060781060763213476
AE1,0.18950495771220538,0.06659082916709991,0.5285854442269404,0.2153187688937543
AO1,0.17242948568602795,0.004127078289183544,0.6715662686969427,0.15187716732784579
IA1,0.2296806652019063,0.06598165603880038,0.5477720338504773,0.15656564490881592
II1,0.0650997222457229,0.012007674260212218,0.6905658905779506,0.23232671291611423
IE1,0.2599034465372915,0.07744624264310017,0.47157681793554845,0.19107349288405986
IO1,0.07305600185386736,0.006831606608782209,0.6797205648624347,0.2403918266749157
EA1,0,0.36758587767385575,0,0.6324141223261442
EI1,0,0.029674225405611068,0.1802962236047149,0.7900295509896741
EE1,0.207297935632715,0.027792991684596216,0.6013550912214591,0.1635539814612297
EO1,0.019861553730217058,0.02512852676755628,0.5522110076781355,0.4027989118240912
OA1,0.10988784964510001,0.1285849175032877,0.38279501489558077,0.3787322179560314
OI1,0.019332350063460218,0.016406555201688287,0.5078351373767466,0.45642595735810493
OE1,0.26601387155553796,0.05562321992668755,0.5112888318998977,0.16707407661787693
OO1,0.030435656763549288,0.009747356055523163,0.5984118917225194,0.3614050954584081
AA2,0.30644820454647936,0.02816300344067241,0.5469173373838255,0.1184714546290227
AI2,0.037960314528224966,0.029955155621404623,0.5907081303483744,0.34137639950199594
AE2,0,0.33709654354849977,0,0.6629034564515002
AO2,0,0.045262368329054115,0.17990307368406244,0.7748345579868835
IA2,0.40824889931548586,0.02420825003593259,0.4840544494827811,0.0834884011658005
II2,0.12778036040487462,0.005227885055994004,0.7192409668199469,0.14775078771918454
IE2,0.4884543824027792,0.037715481066572284,0.369620239850349,0.10420989668029956
IO2,0.16150948399232296,0.0034173594676596398,0.6766308817188644,0.15844227482115306
EA2,0,0.33709654354849977,0,0.6629034564515002
EI2,0,0.028777140093173583,0.3025680643591021,0.6686547955477244
EE2,0.39968434540653935,0.015241405538472495,0.4924462743787283,0.09262797467626005
EO2,0.04134222114060335,0.019898030290839367,0.6531744933962967,0.2855852551722604
OA2,0.45447804071287584,0.05360923533396259,0.36691941945136836,0.12499330450179306
OI2,0.08477727417875908,0.003967161460390439,0.7326778794908649,0.1785776848699855
OE2,0.47423290414111513,0.013339231019443551,0.44348870056852113,0.0689391642709202
OO2,0.1482633951328203,0.003576174407299921,0.7146755535450805,0.13348487691479927
AA3,0.2852792614034683,0,0.6387767524079339,0.07594398618859773
AI3,0.39810645494933217,0,0.5561801236662967,0.04571342138437105
AE3,0.29849423513329837,0.14064564312461453,0.3980873362117414,0.16277278553034558
AO3,0.4501514397117301,0.01920619527032174,0.45725948859331833,0.07338287642462975
IA3,0.06423155361621517,0,0.741751441794482,0.19401700458930277
II3,0.14372890559055082,0.06157756399317982,0.598580008477682,0.19611352193858747
IE3,0.3646132303536263,0.20904643788365299,0.30216582529874786,0.12417450646397285
IO3,0.24011319808839102,0.08283963965487112,0.5181120132803766,0.1589351489763613
EA3,0,0.06917921659503215,0.2143567567864028,0.716464026618565
EI3,0,0.1426806583697751,0.17325434194436568,0.6840649996858593
EE3,0.3526161125968381,0.04037703778432005,0.47581078105900393,0.13119606855983781
EO3,0.08165985158500608,0.12211652230252096,0.47246473670539535,0.32375888940707764
OA3,0,0.01092238984839166,0.30441517387803274,0.6846624362735757
OI3,0.05770204660910492,0.09284507633486844,0.4590754161714735,0.39037746088455305
OE3,0.4082788215848417,0.11922881794091623,0.3554179084685722,0.11707445200566989
OO3,0.14428628756361206,0.12901839056747388,0.47841205449506197,0.24828326737385217
AA4,0.00753965795437737,0,0.6205142000626234,0.3719461419829992
AI4,0.05585284962605577,0.06321067208813355,0.5172187381718687,0.3637177401139419
AE4,0,0.4700937547288233,0,0.5299062452711766
AO4,0.0583366783166139,0.14026399578944204,0.345044075188851,0.45635525070509303
IA4,0.09872696074891994,0,0.7499111573646171,0.15136188188646302
II4,0.20978063208606487,0.010688814978093389,0.6211277111897502,0.15840284174609146
IE4,0.5570061920076074,0.05089323077667937,0.2921064263569693,0.09999415085874404
IO4,0.3473196297487646,0.016448753602303565,0.5104539427130859,0.12577767393584594
EA4,0,0.03195521111861362,0.2773252018396724,0.6907195870417139
EI4,0,0.03901273786767257,0.243166004568389,0.7178212575639383
EE4,0.48225572200756456,0.01914118242981583,0.4051943500846163,0.09340874547800321
EO4,0.133513895090778,0.04971461706357766,0.5284868435289813,0.2882846443166629
OA4,0.05701023554028051,0.004180971083777331,0.6648348663689964,0.27397392700694573
OI4,0.17760985493576703,0.006433768009211533,0.6246550438099588,0.1913013332450625
OE4,0.5631378740694867,0.01625161847353116,0.3531691015013396,0.06744140595564249
OO4,0.36456904508078974,0.009171443450968672,0.5199561425372382,0.10630336893100338
