AA1,0.6487841585375446,0,0.35121584146245555,0
AI1,0.33682788138070574,0,0.6248771949653479,0.03829492365394643
AE1,0.21666512153655332,0.09529851409911863,0.3753967918197295,0.31263957254459857
AO1,0.15463665808063515,0.012353896532058093,0.6634206834030709,0.16958876198423592
IA1,0.37371803281105564,0.055250135899334814,0.4717322849519954,0.09929954633761418
II1,0.18052976536759022,0.027933455635108,0.6179690888936945,0.1735676901036072
IE1,0.2435899312622944,0.10596541985348658,0.35682695104823187,0.2936176978359872
IO1,0.08737499928185678,0.015813869069451553,0.6429920320221285,0.2538190996265632
EA1,0,0.41561329525968665,0,0.5843867047403134
EI1,0,0.061853267093619844,0.1692565700219226,0.7688901628844577
EE1,0.2730438708044933,0.03199663926044753,0.5376448150207015,0.15731467491435755
EO1,0.026728525017615728,0.024183512161424545,0.4651694158428681,0.48391854697809167
OA1,0.0809518682708593,0.12024377555817774,0.4634264687058475,0.3353778874651154
OI1,0.033293143918747256,0.03700266945615112,0.5042973502913418,0.4254068363337598
OE1,0.3004585232164459,0.0636255625477697,0.44065506587447306,0.19526084836131133
OO1,0.02611237233726865,0.017949087026284942,0.5204916967445594,0.43544684389188704
AA2,0.40024606247336203,0.031828637788186356,0.48098853241359396,0.08693676732485782
AI2,0.13397743270810544,0.03994756558684446,0.6188000800151761,0.20727492168987396
AE2,0,0.34397656048817304,0,0.6560234395118268
AO2,0,0.0535317932975869,0.33943845330015876,0.6070297534022543
IA2,0.4476778536137566,0.028776551994372665,0.4537546331025537,0.06979096128931708
II2,0.2235626619004337,0.01657674788809868,0.6275679349499165,0.13229265526155123
IE2,0.3478572461343915,0.07014479099169693,0.36118869226495054,0.220809270608961
IO2,0.11849955364141636,0.011649223739583084,0.6669120993595137,0.20293912325948688
EA2,0,0.34397656048817304,0,0.6560234395118268
EI2,0,0.05332731233078086,0.22586243023612926,0.7208102574330898
EE2,0.35843120932678624,0.021661733443051574,0.5056574331748654,0.1142496240552967
EO2,0.03756517550729226,0.0201130591777912,0.535847657469088,0.4064741078458285
OA2,0.4942766834463288,0.05338548043821079,0.3645979290339989,0.0877399070814616
OI2,0.24926116619204344,0.014061545926598824,0.59424737696734,0.14242991091401766
OE2,0.4081761533281898,0.018870713598878503,0.48639390639595015,0.08655922667698157
OO2,0.20384709178822003,0.008609755863170511,0.656533212752453,0.13100993959615656
AA3,0.364830131927267,0,0.5853062800942632,0.04986358797846979
AI3,0.4287379638768056,0,0.5390485986692104,0.032213437453983924
AE3,0.2383223441230231,0.2022166071671725,0.3052799179106437,0.25418113079916077
AO3,0.4904022043357823,0.021010125545977604,0.4385506696868638,0.05003700043137641
IA3,0.1580925615648653,0,0.6845989379498751,0.15730850048525968
II3,0.2324126516955284,0.06868514359597087,0.5445607057347072,0.15434149897379346
IE3,0.26085473003896925,0.23492044857823333,0.2763515481848164,0.22787327319798092
IO3,0.32157282531781683,0.07875028178067325,0.4700599926964897,0.12961690020502023
EA3,0,0.11898537106403016,0.1685920376331069,0.712422591302863
EI3,0,0.1418092557108156,0.15468889106742728,0.7035018532217572
EE3,0.34363621544987494,0.04314052471278195,0.4740583357490954,0.13916492408824777
EO3,0.12199626458846351,0.12017732003200386,0.39858577716484606,0.3592406382146866
OA3,0,0.025071289991222753,0.37204586676318435,0.602882843245593
OI3,0.046100030454876983,0.0790892817360578,0.4737332851688373,0.40107740264022795
OE3,0.35700161137771036,0.11315390439779312,0.36719800016057874,0.16264648406391768
OO3,0.170512281534172,0.11353035124758952,0.4691223615908713,0.24683500562736718
AA4,0.062365665224889615,0,0.6843925797447428,0.2532417550303677
AI4,0.16134608933693995,0.06579417731873302,0.5607983778931405,0.21206135545118662
AE4,0,0.43525949464228425,0,0.5647405053577158
AO4,0.21587603665883978,0.11903157647766541,0.4388793439827019,0.22621304288079294
IA4,0.1836097048438016,0,0.681002252202139,0.1353880429540593
II4,0.27964296339058675,0.02506211192336811,0.5603499586369592,0.13494496604908568
IE4,0.37727905073419943,0.09000148932338137,0.3031592870334711,0.22956017290894803
IO4,0.38065730852399504,0.033126041293031025,0.47274020142603157,0.11347644875694238
EA4,0,0.05454792124829157,0.19148820457172627,0.753963874179982
EI4,0,0.060460743883862654,0.1791831371970899,0.7603561189190474
EE4,0.4123321424800382,0.024956948957974578,0.4427784895081954,0.11993241905379182
EO4,0.15394599341866294,0.06689592419007126,0.42757917303380394,0.3515789093574619
OA4,0.21623919831367275,0.014319681429279052,0.5796849715962528,0.1897561486607953
OI4,0.3158344248799761,0.016676551266707508,0.524256501979068,0.14323252187424831
OE4,0.4686931456811839,0.021406819059800884,0.42086539094473374,0.08903464431428136
OO4,0.4634719010529449,0.0174151618027298,0.4402782839854282,0.07883465315889707
