AA1,0.555365017292968,0,0.44463498270703194,0
AI1,0.43844142031358324,0,0.5166156084431841,0.04494297124323284
AE1,0.34719807238198935,0.11063546038346085,0.3299640570863956,0.21220241014815416
AO1,0.27949821020979365,0.030423807363349504,0.5280971648248091,0.16198081760204774
IA1,0.47410166480948773,0.010715709575375416,0.46471780915204813,0.050464816463088626
II1,0.3774752908174348,0.008265227819698854,0.5246604794646618,0.08959900189820452
IE1,0.3505510912035767,0.11197064045058935,0.3278831747263432,0.20959509361949072
IO1,0.24764706306312761,0.032447740865084465,0.5341811095901241,0.18572408648166377
EA1,0,0.38162646396755867,0,0.6183735360324414
EI1,0,0.07605954272902847,0.4075389738997404,0.5164014833712312
EE1,0.4142711311530857,0.028898299627878543,0.44913565477861905,0.10769491444041658
EO1,0.12413018004990975,0.032125040747259886,0.5171239109638415,0.32662086823898884
OA1,0.2679228267755901,0.04666579484600525,0.47121526016472054,0.2141961182136841
OI1,0.20561021736388685,0.033961996984352434,0.5123013455587736,0.24812644009298707
OE1,0.4033406006412691,0.06993409589365626,0.3873827544783021,0.13934254898677267
OO1,0.10299492779759287,0.0354751479542634,0.5404018755411809,0.3211280487069628
AA2,0.45839921043940673,0.00856603011180105,0.4844807941215724,0.04855396532721994
AI2,0.3408159932426127,0.00879680146905742,0.5408756899080069,0.10951151538032315
AE2,0,0.3427558450695395,0,0.6572441549304605
AO2,0,0.06972679435197804,0.49638722762513005,0.4338859780228919
IA2,0.4630354252665616,0.008345625939420882,0.48257939833662133,0.04603955045739633
II2,0.3723703337608994,0.00644018450406349,0.5340071325814852,0.08718234915355193
IE2,0.3638470859421877,0.10576400899194775,0.3285721780862016,0.20181672697966305
IO2,0.25649130449526747,0.03338043371132822,0.528929995359302,0.18119826643410225
EA2,0,0.3427558450695395,0,0.6572441549304605
EI2,0,0.06978233225364888,0.4342274501712176,0.4959902175751336
EE2,0.42233904347751594,0.028505399188926573,0.44333994701851936,0.10581561031503815
EO2,0.1295633641006815,0.03242077779993985,0.5202170147905463,0.31779884330883235
OA2,0.486148216993659,0.0223350485380289,0.44060815538935183,0.05090857907896023
OI2,0.39630720049831775,0.006528272768010402,0.5226236505929482,0.07454087614072351
OE2,0.43894305200399103,0.02508649733782892,0.4444093755536889,0.09156107510449112
OO2,0.3381207644324181,0.009721191922428844,0.538804324556162,0.11335371908899104
AA3,0.414453531704929,0,0.5270407934378611,0.058505674857209825
AI3,0.44245510622183326,0,0.514410009523828,0.04313488425433889
AE3,0.3333667630359119,0.13950291445270208,0.3153121319541312,0.21181819055725482
AO3,0.4645834979422405,0.0407422482479094,0.4296334012049446,0.06504085260490533
IA3,0.34305489905776737,0,0.5523255577793672,0.10461954316286538
II3,0.3807341358093865,0.01157934345465321,0.517207628971062,0.09047889176489839
IE3,0.33646271831368585,0.14172312900114892,0.31279287608235384,0.20902127660281156
IO3,0.41680228206665826,0.06190996190030676,0.42008704629274163,0.10120070974029334
EA3,0,0.08031191600401476,0.3923676153251789,0.5273204686708064
EI3,0,0.0824641775281153,0.3892756789882375,0.5282601434836471
EE3,0.4161259035389514,0.030813664039781034,0.44380861117582354,0.10925182124544404
EO3,0.3322122976887544,0.04852857821265645,0.438211596749122,0.18104752734946725
OA3,0,0.015794937924597158,0.5553288986671199,0.42887616340828294
OI3,0.2268472107002874,0.045398869909009966,0.4761561211455108,0.2515977982451919
OE3,0.39606806149708557,0.08550971028294445,0.37896755967639656,0.13945466854357333
OO3,0.2811401208694137,0.11784625418080075,0.37767069037952006,0.22334293457026552
AA4,0.26883093908779737,0,0.5793742106650748,0.15179485024712777
AI4,0.3267741200736509,0.01281451720373841,0.5394003551272476,0.12101100759536304
AE4,0,0.38325851837631486,0,0.6167414816236851
AO4,0.3545961128071163,0.08492753409686377,0.4163129653406947,0.14416338775532542
IA4,0.32683880188595216,0,0.562656646020675,0.11050455209337265
II4,0.362184080101684,0.009214607358821148,0.5332160249545889,0.09538528758490587
IE4,0.3332501604326715,0.13305663893782516,0.3105156751440662,0.22317752548543712
IO4,0.3986897495904994,0.05969288646301446,0.4336840175591881,0.10793334638729814
EA4,0,0.06921794108719982,0.37934418549852694,0.5514378734142732
EI4,0,0.07043910104193313,0.3766228175215451,0.5529380814365218
EE4,0.410168674413874,0.0312595260542079,0.43961643567137526,0.11895536386054287
EO4,0.3192607264916159,0.04556396440796583,0.4406849246445514,0.19449038445586692
OA4,0.3670197418327691,0.006418402017222349,0.524958053347143,0.10160380280286566
OI4,0.4005670470503601,0.006766128653489233,0.5096030251263978,0.08306379916975272
OE4,0.43016631554262996,0.027026832932440882,0.43970783835992755,0.10309901316500163
OO4,0.4723766271601993,0.01730506958677691,0.4549883726127973,0.05532993064022657
