AA1,0.566945472726553,0,0.43305452727344695,0
AI1,0.18145198269461318,0,0.7165927049452918,0.10195531236009499
AE1,0.0667290021588992,0.4047013075510859,0.08431274401348621,0.44425694627652873
AO1,0.07018552396008484,0.204819008565706,0.2729449658913812,0.45205050158282795
IA1,0.2561169497761028,0.21795937147873734,0.3072796010253499,0.21864407771980987
II1,0.08855056698024356,0.1793502249894982,0.40945706019852085,0.32264214783173745
IE1,0.07077146645685171,0.4192071206598394,0.0795214246433723,0.43049998823993657
IO1,0.052615464364007776,0.21586855823711504,0.2584394255708795,0.4730765518279977
EA1,0,0.5388575362473608,0,0.46114246375263923
EI1,0,0.20311700947646716,0.14416542892171968,0.652717561601813
EE1,0.18106601609165543,0.19063264000490504,0.35539540983686685,0.27290593406657276
EO1,0.03587239391315136,0.17386484123564103,0.3473367663565765,0.4429259984946311
OA1,0.10913596833134295,0.34733010413323423,0.1559681822172447,0.38756574531817817
OI1,0.04062530147163467,0.19211995125666448,0.23834919843892075,0.5289055488327802
OE1,0.15165769505342114,0.29515388088563416,0.20426695986842863,0.3489214641925161
OO1,0.02774014213884813,0.1991980955053347,0.25324480066173627,0.519816961694081
AA2,0.295804461062339,0.16519319537602029,0.33612980398003395,0.20287253958160675
AI2,0.060590440830203235,0.17563218514226936,0.41733449139054785,0.3464428826369795
AE2,0,0.5017258210240986,0,0.49827417897590154
AO2,0,0.27935103490414925,0.1297981537394111,0.5908508113564396
IA2,0.3432084447231032,0.14771240298534716,0.33604574949202864,0.17303340279952098
II2,0.12191846008494041,0.13096869990582577,0.4755725125367658,0.27154032747246815
IE2,0.1260061541472652,0.37019290129989074,0.10102363140804968,0.4027773131447944
IO2,0.08630395848651182,0.1860844445652777,0.29408266885018997,0.43352892809802057
EA2,0,0.5017258210240986,0,0.49827417897590154
EI2,0,0.20018395436703224,0.18373750329407207,0.6160785423388957
EE2,0.2948889597573115,0.14445069329782909,0.352528543758289,0.2081318031865704
EO2,0.06062360685976808,0.15495781250146193,0.41069183867154224,0.37372674196722777
OA2,0.24005653313004482,0.28861198848799713,0.18101975001014364,0.29031172837181435
OI2,0.10493228300412502,0.10261957798622444,0.43802239656592096,0.35442574244372943
OE2,0.3453897818589224,0.12964908231508696,0.34743565186587966,0.17752548396011103
OO2,0.15999034633608425,0.11167616557239494,0.46481572090003553,0.26351776719148523
AA3,0.21748778453088063,0,0.6313350668582243,0.1511771486108951
AI3,0.3199775162242894,0,0.5920915662915862,0.08793091748412422
AE3,0.06775281829873143,0.4814424280785043,0.06674695114721368,0.38405780247555066
AO3,0.1690084719824993,0.36882442092662066,0.14451127110692308,0.317655835983957
IA3,0.11556458120688455,0,0.6493388398518243,0.235096578941291
II3,0.15537043370490453,0.26611507589093397,0.32266881350233123,0.25584567690183024
IE3,0.0724555407814948,0.4994226098587204,0.06196304765567522,0.3661588017041096
IO3,0.1865503775560829,0.3567275259764687,0.17701586552804996,0.27970623093939845
EA3,0,0.23640146449801727,0.12228779687117147,0.6413107386308112
EI3,0,0.24287506396870048,0.11908171467576782,0.6380432213555317
EE3,0.2920517069972148,0.18022650667304468,0.28061996619236534,0.24710182013737525
EO3,0.1762220155508628,0.22566817050329158,0.26389413375195764,0.33421568019388803
OA3,0,0.13972348659315334,0.19744773021734696,0.6628287831894997
OI3,0.13072678920584802,0.2348602202174853,0.19398577433566283,0.44042721624100367
OE3,0.20746905796804915,0.3119641064930659,0.16799229845687702,0.31257453708200783
OO3,0.15148556292509788,0.3572458069059876,0.16011625538960023,0.33115237477931425
AA4,0.036682082417546454,0,0.6145548569716368,0.34876306061081686
AI4,0.08689605406262785,0.25815922787244455,0.3274585957543936,0.3274861223105339
AE4,0,0.578036922230176,0,0.421963077769824
AO4,0.07105680350477989,0.44268039036638884,0.1152648279638356,0.37099797816499575
IA4,0.14321692846816336,0,0.644019577652483,0.21276349387935387
II4,0.1805044586371234,0.19034355949119725,0.3649282860891165,0.2642236957825629
IE4,0.10441299622359686,0.43248988241019526,0.07145449078560619,0.3916426305806018
IO4,0.21343275109109222,0.30145357239351994,0.19236785815061053,0.2927458183647773
EA4,0,0.21753071950236602,0.13064099789958028,0.6518282825980538
EI4,0,0.2214606971910844,0.12752210247405912,0.6510172003348564
EE4,0.3126284317341642,0.1721354673986332,0.2749151160374817,0.24032098482972072
EO4,0.18198490342808096,0.21916916287434843,0.2668408022446507,0.3320051314529199
OA4,0.11470012373980809,0.11077827201698189,0.35194749607946224,0.4225741081637478
OI4,0.22760419660982031,0.10734806416231531,0.3194034430400984,0.34564429618776604
OE4,0.37212804257245613,0.15386787709450114,0.268393207485623,0.20561087284741975
OO4,0.353941437238016,0.15601174450652716,0.2900257974578573,0.20002102079759954
