AA1,0.49039917289668544,0,0.5096008271033144,0
AI1,0.08460782220927016,0,0.8749873629752433,0.04040481481548654
AE1,0.08222697663003715,0.2616833564716385,0.1887805655234247,0.4673091013748997
AO1,0.07865230441375164,0.01871622723807997,0.5085204752508651,0.39411099309730324
IA1,0.18556826328940232,0.11661933641659172,0.3525539659786314,0.3452584343153746
II1,0.047538358007002714,0.03595064616778099,0.4525492754058028,0.4639617204194135
IE1,0.0942060896198136,0.3214754497697786,0.1705339615791349,0.41378449903127296
IO1,0.03232192445185151,0.027742835723378247,0.39878298834890735,0.541152251475863
EA1,0,0.6338038342072481,0,0.3661961657927519
EI1,0,0.17033939765875825,0.07094129740665076,0.7587193049345909
EE1,0.12993081534344295,0.10166596974853759,0.4424373613456623,0.32596585356235724
EO1,0.012787114673500239,0.04932279050213479,0.2868068355707288,0.6510832592536363
OA1,0.06143694166449776,0.299033755002024,0.11772212643171814,0.52180717690176
OI1,0.016085362706858772,0.08810016589766866,0.19219097866944307,0.7036234927260295
OE1,0.13110313316375566,0.19927859010638166,0.3022282837987717,0.36738999293109104
OO1,0.012822077665766799,0.03569978377491049,0.29312987682149577,0.658348261737827
AA2,0.2121646393746592,0.05907479425829571,0.4337034295357258,0.2950571368313192
AI2,0.02602417577219023,0.051039891112632865,0.4584431350181888,0.46449279809698807
AE2,0,0.5782685648112849,0,0.42173143518871514
AO2,0,0.1154687974079263,0.14252907168527149,0.7420021309068021
IA2,0.3147069393536116,0.04734031943734222,0.4438323777740665,0.1941203634349796
II2,0.06372721351664933,0.014865710276084375,0.6596562523984872,0.261750823808779
IE2,0.3005093337488043,0.18232605632114152,0.22763298001458276,0.2895316299154714
IO2,0.05478217049859185,0.013422813006246216,0.6023015464966165,0.32949346999854545
EA2,0,0.5782685648112849,0,0.42173143518871514
EI2,0,0.13820142731527008,0.12202194304197053,0.7397766296427595
EE2,0.3963229417363526,0.03704616293525991,0.4225052546125931,0.1441256407157944
EO2,0.023252983143675333,0.030618333629787015,0.4836941202429373,0.46243456298360036
OA2,0.21632389283141856,0.26942885699954505,0.1549023398186939,0.35934491035034244
OI2,0.052627331815722204,0.03998146966525988,0.4566105154399769,0.45078068307904096
OE2,0.4759139521382337,0.028296873930583062,0.39090800938041664,0.10488116455076665
OO2,0.06904131367448148,0.008288067785818006,0.6695041121238152,0.2531665064158853
AA3,0.21058627030659505,0,0.7305091192379737,0.0589046104554312
AI3,0.3397849226099348,0,0.6275548469898722,0.032660230400192954
AE3,0.09428794132374997,0.42970568850989727,0.1343279038942178,0.34167846627213494
AO3,0.33786980141165873,0.10244163751709978,0.3582342444038956,0.2014543166673459
IA3,0.033664933415801936,0,0.7325807707845013,0.23375429579969678
II3,0.1103947650153568,0.11564656113221489,0.37157060907759926,0.4023880647748291
IE3,0.11190814514824475,0.5087017647911782,0.10858959709855835,0.2708004929620186
IO3,0.15320600988223998,0.24639592912372835,0.22503109978609484,0.37536696120793683
EA3,0,0.27826153643044527,0.06539836511518236,0.6563400984543722
EI3,0,0.3255954532240079,0.05494161177275358,0.6194629350032385
EE3,0.2610248599924941,0.16000886561179972,0.3234939632325479,0.2554723111631583
EO3,0.04409959644596945,0.3438134281948837,0.13902787781964515,0.4730590975395017
OA3,0,0.0731823267020939,0.15897967312636727,0.7678380001715389
OI3,0.05223561929649535,0.195196558422544,0.15849286294327267,0.5940749593376878
OE3,0.22059589246642503,0.3067317696987446,0.20887982242602235,0.26379251540880794
OO3,0.08409558708941675,0.30484301540953823,0.15642059974699332,0.4546407977540517
AA4,0.005735155453705803,0,0.6961766556524316,0.29808818889386257
AI4,0.0507219694318524,0.10228126481778807,0.31938357280313373,0.5276131929472258
AE4,0,0.6863820438105458,0,0.31361795618945415
AO4,0.04685361871462274,0.27679473193370696,0.1378834754589984,0.538468173892672
IA4,0.04423596539584643,0,0.7959513296986915,0.15981270490546204
II4,0.15390643467214402,0.033376575449546274,0.4585710083736039,0.3541459815047058
IE4,0.30786827691246293,0.26169480647977644,0.15272661434740145,0.2777103022603592
IO4,0.24572426773899347,0.10611418081827682,0.2896979026693904,0.3584636487733394
EA4,0,0.1704321029305108,0.09669572020229361,0.7328721768671955
EI4,0,0.1991686524102742,0.08378084070279676,0.717050506886929
EE4,0.4975987248791092,0.06045057957095494,0.27881706598582556,0.16313362956411026
EO4,0.07373007568859115,0.2097490344798057,0.2021866984063465,0.5143341914252565
OA4,0.04860488228326455,0.03946764544227526,0.3413590275869471,0.570568444687513
OI4,0.1417568922793668,0.06615195739853665,0.31529168051286205,0.47679946980923454
OE4,0.5906321149099156,0.04515419527008154,0.247394574914466,0.1168191149055368
OO4,0.3169476858530572,0.08148860944047592,0.30892770336574044,0.29263600134072637
