AA1,0.6626670884628203,0,0.3373329115371796,0
AI1,0.24301849505131928,0,0.7350584945136001,0.02192301043508068
AE1,0.24132402181288687,0.10104469038666969,0.48415887180106304,0.17347241599938049
AO1,0.20908187030755085,0.011033709383102509,0.6554196517171564,0.12446476859219022
IA1,0.24446798691588373,0.06396071532872707,0.5354129353781997,0.15615836237718947
II1,0.08255214281831418,0.024306862895490684,0.7036333444562182,0.18950764982997695
IE1,0.31049484745908373,0.10917854029774973,0.4245684531846168,0.1557581590585497
IO1,0.10613734788570707,0.015785785106794906,0.6662786696080153,0.21179819739948277
EA1,0,0.4066451424043825,0,0.5933548575956176
EI1,0,0.048228814967142083,0.1509606144300125,0.8008105706028454
EE1,0.2788949871368789,0.041769964608639694,0.5856415955658527,0.09369345268862858
EO1,0.02487359005464399,0.038248200008055476,0.5992109154390198,0.3376672944982807
OA1,0.08440641876510557,0.18517372700079765,0.2833643402517651,0.44705551398233156
OI1,0.012688544797394076,0.04629447592809263,0.44892347758696766,0.49209350168754556
OE1,0.3275735967724073,0.07321109879217234,0.4893212571274797,0.10989404730794076
OO1,0.034091001155061626,0.02163204927478467,0.5979204422639149,0.3463565073062387
AA2,0.32239730978753156,0.0313190701104725,0.5236464640740676,0.12263715602792845
AI2,0.04354130260293382,0.0353615087810562,0.630728621714213,0.29036856690179713
AE2,0,0.3842363541283211,0,0.6157636458716789
AO2,0,0.05330100170485254,0.12393918222285473,0.8227598160722928
IA2,0.42030051341097213,0.02596567697558879,0.4721045993959823,0.0816292102174567
II2,0.15669833762763583,0.01215887757589037,0.7150603200323303,0.11608246476414344
IE2,0.5154842044300698,0.057473744573964494,0.34089847207171337,0.08614357892425223
IO2,0.20179953687856772,0.010024369038621313,0.6547551969130074,0.1334208971698036
EA2,0,0.3842363541283211,0,0.6157636458716789
EI2,0,0.05299819142625024,0.2626891191395741,0.6843126894341757
EE2,0.46507265191006114,0.023203992509478764,0.45998052506468257,0.05174283051577745
EO2,0.05167778472913973,0.030915447089015474,0.6834983828322337,0.2339083853496111
OA2,0.43800946980970307,0.10705525071395183,0.2882768048901085,0.16665847458623656
OI2,0.08746006406165724,0.015238979848175335,0.734678465578287,0.1626224905118804
OE2,0.520414182284658,0.01946443029940212,0.4225385203124159,0.03758286710352405
OO2,0.1842162836504488,0.00809496375720153,0.7072584828959655,0.10043026969638429
AA3,0.30991041409114756,0,0.6543272699620977,0.035762315946754906
AI3,0.4237555981975915,0,0.5590047904736567,0.0172396113287517
AE3,0.3172286184720174,0.1872628818180311,0.3602445920147118,0.13526390769523963
AO3,0.4845090120145796,0.026764765679944697,0.44141214466692946,0.0473140776385462
IA3,0.07279757880519602,0,0.7854326877185042,0.14176973347629981
II3,0.16608422052944577,0.07597256644053235,0.5911352438735692,0.16680796915645282
IE3,0.361535819695998,0.26488316397672074,0.26884722178777676,0.10473379453950453
IO3,0.28013180439781465,0.13717141686274875,0.4418437888762013,0.14085298986323513
EA3,0,0.10307990305022247,0.18198564521521327,0.7149344517345643
EI3,0,0.1742772241957422,0.14480445666697847,0.6809183191372792
EE3,0.42313398800558844,0.04296627040633287,0.454968524318921,0.07893121726915778
EO3,0.13129235023949076,0.14439574518944429,0.47302544129968865,0.25128646327137627
OA3,0,0.01705266406428445,0.2749974031426442,0.7079499327930713
OI3,0.04218697815985531,0.13845219018974983,0.39366883459976065,0.42569199705063415
OE3,0.45248284083249224,0.10982795541423193,0.35292955939544474,0.08475964435783115
OO3,0.16083403898034473,0.1990071496716497,0.4058414350857773,0.23431737626222837
AA4,0.0040771230970340815,0,0.688410456514358,0.3075124203886081
AI4,0.06963923815496399,0.06484107848655565,0.5373332495981755,0.32818643376030493
AE4,0,0.49640484238421034,0,0.5035951576157898
AO4,0.06361049540528227,0.19078682667979072,0.29024374917962487,0.45535892873530204
IA4,0.10945893593197364,0,0.7833834089501376,0.10715765511788876
II4,0.23417274813834618,0.021004309622648255,0.6131564168192797,0.13166652541972595
IE4,0.5608593906597938,0.07257211720161078,0.27643517294938774,0.09013331918920765
IO4,0.4005072037663425,0.04123204685464132,0.4474375917933345,0.11082315758568163
EA4,0,0.053398873877424216,0.2272997066334543,0.7193014194891215
EI4,0,0.058333408777436105,0.1962499557165225,0.7454166355060414
EE4,0.5343669581882083,0.027163102659608543,0.38169752920372874,0.05677240994845434
EO4,0.19562582133198483,0.08498928283193757,0.5050816441425158,0.21430325169356174
OA4,0.05151153406965611,0.014737003077511206,0.6801694881315629,0.25358197472126975
OI4,0.170062824138189,0.01956945538363783,0.6266030141578874,0.1837647063202858
OE4,0.5960965925345811,0.02227695952366854,0.3409975448061307,0.04062890313561958
OO4,0.4384127882432836,0.022251071261475627,0.4716481554143803,0.06768798508086049
