AA1,0.39538912106605967,0,0.6046108789339404,0
AI1,0.17829805707913188,0,0.5386474542654737,0.2830544886553944
AE1,0.08851606658997338,0.3297099998088223,0.17827361183327187,0.4035003217679324
AO1,0.0895138302959466,0.21399325426410562,0.2936598301036024,0.4028330853363454
IA1,0.06591435201202032,0.303564182601659,0.1878928508660566,0.442628614520264
II1,0.049995576480907834,0.24126916246294128,0.23433566408673562,0.47439959696941525
IE1,0.09630919293417704,0.3412043390865321,0.16790290165401672,0.3945835663252742
IO1,0.06347534084706784,0.21484857248828096,0.266350297929295,0.45532578873535623
EA1,0,0.48960774966593984,0,0.5103922503340601
EI1,0,0.33863876712067426,0.12965362373997055,0.5317076091393552
EE1,0.11612191877866786,0.278968844268321,0.23808651230856515,0.3668227246444461
EO1,0.049998013809152635,0.251627657496351,0.22120613555371935,0.477168193140777
OA1,0.03522745511060568,0.3960151570485913,0.106715871014745,0.46204151682605804
OI1,0.023302058921267712,0.3025696825656325,0.18279788564059457,0.4913303728725051
OE1,0.11283736470742803,0.3026672346906121,0.2153706109333352,0.3691247896686247
OO1,0.04758849023702215,0.24091000657290979,0.2385257153623736,0.47297578782769445
AA2,0.09151386722251542,0.2526410016079218,0.23518031878013498,0.4206648123894278
AI2,0.057691638158628475,0.24453985893875305,0.24063469682259148,0.457133806080027
AE2,0,0.4726258020939549,0,0.5273741979060451
AO2,0,0.29587410393395347,0.17564216397855467,0.5284837320874919
IA2,0.1102901500921254,0.24962045888956075,0.2405373826563174,0.3995520083619964
II2,0.07590000952664454,0.1994687355032936,0.3054113848135693,0.41921987015649265
IE2,0.15691564411074546,0.2835013945164771,0.22060356204570117,0.33897939932707616
IO2,0.09893559688516439,0.1796177671749104,0.3339977009087075,0.38744893503121763
EA2,0,0.4726258020939549,0,0.5273741979060451
EI2,0,0.31257992553851616,0.19311773191861845,0.4943023425428655
EE2,0.1790477193727426,0.2244064479788406,0.29432308665962403,0.3022227459887929
EO2,0.0748527276545065,0.22026778063086425,0.2973936880384292,0.4074858036762001
OA2,0.06657547834483357,0.37977066250232544,0.10661520384473819,0.4470386553081029
OI2,0.045079439839026125,0.25515843117744635,0.26361250500036687,0.4361496239831605
OE2,0.18808814935550977,0.22189115559670808,0.2955845259923158,0.2944361690554663
OO2,0.10112938976484616,0.19685749715007755,0.32615554374218675,0.37585756934288955
AA3,0.1856992298555804,0,0.507470340212797,0.30683042993162274
AI3,0.21298109201506252,0,0.5102564615722429,0.27676244641269454
AE3,0.09438660017121449,0.35699721429154774,0.1632379526013781,0.3853782329358597
AO3,0.1259786218141909,0.29357281505590554,0.23661606912591743,0.3438324940039861
IA3,0.08335277188460936,0,0.4459077939975122,0.4707394341178785
II3,0.06139408371037389,0.28239473384805086,0.2153672073148462,0.44084397512672896
IE3,0.10546464022808981,0.3689801275859966,0.15226956025230642,0.3732856719336071
IO3,0.07791845453990982,0.30625498124518874,0.20040142165512703,0.4154251425597743
EA3,0,0.3516644880118338,0.12463594881198355,0.5236995631761827
EI3,0,0.3625645544536375,0.11653277891785666,0.5209026666285059
EE3,0.13584841592093289,0.29434407593956824,0.21791516196887883,0.35189234617061993
EO3,0.05392193822689848,0.34841798479310326,0.14472322019631986,0.4529368567836784
OA3,0,0.2891583624061794,0.18962114694315274,0.5212204906506677
OI3,0.030736612818753423,0.33148867886998884,0.16847144948151876,0.46930325882973906
OE3,0.12862950042186017,0.3239143728440776,0.19665289025307434,0.350803236480988
OO3,0.06315955462088264,0.3415627904913938,0.16748103458330368,0.4277966203044199
AA4,0.04045754325021903,0,0.4874349480048232,0.4721075087449578
AI4,0.06001391570598739,0.29653696078659875,0.204257419172987,0.439191704334427
AE4,0,0.5183449594806627,0,0.4816550405193373
AO4,0.0460292721906522,0.3488684464797118,0.15623245841729505,0.44886982291234095
IA4,0.116937354822047,0,0.4860598849378251,0.39700276024012787
II4,0.08242141207948496,0.24264029969081402,0.25595870623262607,0.418979581997075
IE4,0.15574057560767424,0.32834268177320686,0.17518314719866354,0.34073359542045534
IO4,0.1112664943576134,0.2674844436257185,0.23293020044945895,0.38831886156720924
EA4,0,0.34099319632400216,0.15564848430104175,0.503358319374956
EI4,0,0.3496129845641595,0.1463267164606422,0.5040602989751981
EE4,0.18648386119717117,0.26052024360206694,0.23886103441635345,0.3141348607844084
EO4,0.07655890866759625,0.3256068552856068,0.17354798310222627,0.4242862529445707
OA4,0.033587830468144085,0.2741117596835324,0.23059973469122227,0.4617006751571012
OI4,0.0501704677210196,0.2893851476144408,0.21341649697788243,0.44702788768665724
OE4,0.19684830073791895,0.25751808805664483,0.23949198840199362,0.30614162280344276
OO4,0.11288298233058791,0.28526095495715154,0.21614722927248214,0.3857088334397783
