AA1,0.5027162552293539,0,0.49728374477064613,0
AI1,0.15682922946100758,0,0.633488093291228,0.20968267724776438
AE1,0.09924560402126173,0.28112203705452615,0.2077461746268523,0.41188618429735985
AO1,0.10214814774342182,0.0953283125756307,0.40907888589651215,0.3934446537844354
IA1,0.184167000724067,0.13871977579233508,0.38348624928278424,0.2936269742008137
II1,0.08023359909745895,0.0673184511498081,0.45318682108285635,0.39926112866987656
IE1,0.10865051949503039,0.30630388951435433,0.19264773261555543,0.3923978583750599
IO1,0.06822828581362027,0.11554805500377642,0.37701734426904815,0.4392063149135553
EA1,0,0.5370743882009749,0,0.4629256117990251
EI1,0,0.1737418531027209,0.22005959017352225,0.6061985567237569
EE1,0.1412451019877602,0.1277479234447247,0.38233741242442987,0.34866956214308525
EO1,0.0403704703687233,0.1103189068947708,0.35904695828388444,0.49026366445262154
OA1,0.07589718796622225,0.2620768209504874,0.22359864688999173,0.43842734419329865
OI1,0.034916658422272394,0.13306079104371576,0.3181330550745039,0.513889495459508
OE1,0.13850856886788465,0.22065122053381844,0.2779644578065633,0.3628757527917335
OO1,0.04174359700615306,0.12281809869712029,0.34674044782011415,0.4886978564766125
AA2,0.23269651954191073,0.10221672612639952,0.396660671953283,0.26842608237840665
AI2,0.07067526075288318,0.08737649478012817,0.4277170568540671,0.41423118761292155
AE2,0,0.504697241218375,0,0.49530275878162505
AO2,0,0.20718044728818005,0.21974776143101798,0.5730717912808019
IA2,0.28146287941321274,0.09268664724000902,0.3986194948725294,0.22723097847424886
II2,0.1123857297003159,0.04857412709436877,0.5055464406086096,0.33349370259670563
IE2,0.17873127465610125,0.24523126785551808,0.2271619451290022,0.3488755123593784
IO2,0.102657229300042,0.09055120357615079,0.4286193697191657,0.3781721974046415
EA2,0,0.504697241218375,0,0.49530275878162505
EI2,0,0.15023616087666444,0.28342791718500776,0.5663359219383277
EE2,0.21684940195332889,0.09405565703592968,0.4070047415028325,0.28209019950790887
EO2,0.05819224796407379,0.09007688953543688,0.42410848467399126,0.42762237782649803
OA2,0.22629999817140728,0.22582926934018588,0.24142462453123356,0.3064461079571733
OI2,0.09208679495806453,0.06460613878529707,0.4744445323397575,0.3688625339168809
OE2,0.24934655459966593,0.08771150175933191,0.4101333188927819,0.2528086247482203
OO2,0.12716855070349212,0.053113187844994844,0.49722175451220124,0.3224965069393118
AA3,0.18588958998388622,0,0.5765450607235361,0.23756534929257764
AI3,0.25269205731293654,0,0.5583151056217518,0.18899283706531167
AE3,0.12025888368438467,0.3424699284454742,0.17866493475775094,0.3586062531123902
AO3,0.21667453259040398,0.1911399212358443,0.29910159546151305,0.29308395071223875
IA3,0.08069693348066034,0,0.5807940231267761,0.3385090433925636
II3,0.12716110734210784,0.10103138002691237,0.4049545342205456,0.3668529784104341
IE3,0.13518708246582384,0.36837456503423405,0.16216447206398082,0.33427388043596135
IO3,0.1474995078999921,0.23084650557134437,0.2701106148897406,0.35154337163892296
EA3,0,0.21284831454753322,0.21318541843083597,0.5739662670216307
EI3,0,0.23136295060640438,0.1990005515408509,0.5696364978527447
EE3,0.20581858498306463,0.15124543456101405,0.3321387125101393,0.31079726794578194
EO3,0.0943324165863109,0.20298393986087448,0.2806321173811033,0.4220515261717113
OA3,0,0.1012148241276228,0.3308280563039354,0.5679571195684417
OI3,0.05147969292899569,0.18278813178523787,0.28657135721488286,0.47916081807088357
OE3,0.19114102851255863,0.26255863576986904,0.23469754017441435,0.3116027955431579
OO3,0.10741228625759985,0.24089344379144872,0.253665984689495,0.3980282852614564
AA4,0.027961372817471724,0,0.5846016513292549,0.38743697585327347
AI4,0.08976625671984592,0.12616280820747733,0.36635637233553503,0.4177145627371417
AE4,0,0.5881099119429957,0,0.41189008805700433
AO4,0.07530737270511767,0.3168721007101257,0.1846749134340036,0.4231456131507529
IA4,0.09965744075011408,0,0.5973952913501387,0.30294726789974724
II4,0.1555760463464985,0.06890443836595887,0.43380814407602875,0.34171137121151385
IE4,0.1919410489209985,0.30554568083596123,0.17968189489485756,0.3228313753481827
IO4,0.18797728012662437,0.18574687237743437,0.2925207090416323,0.333755138454309
EA4,0,0.18348762707468996,0.24656170405180972,0.5699506688735003
EI4,0,0.19700719618390095,0.2320854805075277,0.5709073233085714
EE4,0.26383625611805983,0.1212914515157744,0.3360713368349387,0.27880095553122697
EO4,0.1226311691530523,0.1687421681329601,0.306307131086184,0.40231953162780354
OA4,0.07096368934011878,0.07309339796803478,0.42662798126808665,0.4293149314237598
OI4,0.12929241401390185,0.08672204407216426,0.4045182116674924,0.3794673302464415
OE4,0.3077910383040689,0.11149828382778253,0.3339390112465311,0.24677166662161756
OO4,0.2496037183099939,0.10634174165212276,0.36116965446578003,0.2828848855721034
