AA1,0.6201500346753319,0,0.3798499653246682,0
AI1,0.3883186532743374,0,0.5864612597807725,0.02522008694489025
AE1,0.3173075481141314,0.09171868245939915,0.3278844634641929,0.2630893059622765
AO1,0.21247683785753274,0.004617217732626017,0.6317951732341675,0.15111077117567376
IA1,0.5442439857942025,0.003123561702626842,0.4389372844623935,0.013695168040777082
II1,0.3215188407306406,0.00013258969279218827,0.6315256241946628,0.04682294538190448
IE1,0.32499697712875936,0.09398770733238782,0.32362488863352024,0.25739042690533254
IO1,0.17392106280838704,0.005221874221026326,0.6509880615322172,0.16986900143836944
EA1,0,0.331062426515365,0,0.668937573484635
EI1,0,0.0511118144338505,0.29574426233503376,0.6531439232311157
EE1,0.3550009100040445,0.030263834437838217,0.4697758221485862,0.14495943340953113
EO1,0.11885945811276637,0.030764028552132328,0.5012204752652422,0.34915603806985906
OA1,0.31426084837571544,0.020774809319621283,0.4961618994534455,0.1688024428512177
OI1,0.18378071124496692,0.012165249522473876,0.5816104305478098,0.22244360868474952
OE1,0.3585051641910459,0.06961884722581875,0.38626283690862423,0.18561315167451117
OO1,0.08659013917800386,0.0160513536899341,0.5613338686389074,0.3360246384931546
AA2,0.5195565448293548,0.0015467505096244682,0.4626329558601783,0.016263748800842463
AI2,0.2685005177133501,0.0021676841441268507,0.658809564641756,0.07052223350076703
AE2,0,0.28123407630280234,0,0.7187659236971976
AO2,0,0.017768611594598905,0.5017611560451087,0.48047023236029224
IA2,0.5363700911774534,0.0014716560441084305,0.4498783786988126,0.012279874079625658
II2,0.32484463954533166,0.00013112940177432376,0.6298696722000132,0.04515455885288089
IE2,0.3637942575069266,0.08427145715083652,0.31643625148939075,0.23549803385284607
IO2,0.1884065877645087,0.005697381751007802,0.63843793436131,0.16745809612317356
EA2,0,0.28123407630280234,0,0.7187659236971976
EI2,0,0.0503479562731429,0.331963870837668,0.6176881728891891
EE2,0.39872613282341146,0.027483927710888485,0.4397914632927688,0.13399847617293129
EO2,0.12214024667291995,0.0298191290163651,0.4986052107337958,0.3494354135769192
OA2,0.5638384576518806,0.006142628705554732,0.4146415113589355,0.015377402283629094
OI2,0.352366238793883,0.00526925093744,0.6031760768531516,0.039188433415525595
OE2,0.4330353793858927,0.025102261327613246,0.4310441211604215,0.1108182381260725
OO2,0.2856320587427496,0.00734340215029995,0.6144321781172143,0.09259236098973597
AA3,0.40019413004238047,0,0.5681893928409139,0.031616477116705836
AI3,0.45833121454644704,0,0.5199041679971496,0.02176461745640338
AE3,0.30638680381488015,0.14401690064777165,0.2935462007870556,0.2560500947502925
AO3,0.5382814867190081,0.003864253457304985,0.4284837921843754,0.029370467639311542
IA3,0.30774408285686305,0,0.6392354351624946,0.053020481980642346
II3,0.38549092389227996,0.005248695750307871,0.5666714273686628,0.04258895298874942
IE3,0.31222353515458423,0.15151767150874973,0.2870340500356964,0.2492247433009697
IO3,0.4832751166336204,0.008523033100200883,0.4678596043027842,0.040342245963394446
EA3,0,0.07761143608735036,0.2851697575036397,0.6372188064090099
EI3,0,0.09175578199589414,0.27666972195878625,0.6315744960453197
EE3,0.3715459046024553,0.03280387027422028,0.4451622088788728,0.15048801624445157
EO3,0.25720889929262897,0.04674339092966239,0.46949644662289763,0.22655126315481094
OA3,0,0.011056475001427007,0.5102133316076175,0.47873019339095557
OI3,0.2549144308087487,0.02081498582017843,0.5035408912742728,0.22072969209680013
OE3,0.3654221223057202,0.10009866495369373,0.3515433914046603,0.18293582133592579
OO3,0.32441430623562206,0.057655917652250824,0.44420675302103935,0.17372302309108784
AA4,0.20823449199695618,0,0.6857667193165069,0.10599878868653678
AI4,0.2983786266205487,0.004793038262256611,0.6216506699966429,0.07517766512055174
AE4,0,0.3348154330691901,0,0.66518456693081
AO4,0.3790821623615047,0.014324463056513909,0.5207943167541613,0.0857990578278199
IA4,0.3037479485455215,0,0.6393095145989816,0.056942536855497
II4,0.38028469644553486,0.0001788934113772156,0.5744212995436383,0.04511511059944962
IE4,0.3439946447176164,0.10344369593755026,0.2826900656936268,0.26987159365120644
IO4,0.47164474887469937,0.005690657662395895,0.4788042587739409,0.04386033468896382
EA4,0,0.04877447336707181,0.26598001704736157,0.6852455095855666
EI4,0,0.05064651038955143,0.2612209631784033,0.6881325264320453
EE4,0.4009175512610963,0.02918960033990805,0.4141835911300953,0.15570925726890036
EO4,0.24882013519322396,0.0420203131149539,0.4606258391648288,0.24853371252699344
OA4,0.3659618577054508,0.005107271942428338,0.571829851473709,0.05710101887841188
OI4,0.44842736517263404,0.004735292665371905,0.5097278334691834,0.03710950869281067
OE4,0.44720960985282393,0.02604030130293879,0.39813702679366775,0.12861306205056966
OO4,0.5417273579518815,0.006497091140007681,0.4245280718355177,0.027247479072593114
