AA1,0.4152828387135822,0,0.5847171612864178,0
AI1,0.2100107078534718,0,0.5263226539675065,0.2636666381790216
AE1,0.11284723131576681,0.25678942664018123,0.24265718808356998,0.387706153960482
AO1,0.1135202738423253,0.1468016196631163,0.3618173740275785,0.3778607324669799
IA1,0.1351721913547702,0.19866203366524404,0.30142696423001547,0.36473881074997033
II1,0.09793346649745897,0.15282751782156256,0.3426785616393003,0.4065604540416782
IE1,0.12044228116517784,0.26843558952672303,0.23314123537055853,0.37798089393754064
IO1,0.0823427713747103,0.15965624668943185,0.33653984589477054,0.42146113604108737
EA1,0,0.46365137703390014,0,0.5363486229660999
EI1,0,0.27285092163583524,0.20285814417823128,0.5242909341859334
EE1,0.13957512421261695,0.19958397843184303,0.3096675796594251,0.35117331769611493
EO1,0.055858792459772176,0.18085323690205035,0.3020057542256533,0.4612822164125242
OA1,0.07003899450284204,0.28890416996174023,0.2016725687593366,0.4393842667760813
OI1,0.046915767607176175,0.2169194577391893,0.27128183385493315,0.46488294079870135
OE1,0.13689532916103286,0.23494336316921205,0.2727605573114108,0.3554007503583443
OO1,0.055676546330478055,0.1764635303508526,0.31213748832556815,0.45572243499310117
AA2,0.1478135269509,0.1683615335478285,0.33595521474217466,0.3478697247590968
AI2,0.08929601991595712,0.16339569973168788,0.34472134868045823,0.4025869316718968
AE2,0,0.44510726566519604,0,0.5548927343348039
AO2,0,0.23408601051607444,0.2703771005969722,0.49553688888695335
IA2,0.17749971725979657,0.16019207173111624,0.34386265443625147,0.3184455565728358
II2,0.1294644387445223,0.12373424945939483,0.3917643686076881,0.35503694318839474
IE2,0.17247126164430074,0.2233236242758938,0.2702584485850032,0.3339466654948023
IO2,0.11361857474424485,0.13200442155290187,0.38551400741404407,0.3688629962888093
EA2,0,0.44510726566519604,0,0.5548927343348039
EI2,0,0.24615623850001753,0.25562654242572264,0.4982172190742598
EE2,0.1929876636885937,0.16143041988679327,0.34568870706352883,0.29989320936108416
EO2,0.07756952477512317,0.15481401801978342,0.35667113539753875,0.4109453218075546
OA2,0.14429745198487764,0.25652492656353665,0.2305781242154973,0.36859949723608837
OI2,0.10213136587167823,0.15906031610044524,0.3537469705625922,0.3850613474652844
OE2,0.2089361352723868,0.15625119784973096,0.3506524530404735,0.28416021383740886
OO2,0.12457818853535492,0.1200548470909529,0.39717659224296803,0.35819037213072424
AA3,0.20666161877006897,0,0.5000432530652374,0.29329512816469355
AI3,0.2411285719187642,0,0.5031371871849901,0.2557342408962457
AE3,0.12409461592621952,0.28202218639091975,0.22550910631474663,0.3683740913681142
AO3,0.17882567368188285,0.19514526677741048,0.3184785495552015,0.3075505099855051
IA3,0.10518355688261787,0,0.47590431012527906,0.41891213299210317
II3,0.11120537418943309,0.17459732626231986,0.32371116293496843,0.3904861366132787
IE3,0.1323799587187586,0.2943105152207418,0.21570809258032309,0.35760143348017653
IO3,0.12018443513341678,0.23623491780396433,0.26940944365390596,0.3741712034087129
EA3,0,0.2891278150989095,0.20088071449548908,0.5099914704056014
EI3,0,0.30073238873409036,0.19036711762295694,0.5089004936429526
EE3,0.15679831945959719,0.2165077054333242,0.2900706951781845,0.3366232799288941
EO3,0.08121901620110013,0.27009654897021024,0.22446655877708013,0.4242178760516095
OA3,0,0.20494977522467867,0.28765235101752495,0.5073978737577964
OI3,0.054956234237298916,0.2426787401092656,0.2553382719461114,0.447026753707324
OE3,0.15204530263375254,0.25730898102559363,0.2534226361553694,0.3372230801852843
OO3,0.09254377855950917,0.26017375218530253,0.2433739630457573,0.403908506209431
AA4,0.047573893562190564,0,0.5068480292204158,0.4455780772173937
AI4,0.09371027664770737,0.19750136667641932,0.30813380987504774,0.40065454680082574
AE4,0,0.49066680258868006,0,0.50933319741132
AO4,0.08660058253057354,0.2728664031611084,0.23225503541041756,0.4082779788979005
IA4,0.12878695267342613,0,0.5008164953374075,0.37039655198916627
II4,0.13836193798729268,0.15004373407020272,0.3525521298063391,0.35904219813616545
IE4,0.17624028897170685,0.2591580364022508,0.23486251591908444,0.3297391587069579
IO4,0.15259241606138352,0.20667298267289594,0.2945635727034173,0.34617102856230325
EA4,0,0.27129372283179437,0.2327452023995773,0.4959610747686284
EI4,0,0.2824109343567845,0.22115507240667603,0.49643399323653953
EE4,0.2025337087748997,0.18781999343893815,0.30677827450240724,0.302868023283755
EO4,0.10534527622337211,0.2447033554742059,0.25073400948138924,0.3992173588210328
OA4,0.07885987509497165,0.16968012240634459,0.3353961030923486,0.41606389940633515
OI4,0.10981031301793695,0.18565669451020275,0.31541983861405826,0.3891131538578021
OE4,0.22026199222894496,0.1816095615813812,0.3110966535721175,0.2870317926175564
OO4,0.16567798419889396,0.19286446251209435,0.30301050423860554,0.3384470490504062
