AA1,0.5286841228715314,0,0.4713158771284685,0
AI1,0.40389130701955517,0,0.5147265762462725,0.08138211673417234
AE1,0.3098369054262032,0.05269226522266616,0.4031253346487858,0.2343454947023449
AO1,0.2526368707043951,0.007841593650990538,0.5683759540598845,0.17114558158472987
IA1,0.4296681969461215,0.011568484386849473,0.4657115388121822,0.09305177985484694
II1,0.33550937684774323,0.007410936450913245,0.5014683001419946,0.1556113865593489
IE1,0.31548314319419174,0.05480876834219264,0.39916513562634354,0.23054295283727202
IO1,0.21314887910159933,0.010125644424807853,0.5528955130078378,0.2238299634657551
EA1,0,0.300441793431846,0,0.6995582065681539
EI1,0,0.06524226713266988,0.42609066652756017,0.50866706633977
EE1,0.33208274801140486,0.02180858394978972,0.473104974620302,0.1730036934185034
EO1,0.1485095467865395,0.02185376006505209,0.4793238730354948,0.3503128201129136
OA1,0.25020370244733137,0.03948791779918703,0.4783181986689627,0.23199018108451885
OI1,0.19710797131472124,0.02235828657604629,0.5106404465865041,0.2698932955227283
OE1,0.326323001843301,0.04497898922075033,0.4217874016736908,0.20691060726225782
OO1,0.12251563505783869,0.012981955561467175,0.5479798844657757,0.31652252491491845
AA2,0.41421166572849605,0.008842791675926973,0.48715320455849664,0.0897923380370802
AI2,0.30377354110825133,0.009612584023376407,0.5163737664126324,0.17024010845573992
AE2,0,0.2572370618731677,0,0.7427629381268323
AO2,0,0.026366158977476083,0.5796241748323969,0.394009666190127
IA2,0.42599776002958467,0.008561634515486444,0.48558666606659934,0.0798539393883297
II2,0.3345068570213751,0.006088089430384181,0.5181715208883716,0.14123353265986924
IE2,0.33647295739352723,0.04774134680619327,0.4015453893165962,0.2142403064836833
IO2,0.2246890807131251,0.009427429401605604,0.559612581331508,0.20627090855376132
EA2,0,0.2572370618731677,0,0.7427629381268323
EI2,0,0.055473532178227695,0.4685711166800145,0.4759553511417578
EE2,0.346654349723436,0.019411682572662518,0.47219960532365024,0.16173436238025124
EO2,0.1608170357369746,0.020194296072786302,0.4965517545984119,0.3224369135918272
OA2,0.43453507348934267,0.023724074299189886,0.4541413371987569,0.08759951501271056
OI2,0.33897319709151563,0.009242683870209505,0.5097476938643072,0.1420364251739678
OE2,0.3681162513354288,0.018288030887679933,0.4669846292743036,0.1466110885025877
OO2,0.284296191376778,0.0056776844940458525,0.5391372550712791,0.17088886905789724
AA3,0.39341693237369424,0,0.5174182177385591,0.0891648498877466
AI3,0.41314516416904556,0,0.5090533440591203,0.07780149177183396
AE3,0.3163345614918079,0.0739325044956654,0.38206016532722187,0.2276727686853048
AO3,0.4270265233002766,0.009744673619738561,0.48159747794237623,0.08163132513760848
IA3,0.31547781739481456,0,0.5189052624345949,0.1656169201705906
II3,0.34227220705638556,0.012016580759922561,0.49212607825843585,0.15358513392525613
IE3,0.32189222639080667,0.07832864099868879,0.37652044535825696,0.2232586872522475
IO3,0.3636760161427085,0.026238591954814493,0.46151512987643317,0.14857026202604384
EA3,0,0.070865718567717,0.4201701243774121,0.5089641570548709
EI3,0,0.07538543188482123,0.4141471132436258,0.5104674548715531
EE3,0.3448723165058535,0.025267679397839044,0.4588215759156285,0.17103842818067896
EO3,0.24395164615065265,0.049348192791365604,0.4175151313146348,0.2891850297433468
OA3,0,0.018912547930796806,0.5806963219257639,0.4003911301434392
OI3,0.20792620493758857,0.029891101067961775,0.49221458427765197,0.2699681097167976
OE3,0.33528746757537226,0.06274934900772862,0.40089688796288697,0.20106629545401217
OO3,0.25175555337427624,0.045452040877768225,0.4595483466829559,0.2432440590649996
AA4,0.25530843870767755,0,0.5483637377107847,0.1963278235815377
AI4,0.2961968307524831,0.013890068047851964,0.513823500885648,0.17608960031401713
AE4,0,0.31285431772652367,0,0.6871456822734763
AO4,0.31517452828660414,0.03644207606945475,0.4668285386775678,0.18155485696637336
IA4,0.3052583006316467,0,0.5382884187243929,0.15645328064396036
II4,0.33251830061910675,0.008129779487256291,0.5138664404645525,0.14548547942908438
IE4,0.33236879393967184,0.06366557234424892,0.3832536487781115,0.2207119849379677
IO4,0.3566430283343106,0.017775396589844242,0.4841732492670792,0.141408325808766
EA4,0,0.05757535707852401,0.44240156082232585,0.5000230820991503
EI4,0,0.05987423703241112,0.43721021321183506,0.5029155497557538
EE4,0.3490789021874099,0.022077510451885624,0.46052251793256865,0.16832106942813588
EO4,0.24185250337946546,0.04090623394300828,0.43781235031752697,0.2794289123599993
OA4,0.31135638788292136,0.008818614609379924,0.5142987044032193,0.16552629310447922
OI4,0.34020805714315205,0.01010721972781164,0.5033317289798301,0.1463529941492061
OE4,0.37228114353563213,0.020681271182184078,0.45509125293134717,0.15194633235083674
OO4,0.3754543487144626,0.011393202003466964,0.48793013603549223,0.1252223132465783
