AA1,0.5673028507988327,0,0.43269714920116736,0
AI1,0.38687602981357416,0,0.5273198260888452,0.08580414409758055
AE1,0.25640915659387786,0.09972929876249681,0.33771329003935063,0.30614825460427464
AO1,0.2137903791923112,0.010682307604075628,0.5663643505518444,0.20916296265176884
IA1,0.47868899408821974,0.009999331883358576,0.4623119223055024,0.04899975172291922
II1,0.3291627674735585,0.009502625448413623,0.5318797512655036,0.12945485581252422
IE1,0.26604697374783076,0.1024382639944701,0.33135755838825487,0.3001572038694442
IO1,0.1846932516218499,0.013366823910172649,0.5636291995341389,0.23831072493383856
EA1,0,0.32856572686035856,0,0.6714342731396415
EI1,0,0.056333062366912934,0.4001254134530649,0.5435415241800222
EE1,0.2770122938387479,0.038746504119773,0.4648824480106306,0.2193587540308485
EO1,0.08826174696132705,0.04012841532296315,0.4880904345472617,0.3835194031684482
OA1,0.2731728587862224,0.02241087520654072,0.5060054206687149,0.19841084533852196
OI1,0.17963019073440004,0.01854127624492558,0.5406473213942153,0.26118121162645913
OE1,0.28732654226525084,0.08131396607926716,0.3730724807685834,0.2582870108868984
OO1,0.08627423499094951,0.022979005844164072,0.544770389691612,0.34597636947327454
AA2,0.4632444182632726,0.006851706638471045,0.4815047395680776,0.048399135530178716
AI2,0.28233202795015916,0.008167231064290494,0.5520585191467877,0.15744222183876266
AE2,0,0.28534797243817994,0,0.71465202756182
AO2,0,0.035687254089679904,0.5392631798159296,0.4250495660943905
IA2,0.472441878607075,0.006827430423169766,0.4753920534760537,0.045338637493701636
II2,0.32800386137626547,0.006567073154778398,0.5393117651188295,0.1261173003501266
IE2,0.2803373674304171,0.09287250990953075,0.3352028837870496,0.29158723887300253
IO2,0.1888034131477966,0.011489616714899696,0.5644569457238771,0.23525002441342666
EA2,0,0.28534797243817994,0,0.71465202756182
EI2,0,0.05456488098669846,0.41864372271078,0.5267913963025217
EE2,0.2888032852249676,0.03676012933918727,0.46212013752275144,0.21231644791309373
EO2,0.09295467744185945,0.038609267206675374,0.4921013673587339,0.37633468799273134
OA2,0.486730945626709,0.01194491037998791,0.4567097084942087,0.0446144354990943
OI2,0.34436733892657106,0.003725841815001413,0.5358221366846698,0.11608468257375769
OE2,0.3195716243487294,0.0350606302591592,0.457664136425272,0.18770360896683955
OO2,0.2685910585334905,0.0105845002920278,0.5515448794503445,0.1692795617241372
AA3,0.37860192773500545,0,0.5241576232558449,0.09724044900914972
AI3,0.41513324187766737,0,0.5062150166765759,0.07865174144575683
AE3,0.2602997090146794,0.13706010566799565,0.31395162633048673,0.2886885589868382
AO3,0.4385528933067832,0.020242726025315676,0.44956908710088794,0.09163529356701312
IA3,0.3055017997467249,0,0.5495326969355278,0.14496550331774738
II3,0.3563108296689961,0.01494115847183857,0.507399135031549,0.12134887682761643
IE3,0.2703602384322474,0.14179844942467273,0.30596398081410964,0.2818773313289704
IO3,0.3793323191855,0.03540399615611513,0.46128519167878157,0.12397849297960332
EA3,0,0.06299641342483138,0.3936766465563576,0.5433269400188111
EI3,0,0.06618599938810388,0.3887494300490967,0.5450645705627996
EE3,0.29805158546927085,0.04090302631906131,0.44774759217403487,0.21329779603763285
EO3,0.22080678572335008,0.04924943104822717,0.4319744868579395,0.2979692963704832
OA3,0,0.008588132209048464,0.5643100288994397,0.42710183889151176
OI3,0.2120457392771848,0.027374428892193867,0.505472967206026,0.25510686462459536
OE3,0.2981256516502189,0.10887165914958676,0.34885178154367824,0.24415090765651612
OO3,0.24967567686467973,0.0542813798903138,0.46098905553841,0.23505388770659635
AA4,0.22926558839300712,0,0.5777313161577341,0.19300309544925878
AI4,0.293326365927835,0.013068747401606691,0.5348461985565078,0.15875868811405033
AE4,0,0.35390575812364017,0,0.6460942418763598
AO4,0.3106055982502715,0.04461103189218596,0.4766974810797836,0.16808588877775896
IA4,0.29533674873368476,0,0.5565507416326657,0.14811250963364958
II4,0.3481419954427892,0.010159867115173733,0.5169990092843517,0.12469912815768533
IE4,0.2769523936932301,0.11544479771080007,0.3129245747672308,0.29467823382873903
IO4,0.3733587930693645,0.02612795769119913,0.4724747213861671,0.1280385278532694
EA4,0,0.05665783842345401,0.3877041741655795,0.5556379874109665
EI4,0,0.05830214174778022,0.383288631489158,0.5584092267630617
EE4,0.2976852167906411,0.03941397192089283,0.44448368411407635,0.21841712717438982
EO4,0.20934447119040617,0.04674117548478275,0.43522780954253065,0.30868654378228055
OA4,0.3203803078008336,0.00353893337332071,0.5323600458813162,0.1437207129445294
OI4,0.3746211305260776,0.003921757914256945,0.5074091083470894,0.11404800321257588
OE4,0.3347754470175218,0.037213323520046276,0.4368720037969729,0.19113922566545896
OO4,0.40794086771477145,0.011321400447485041,0.47528085803163744,0.10545687380610602
