AA1,0.5674750441011114,0,0.4325249558988885,0
AI1,0.1148101239071952,0,0.7824941027087119,0.10269577338409287
AE1,0.022460782464570637,0.4363088865856472,0.051872307102902165,0.4893580238468799
AO1,0.02493312583084359,0.20068339206435845,0.2702706942096216,0.5041127878951766
IA1,0.227575151775541,0.2182278757933219,0.3234413040308553,0.2307556684002818
II1,0.0531249371516967,0.15480547635717282,0.4377708182128975,0.35429876827823287
IE1,0.02729819851063811,0.45277703637082917,0.04474669250101568,0.47517807261751716
IO1,0.016072268999294245,0.2118258762647107,0.24823770325250055,0.5238641514834945
EA1,0,0.544664476516799,0,0.455335523483201
EI1,0,0.18562191687138782,0.12434131206935722,0.6900367710592549
EE1,0.11956839834234628,0.20500446928886185,0.35790251219640845,0.31752462017238325
EO1,0.02148980579789541,0.16633694854736955,0.3209117853883193,0.49126146026641565
OA1,0.09782555625411207,0.3599286515244813,0.1588290732724777,0.383416718948929
OI1,0.03701476490804299,0.1776402615207142,0.23284210535530753,0.5525028682159353
OE1,0.09400822217106333,0.31363692319711023,0.18894731346230073,0.4034075411695258
OO1,0.012438215374067188,0.1726363708790708,0.24266371402953693,0.5722616997173251
AA2,0.29164579218958997,0.15059427176678714,0.3531124627416299,0.2046474733019931
AI2,0.04681089188122317,0.1462778645947823,0.4558305433300753,0.3510807001939193
AE2,0,0.5045815179908787,0,0.49541848200912136
AO2,0,0.26244565204468456,0.1386380801248484,0.5989162678304671
IA2,0.35559284002605157,0.13152674606618633,0.34926113117789287,0.16361928272986928
II2,0.08681930982715585,0.10521699811918415,0.5331260325113071,0.2748376595423529
IE2,0.06916265534624112,0.4095406812887597,0.060784641867538056,0.4605120214974612
IO2,0.0338530907145335,0.18232102640372488,0.29437201989033374,0.4894538629914079
EA2,0,0.5045815179908787,0,0.49541848200912136
EI2,0,0.18959173517805686,0.16099977681161234,0.6494084880103307
EE2,0.2595253785347724,0.14713391077628338,0.36143138332952424,0.23190932735941996
EO2,0.04254211097974172,0.14348469709682368,0.4026123192550544,0.4113608726683801
OA2,0.2506194264058545,0.2997751955716602,0.16381784229304994,0.28578753572943527
OI2,0.09418741206055531,0.10341266486835711,0.41625480237054063,0.3861451207005469
OE2,0.32222032407544965,0.1280154122631854,0.35484869989210827,0.1949155637692567
OO2,0.1133111013737462,0.10098780835282388,0.49243416440469495,0.29326692586873493
AA3,0.1777634982853242,0,0.687269080648603,0.13496742106607287
AI3,0.30143619394877363,0,0.6120563939656575,0.0865074120855688
AE3,0.03285181720931354,0.5117741482782324,0.03914350249913657,0.4162305320133175
AO3,0.16115843969585014,0.3958774290833208,0.1209423493987796,0.32202178182204955
IA3,0.06616403637772744,0,0.7138482392186555,0.21998772440361722
II3,0.14172870091673165,0.27990227084186237,0.3149892128774641,0.26337981536394195
IE3,0.0416361566725514,0.5335649567806051,0.0327446240649316,0.3920542624819119
IO3,0.162169461782647,0.4012274435793131,0.1436334744679713,0.2929696201700686
EA3,0,0.21007410686650563,0.10876087975688255,0.6811650133766117
EI3,0,0.21822996436926112,0.10488371794326971,0.6768863176874692
EE3,0.2898531365650973,0.17826165940748084,0.25965978773122367,0.2722254162961981
EO3,0.15042709868433068,0.23116653766036532,0.24187897818245468,0.3765273854728493
OA3,0,0.1149409330099273,0.20425880469252033,0.6808002622975523
OI3,0.13004807561439094,0.21796259731400414,0.189478395261118,0.46251093181048697
OE3,0.19844410174082708,0.3069541480261654,0.14605393168146347,0.34854781855154404
OO3,0.15800272452145359,0.346415597540799,0.15050288745516607,0.34507879048258133
AA4,0.016086533929364325,0,0.6522957066325614,0.3316177594380742
AI4,0.0853716603584598,0.22644272184666123,0.34241272828821573,0.34577288950666335
AE4,0,0.5828857577508556,0,0.41711424224914434
AO4,0.07391666891179792,0.45560645999042726,0.10642314577773615,0.36405372532003877
IA4,0.09522130863766459,0,0.714787972687267,0.18999071867506842
II4,0.17924456411594966,0.1569247242853426,0.38708654859827574,0.276744163000432
IE4,0.059770985040385846,0.46033895555056237,0.03893348326038229,0.44095657614866945
IO4,0.19270541152220153,0.32340883436149176,0.1713472033300012,0.3125385507863055
EA4,0,0.20134065620657,0.1145557262668843,0.6841036175265458
EI4,0,0.20503900239056508,0.11076224326054887,0.6841987543488861
EE4,0.29342733307675306,0.17387434301154336,0.258893709349615,0.27380461456208866
EO4,0.1356001129340738,0.22836764601385218,0.24771499431855534,0.3883172467335187
OA4,0.1008662839454392,0.11189124810419106,0.3351011420165782,0.4521413259337916
OI4,0.23872759364652726,0.10542953364826119,0.2930419409261221,0.36280093177908945
OE4,0.37046222120418476,0.15008151250124246,0.2498335813413919,0.2296226849531808
OO4,0.3826029462578648,0.14587744652331205,0.269790594994543,0.2017290122242802
