AA1,0.6900141661285888,0,0.3099858338714112,0
AI1,0.20180334000346048,0,0.7616407841594014,0.0365558758371381
AE1,0.11592431917050912,0.09713892384862097,0.4259714931765473,0.36096526380432253
AO1,0.08116645121583069,0.007289409428714099,0.7531786043768688,0.15836553497858646
IA1,0.29843322890824686,0.036814857621186706,0.5545356153479056,0.11021629812266073
II1,0.06182129761311043,0.01018719794133369,0.7334232782873972,0.1945682261581587
IE1,0.14586728105343827,0.1138519109700901,0.4028963883320492,0.3373844196444224
IO1,0.02918245037572854,0.00953956001048015,0.6938809713564104,0.267397018257381
EA1,0,0.37248828877921625,0,0.6275117112207838
EI1,0,0.039358323722011854,0.13269259734733982,0.8279490789306484
EE1,0.12586243482367984,0.03646291113687096,0.612981288930336,0.22469336510911322
EO1,0.01058298872016124,0.022590177074846073,0.38993134042417077,0.5768954937808219
OA1,0.06865481259418574,0.09324694961989377,0.5187184395931035,0.319379798192817
OI1,0.014554781179239034,0.017011083175026847,0.5440715175830741,0.42436261806266007
OE1,0.16804473364554315,0.08325965433211648,0.47621900768831055,0.27247660433402976
OO1,0.011506539680828596,0.011376074912627002,0.523095513369528,0.45402187203701644
AA2,0.41555436144513347,0.015960843231465346,0.48343314640407936,0.08505164891932193
AI2,0.053406738646405286,0.022820022105576553,0.6912920318322099,0.23248120741580838
AE2,0,0.31400502110489825,0,0.6859949788951016
AO2,0,0.03790177475121437,0.31906421468124196,0.6430340105675437
IA2,0.4822730929936159,0.014174618384738987,0.44246871372346164,0.06108357489818346
II2,0.1190514173445483,0.0055262406997752525,0.7386761255917528,0.13674621636392364
IE2,0.32395337819515363,0.07019060451052431,0.38623206633107326,0.21962395096324877
IO2,0.060527809486382686,0.00660952407071771,0.7309358573568232,0.20192680908607658
EA2,0,0.31400502110489825,0,0.6859949788951016
EI2,0,0.036074815817595536,0.19513176167569138,0.768793422506713
EE2,0.26852898021281524,0.024029270732416615,0.5625541048474543,0.1448876442073138
EO2,0.01970158715878177,0.020461201503894768,0.49116199518578896,0.4686752161515345
OA2,0.550563478569986,0.030495806678068168,0.3446151788081737,0.07432553594377202
OI2,0.14718905679031788,0.006348274057350216,0.695735145547303,0.15072752360502886
OE2,0.3527595460378638,0.02160287117318391,0.5256457371008902,0.09999184568806198
OO2,0.10807587349546849,0.0055437312275706824,0.7466399181931358,0.13974047708382498
AA3,0.32686217835868725,0,0.6278553278350244,0.04528249380628826
AI3,0.4444567064877502,0,0.5307030072599226,0.024840286252327204
AE3,0.18248622097874403,0.2253558714686217,0.3247916078115141,0.2673662997411203
AO3,0.5272273850275048,0.01258179834674177,0.42046236830461636,0.03972844832113709
IA3,0.07481834325867351,0,0.7555697165379391,0.1696119402033873
II3,0.18044577447986493,0.05089081299684672,0.6078035536167079,0.1608598589065805
IE3,0.2229827887423071,0.27719291473606483,0.27514846759253764,0.22467582892909038
IO3,0.2644793761515913,0.06330335737044629,0.5348255605005054,0.1373917059774569
EA3,0,0.08892924857332947,0.14252162045921962,0.7685491309674509
EI3,0,0.11921343435481507,0.12383297588007572,0.7569535897651093
EE3,0.25041710348390084,0.050085520755465476,0.514793958229154,0.1847034175314797
EO3,0.046003044055430764,0.1261982174834803,0.3556499609197682,0.4721487775413208
OA3,0,0.0149201938942043,0.35089072202581983,0.6341890840799759
OI3,0.04730360698903535,0.06167074548804913,0.502525463364827,0.38850018415808846
OE3,0.2916036459310116,0.17565229756520487,0.34205987792951054,0.19068417857427292
OO3,0.10558742357007064,0.09491183855106163,0.5313472596185536,0.2681534782603143
AA4,0.02291092598958038,0,0.7112080878912383,0.2658809861191813
AI4,0.11438224390242797,0.042345939383974955,0.6090153260653391,0.23425649064825796
AE4,0,0.4133351687939897,0,0.5866648312060103
AO4,0.15501542096797488,0.0944227603269473,0.48904127700790617,0.2615205416971717
IA4,0.1143738157878381,0,0.747178975567512,0.13844720864465002
II4,0.2567855702609374,0.008635602041016004,0.6042358175178983,0.1303430101801483
IE4,0.4015436453209091,0.08956316121480117,0.2956058921565488,0.2132873013077409
IO4,0.3727207516476161,0.01388155093293941,0.5046048260152203,0.10879287140422421
EA4,0,0.03597083767628993,0.16542977871380643,0.7985993836099037
EI4,0,0.04163024715106556,0.14781283559802766,0.8105569172509068
EE4,0.37118193061238913,0.027036691537908338,0.45463825772700384,0.14714312012269873
EO4,0.06899982485383407,0.058241876853146794,0.4023405345932972,0.47041776369972194
OA4,0.1447208406972729,0.005965431480836324,0.6425718185159516,0.2067419093059391
OI4,0.31929649828580525,0.0069006205096249305,0.5375338723985419,0.1362690088060279
OE4,0.4860535772291175,0.02270767509519168,0.39697989729232397,0.0942588503833667
OO4,0.4766418687064849,0.009215291849175663,0.4392592896910021,0.07488354975333744
