AA1,0.4477300883954728,0,0.5522699116045272,0
AI1,0.1643883218444705,0,0.691162310774369,0.14444936738116054
AE1,0.03289326603301845,0.4021484754662747,0.11275972356889294,0.45219853493181394
AO1,0.03547561644204674,0.15518680973080204,0.34360678534602906,0.46573078848112215
IA1,0.07970181771613401,0.2724817060818905,0.2533486586587032,0.39446781754327226
II1,0.034437679238756465,0.1929608314414738,0.2987198800520377,0.47388160926773204
IE1,0.037494562114774733,0.4174685714165598,0.10286329381592395,0.4421735726527416
IO1,0.013943773545801199,0.16096724885463187,0.28154283850133294,0.543546139098234
EA1,0,0.5323444675331344,0,0.46765553246686564
EI1,0,0.34531830300436395,0.07597450851363867,0.5787071884819974
EE1,0.047552572444173546,0.33284177531272796,0.19800860657144398,0.4215970456716545
EO1,0.009565153851973934,0.2649911154331539,0.17276900031586723,0.5526747303990049
OA1,0.0269682659543814,0.38757825444853783,0.09961632768668643,0.48583715191039434
OI1,0.014817734874007895,0.2621824243002958,0.16065959463892815,0.5623402461867683
OE1,0.04366303856221719,0.37529307348359353,0.1439009721018988,0.4371429158522904
OO1,0.009790702197458185,0.20702678729363705,0.19971813194976476,0.58346437855914
AA2,0.117329807301529,0.19903191312370536,0.3229762278541067,0.36066205172065907
AI2,0.03950363390526822,0.1883773215553437,0.32490386639290475,0.4472151781464832
AE2,0,0.5077326046621746,0,0.4922673953378253
AO2,0,0.23319377456329857,0.1983675223739779,0.5684387030627235
IA2,0.2109773416348259,0.1777012023652165,0.31776334095556863,0.2935581150443889
II2,0.08453813192915054,0.14101244427007337,0.3983932255984527,0.37605619820232333
IE2,0.10592865170992727,0.3562496775885833,0.14661893863387881,0.3912027320676107
IO2,0.03147084807381064,0.1311488745920192,0.3719521547183187,0.4654281226158513
EA2,0,0.5077326046621746,0,0.4922673953378253
EI2,0,0.3327890056223018,0.12019334248909944,0.5470176518885987
EE2,0.12651939266067594,0.2686880597045602,0.2626506633012434,0.3421418843335204
EO2,0.01911824962036138,0.24081830087474396,0.26535128770174826,0.4747121618031464
OA2,0.11457424877549455,0.35372564765327774,0.11668953771444049,0.4150105658567872
OI2,0.04814244331922531,0.22120110537405,0.25698482326449645,0.4736716280422282
OE2,0.1611531308878766,0.2571160994942401,0.2646920502316703,0.3170387193862131
OO2,0.04189335974683646,0.16927851873971234,0.35685338530147015,0.43197473621198107
AA3,0.20244122748977034,0,0.6262393323482036,0.1713194401620261
AI3,0.2749633154769265,0,0.5919101350165727,0.13312654950650077
AE3,0.04334005976019907,0.4309879115639512,0.09829948360103043,0.4273725450748193
AO3,0.18368961133294398,0.24930984859609442,0.2633433575432092,0.30365718252775237
IA3,0.038500475980680064,0,0.5751865166915219,0.38631300732779794
II3,0.05749286812605341,0.25694401151429896,0.26070975055489587,0.4248533698047518
IE3,0.054592500480769246,0.44848455614894644,0.0879345610751093,0.408988382295175
IO3,0.06627678835804339,0.30396698827053165,0.20606680008967984,0.42368942328174514
EA3,0,0.354120524498287,0.0714943654780083,0.5743851100237047
EI3,0,0.3686469314517571,0.06405388421320511,0.5672991843350378
EE3,0.07691059709537663,0.33711480680928657,0.1735948997145671,0.4123796963807697
EO3,0.015304042824279798,0.38518214331872236,0.09161298898557693,0.5079008248714211
OA3,0,0.21443391905492765,0.17663165691085064,0.6089344240342216
OI3,0.02542712196433541,0.30286339310388993,0.1420334236633749,0.5296760612683996
OE3,0.07088885035640742,0.3908918271043368,0.12530806577797396,0.41291125676128176
OO3,0.03362015883857326,0.346460675947078,0.1383313089171118,0.4815878562972369
AA4,0.015221865190501246,0,0.5915294064264691,0.3932487283830297
AI4,0.04961089865775145,0.2574747867126595,0.24968758023161297,0.4432267343979761
AE4,0,0.564586632593519,0,0.435413367406481
AO4,0.04817523316946037,0.3414911362865478,0.16160311442917208,0.4487305161148199
IA4,0.0865828340112862,0,0.6154586851825035,0.29795848080621046
II4,0.12163778173804948,0.18244419099802875,0.305735273282484,0.3901827539814377
IE4,0.1110220547604345,0.3920068755446183,0.11004382571809654,0.3869272439768507
IO4,0.14270525645714532,0.23592213494531084,0.23324807312276222,0.38812453547478165
EA4,0,0.34661941872849716,0.09275234368682864,0.5606282375846742
EI4,0,0.3552231453291341,0.08380548424588469,0.5609713704249812
EE4,0.1439138115587494,0.2991633751223555,0.19474792270412622,0.36217489061476876
EO4,0.02263294963752464,0.3704473900835782,0.11516302963770615,0.4917566306411911
OA4,0.026653657041671035,0.2207466130098721,0.23241259244286008,0.5201871375055968
OI4,0.0780391820127654,0.24093813341418943,0.19742636979827868,0.4835963147747665
OE4,0.18682701150314787,0.2846706404330765,0.19443248258249338,0.3340698654812822
OO4,0.11390188831400684,0.27205054288968145,0.19380950136660746,0.4202380674297042
