AA1,0.4018258657512396,0,0.5981741342487604,0
AI1,0.07396504037452334,0,0.6099458923150873,0.31608906731038927
AE1,0.03165703212051408,0.364257434435021,0.10748599562737671,0.4965995378170882
AO1,0.032983856277983836,0.20010586498191293,0.28307409021014196,0.4838361885299612
IA1,0.13549179249920904,0.2721854378686014,0.2650818455478112,0.3272409240843784
II1,0.03961492162788428,0.17062128414963038,0.3187178702026199,0.4710459240198655
IE1,0.03658838659460984,0.38421129423037503,0.09582722071753526,0.4833730984574799
IO1,0.02373394136917401,0.21979503430722563,0.2533158203426788,0.5031552039809215
EA1,0,0.5337552991532918,0,0.46624470084670816
EI1,0,0.24105584022839424,0.1787476377600211,0.5801965220115848
EE1,0.0468592834790303,0.23014259820099667,0.2559951844543824,0.4670029338655905
EO1,0.01645815654268548,0.21534607711093398,0.2433234401381866,0.5248723262081939
OA1,0.06566754484171484,0.3599259753910656,0.16281824099987866,0.41158823876734085
OI1,0.020329268642400113,0.21652963891105287,0.23856552530894753,0.5245755671375995
OE1,0.04475344215619406,0.3272933418195167,0.15942486931367122,0.46852834671061805
OO1,0.01694796878516082,0.22873447490076695,0.23070374630598953,0.5236138100080827
AA2,0.16116349504675545,0.2111635711860688,0.30686493920987196,0.32080799455730374
AI2,0.02975485663163398,0.1947301125445372,0.3178450843358392,0.45766994648798964
AE2,0,0.49972348204343026,0,0.5002765179565699
AO2,0,0.283329198302753,0.1812430080444931,0.535427793652754
IA2,0.19691783129907522,0.2052917297221025,0.3063118408220887,0.29147859815673366
II2,0.05397214133076018,0.13627983264571789,0.38828483164250555,0.4214631943810163
IE2,0.07498160430059002,0.3413732587428412,0.1302632747033862,0.45338186225318267
IO2,0.04041519595410841,0.18881530545063896,0.3093047937509159,0.46146470484433677
EA2,0,0.49972348204343026,0,0.5002765179565699
EI2,0,0.219404099267552,0.23611071542126863,0.5444851853111795
EE2,0.08755214734887297,0.19422031961637656,0.3115356006178927,0.40669193241685786
EO2,0.02582466929615893,0.19030894773173995,0.31050507946545247,0.47336130350664857
OA2,0.15125199131808964,0.3101533830854434,0.18311209463414144,0.3554825309623255
OI2,0.04136874045029808,0.1291781274949782,0.3884991515193807,0.440953980535343
OE2,0.1155916476534873,0.1917918286914815,0.31153291509589504,0.3810836085591362
OO2,0.06046038087972193,0.1439480128592449,0.38172698478215394,0.4138646214788792
AA3,0.10176823841009383,0,0.547244959556704,0.35098680203320204
AI3,0.1682913558741613,0,0.5348142737153622,0.2968943704104766
AE3,0.04398466612047007,0.43232311463069933,0.08995043480269486,0.43374178444613576
AO3,0.10971458388463202,0.31820432934166165,0.19257126262543592,0.37950982414827034
IA3,0.05040433911371195,0,0.5409451423924265,0.40865051849386136
II3,0.08156613403684146,0.23626970703605035,0.27777893728986774,0.40438522163724056
IE3,0.054173697775039394,0.4560003164659726,0.07841463177071542,0.4114113539882724
IO3,0.08411234672702504,0.3208516481137275,0.194777670246239,0.40025833491300855
EA3,0,0.2770910975094988,0.1632951009822876,0.5596138015082135
EI3,0,0.2924832201890882,0.15390555750080448,0.5536112223101073
EE3,0.08622252110937846,0.25774791124843993,0.22006204716910888,0.43596752047307274
EO3,0.039884650449776994,0.2844759380733705,0.19332301129460483,0.48231640018224764
OA3,0,0.17481625609802823,0.25906036812827443,0.5661233757736974
OI3,0.04735578989039105,0.27404540679829914,0.21003067444248377,0.468568128868826
OE3,0.0773857705746641,0.378841861913812,0.13318547507164885,0.4105868924398752
OO3,0.06388554107649144,0.3327974610131753,0.16979687602927598,0.4335201218810574
AA4,0.018156782283365026,0,0.558347720003436,0.42349549771319894
AI4,0.04796063901096614,0.27819384270808795,0.2508727675259184,0.4229727507550276
AE4,0,0.5880736126636897,0,0.4119263873363104
AO4,0.03638618198893249,0.4021319990555398,0.14379051480293095,0.4176913041525966
IA4,0.062410586296248266,0,0.5664678446366296,0.371121569067122
II4,0.0993244438199042,0.19116942566291348,0.3025678864409354,0.40693824407624696
IE4,0.08375785817144289,0.4114938862032166,0.08937953015910385,0.41536872546623665
IO4,0.106877034688726,0.28244918815908593,0.21041504019472457,0.40025873695746356
EA4,0,0.25970459292423914,0.17823779176388313,0.5620576153118777
EI4,0,0.26936803328271486,0.1690456319197555,0.5615863347975297
EE4,0.11384409936285643,0.23642608893765815,0.22859004836533728,0.42113976333414815
EO4,0.04884671210120654,0.26435373449616795,0.2065851014805969,0.4802144519220287
OA4,0.04187057656667558,0.14909375584627294,0.3210230202928023,0.48801264729424926
OI4,0.09239932045536191,0.16163908291986662,0.29814640762522876,0.4478151889995428
OE4,0.1545983945750325,0.2301928862895652,0.2252727111545689,0.3899360079808335
OO4,0.1442053003400591,0.19748260403103546,0.2620894091663632,0.3962226864625422
