AA1,0.5786407383307203,0,0.42135926166927984,0
AI1,0.4303611162555419,0,0.5297622653995262,0.03987661834493195
AE1,0.318063719010488,0.08656080679873189,0.34894973079298375,0.24642574339779624
AO1,0.23781997236554403,0.011544037610497491,0.5877972836543152,0.1628387063696433
IA1,0.47348808678751136,0.006232574866055277,0.46440822621490385,0.05587111213152963
II1,0.3546388043539892,0.0042009537503459515,0.538527621216519,0.10263262067914578
IE1,0.32484169749258196,0.08784147796806004,0.34464066860995923,0.24267615592939862
IO1,0.2036240298218591,0.01251964849535511,0.5810631590079641,0.20279316267482167
EA1,0,0.3850467322164869,0,0.6149532677835131
EI1,0,0.07188239048448611,0.35773851321631445,0.5703790962991996
EE1,0.3725844798377978,0.020213648995991425,0.48906500498359,0.11813686618262081
EO1,0.13305496932123317,0.020354642480670086,0.5167578849151582,0.3298325032829386
OA1,0.2355343830932199,0.04626078997938886,0.47002841064932477,0.24817641627806636
OI1,0.1680733560762534,0.03192075855107134,0.5151661132341596,0.28483977213851563
OE1,0.37003835676671315,0.058439525015103216,0.4082843566124105,0.163237761605773
OO1,0.1081524058585575,0.016480368591726274,0.5454650814097737,0.3299021441399426
AA2,0.4513556148549881,0.004809279581450645,0.4845562753653484,0.05927883019821281
AI2,0.3079796716141891,0.0055055914798718165,0.5574995749568912,0.12901516194904794
AE2,0,0.3306945544804554,0,0.6693054455195446
AO2,0,0.049077542991703305,0.48485567408236335,0.4660667829259333
IA2,0.46366278233843994,0.004646051027499239,0.48085010680999446,0.05084105982406633
II2,0.3424894718477145,0.0037578365959642242,0.5555778142734257,0.09817487728289569
IE2,0.35525459830062805,0.07572065511656018,0.3417631302810327,0.22726161630177905
IO2,0.2099688097092186,0.011944639972820192,0.5828149319837644,0.1952716183341968
EA2,0,0.3306945544804554,0,0.6693054455195446
EI2,0,0.06404991263008154,0.3953356427278148,0.5406144446421037
EE2,0.39617987202596394,0.01861530302968391,0.47335970469991756,0.11184512024443446
EO2,0.13746768829113334,0.019522449971037654,0.5204281300701156,0.32258173166771337
OA2,0.4918975076424937,0.018124620842793027,0.43203204074320484,0.057945830771508326
OI2,0.3609763010581232,0.007338622317010697,0.53569999823758,0.09598507838728602
OE2,0.42615302986766157,0.01662055024896628,0.4647302829265495,0.09249613695682248
OO2,0.31572765216573184,0.003996438169193525,0.5652528796568501,0.11502303000822434
AA3,0.41427704496122875,0,0.5362150480814536,0.049507906957317646
AI3,0.44955127117187116,0,0.5126249716164367,0.037823757211692
AE3,0.30873980328324235,0.13723355081238256,0.31668604696027813,0.23734059894409704
AO3,0.4830965086021367,0.012023243976334622,0.4574421022041109,0.04743814521741783
IA3,0.3175126295397231,0,0.5695379448147851,0.11294942564549168
II3,0.36496174709183726,0.012143450147910937,0.5200392390669518,0.10285556369329993
IE3,0.31435633415067293,0.14441174938293694,0.3094148782978923,0.23181703816849789
IO3,0.4100376232047941,0.03232796746774847,0.45317301957115075,0.10446138975630677
EA3,0,0.08732115836699077,0.34764197273792036,0.5650368688950889
EI3,0,0.09012785520230808,0.3433044599766005,0.5665676848210914
EE3,0.38042294959955464,0.02263329397341055,0.4768804214157473,0.12006333501128753
EO3,0.2734582537921815,0.05057442097591719,0.43334058375872986,0.24262674147317143
OA3,0,0.016953769746684402,0.5417147431804136,0.4413314870729022
OI3,0.19092702517442825,0.04631084198067994,0.4778698289096056,0.28489230393528614
OE3,0.37080110188074755,0.08709667058563257,0.3821092347465417,0.15999299278707813
OO3,0.2657360195161395,0.07885248650637276,0.40894233462461677,0.24646915935287086
AA4,0.24538373063534433,0,0.59611426989079,0.15850199947386562
AI4,0.3065850682602222,0.009991173580365482,0.5469641722769145,0.13645958588249782
AE4,0,0.3961009724962542,0,0.6038990275037458
AO4,0.33654335909194144,0.048912732848299445,0.45804483883193386,0.1564990692278252
IA4,0.30283230336951783,0,0.5849349442146641,0.11223275241581819
II4,0.3508995367687282,0.00635027898655706,0.5400992379841896,0.10265094626052503
IE4,0.34230141166548184,0.09918298769659471,0.31417981348348584,0.2443357871544377
IO4,0.40070646517402875,0.02407358830239761,0.46940993497183514,0.10581001155173846
EA4,0,0.06400944852979264,0.34417186194849037,0.591818689521717
EI4,0,0.06465880706882446,0.34047283753530583,0.5948683553958698
EE4,0.39763423488335214,0.020612644329394282,0.46044064641421545,0.12131247437303808
EO4,0.2638041738388805,0.0427819319170499,0.44007883720269025,0.2533350570413792
OA4,0.33951636281381864,0.006987357954814198,0.5310034652197324,0.12249281401163466
OI4,0.3850638713209367,0.007084721622063524,0.5077019348112747,0.10014947224572517
OE4,0.4339592354513067,0.01806977909445568,0.44834786178560476,0.09962312366863285
OO4,0.45674375346988727,0.007012937342781602,0.4700867756077269,0.06615653357960412
