AA1,0.4998775611401925,0,0.5001224388598074,0
AI1,0.0690729977545955,0,0.7580303747854222,0.17289662745998235
AE1,0.01786141555003101,0.3940507214358688,0.07951388826644666,0.5085739747476535
AO1,0.01939471169586198,0.19535322383119802,0.26599985526454667,0.5192522092083933
IA1,0.13406552546265413,0.2853586631543018,0.26163064827978827,0.31894516310325577
II1,0.029546706616404673,0.17267441065411526,0.3430639878115124,0.45471489491796757
IE1,0.02262615895138393,0.4254163013180707,0.06511625923733015,0.4868412804932152
IO1,0.0072591297497537535,0.2169503123214557,0.2313157022749066,0.5444748556538839
EA1,0,0.5555261663500465,0,0.44447383364995346
EI1,0,0.20029281721016745,0.1477946756474513,0.6519125071423812
EE1,0.042915959695968627,0.22457605231289446,0.30719576745646454,0.4253122205346724
EO1,0.0034158755781289072,0.1911070917538201,0.277620147978331,0.5278568846897199
OA1,0.06607460465251654,0.365091257514651,0.14070948523896595,0.42812465259386656
OI1,0.021156617441325114,0.1714293628975024,0.23019602043448253,0.5772179992266899
OE1,0.0342340998582227,0.3407156598018235,0.1534949566820514,0.4715552836579024
OO1,0.0026348461329718915,0.1927567027642091,0.22230657316033461,0.5823018779424844
AA2,0.20810473093043874,0.19718494107358583,0.31408436600128636,0.28062596199468903
AI2,0.027034707622542984,0.1869725456379281,0.34871416156404805,0.437278585175481
AE2,0,0.5062386442865201,0,0.49376135571347984
AO2,0,0.28050172292171816,0.1272951780950027,0.5922030989832792
IA2,0.25688347303942116,0.18225389792808463,0.3174314127837394,0.24343121624875474
II2,0.04594707781400499,0.12825058703865938,0.4529083996006385,0.3728939355466971
IE2,0.09883818746946571,0.36182579046427504,0.09477999288467277,0.4445560291815866
IO2,0.038180093862752895,0.17842501498596525,0.296235475604214,0.4871594155470678
EA2,0,0.5062386442865201,0,0.49376135571347984
EI2,0,0.18968397984001167,0.20738450109686288,0.6029315190631255
EE2,0.16603351724371412,0.16497714658080245,0.3516027759972626,0.317386560178221
EO2,0.021479873647309723,0.1630467917162386,0.3758137267748073,0.4396596078616444
OA2,0.18097569757165222,0.3108397272059148,0.15855088411498416,0.3496336911074489
OI2,0.039224591669913135,0.09164551472573138,0.4432389879581834,0.42589090564617205
OE2,0.21859923837156417,0.15195484251886368,0.3528248221245945,0.2766210969849776
OO2,0.057958976196850906,0.11035745569472426,0.4729546612778651,0.3587289068305598
AA3,0.11951926454865378,0,0.6545793538856907,0.22590138156565567
AI3,0.24534914347991815,0,0.6005278634432257,0.15412299307685612
AE3,0.03420078784406591,0.4814040292464018,0.058956861495779285,0.42543832141375304
AO3,0.12714229238700178,0.34300090735868893,0.15387353302421306,0.3759832672300961
IA3,0.03712236866047807,0,0.6395444009218351,0.3233332304176867
II3,0.099037782530552,0.2911781435620852,0.2572571960815855,0.35252687782577735
IE3,0.05149633829698376,0.5186031150565968,0.04576008276492662,0.38414046388149276
IO3,0.10655349384531448,0.37444608424929093,0.15606806049709326,0.3629323614083014
EA3,0,0.23727057532972942,0.1267398311064074,0.6359895935638632
EI3,0,0.2534472524949484,0.11812954045441083,0.6284232070506408
EE3,0.164195006526658,0.22701688347767976,0.23102359099410025,0.377764519001562
EO3,0.05867508810456194,0.26787515785665583,0.19758932942658441,0.4758604246121978
OA3,0,0.12381834144030543,0.238339144953631,0.6378425136060636
OI3,0.079764466099799,0.235972950010832,0.1875480401543591,0.49671454373500984
OE3,0.11043571086399927,0.37178750722728277,0.1154004664228536,0.40237631548586433
OO3,0.09076966207103067,0.3288516146646602,0.16141754276860212,0.4189611804957071
AA4,0.00895153501930476,0,0.6198523403540113,0.371196124626684
AI4,0.06427625194957517,0.2822805210573276,0.24194775501186974,0.4114954719812276
AE4,0,0.6084961520970068,0,0.39150384790299325
AO4,0.03700186571743766,0.4473103640769923,0.09633745890919036,0.41935031129637956
IA4,0.07528600084966859,0,0.6560220271082619,0.26869197204206957
II4,0.12731808690013335,0.188037541912091,0.31491221977669687,0.3697321514110788
IE4,0.09138363406040438,0.43628172665395654,0.05764332027550529,0.41469131901013384
IO4,0.1255528364994568,0.30034043843437114,0.1860967983495926,0.38800992671657947
EA4,0,0.2215318870039823,0.14392640370127763,0.6345417092947401
EI4,0,0.22781359101744048,0.13559138152171446,0.636595027460845
EE4,0.20192183617323542,0.20661900530766944,0.23618314266771287,0.3552760158513822
EO4,0.060428072582400995,0.2520311888090697,0.21491691759833176,0.4726238210101976
OA4,0.022152579967487568,0.10508564391833852,0.3428342822594249,0.529927493854749
OI4,0.15069984347281296,0.11109301487897043,0.30739130591085945,0.430815835737357
OE4,0.27396461905626074,0.1874620574200527,0.2315340831004527,0.3070392404232338
OO4,0.21833936325450154,0.1663874839867683,0.2757175725619067,0.33955558019682347
