AA1,0.5149902463204313,0,0.48500975367956867,0
AI1,0.1679554024983657,0,0.7554098101838582,0.0766347873177761
AE1,0.09909169357479264,0.28137984588028186,0.21800791088996788,0.40152054965495754
AO1,0.09712416655612857,0.04991342392583186,0.49407567616913384,0.35888673334890586
IA1,0.19732164438145164,0.11624628181460564,0.3717759551294733,0.31465611867446935
II1,0.0807472646914512,0.05417826286164021,0.4681285269569041,0.3969459454900044
IE1,0.11111589068028445,0.3172880638311847,0.20028390198637377,0.37131214350215713
IO1,0.05247248416384409,0.06591627902029953,0.4244042139011523,0.457207022914704
EA1,0,0.5711944959447084,0,0.42880550405529166
EI1,0,0.23446358564048356,0.10309620022271997,0.6624402141367965
EE1,0.15261963862014358,0.15600086337828614,0.38077214471177734,0.31060735328979305
EO1,0.027796702060099716,0.10646887200051619,0.311755404348315,0.553979021591069
OA1,0.07424174805611544,0.2979017718037151,0.14826658017372718,0.4795898999664423
OI1,0.034677555604838685,0.14245306659652046,0.24509195361891195,0.5777774241797289
OE1,0.14781287545699054,0.22799368044251458,0.2954760083832648,0.32871743571723
OO1,0.027258980558005574,0.0880705146729416,0.3328866836490734,0.5517838211199795
AA2,0.2111502255835659,0.08112024621837763,0.4155264002930334,0.2922031279050231
AI2,0.05714618268885501,0.0753304152000048,0.4464343200161221,0.421089082095018
AE2,0,0.5362162154889786,0,0.4637837845110213
AO2,0,0.1539158333289597,0.21130955026324275,0.6347746164077974
IA2,0.29496865289620205,0.06668455291347446,0.42448957763127915,0.21385721655904438
II2,0.11957150760752566,0.03258602932748216,0.5696204293276015,0.2782220337373907
IE2,0.2598772232114083,0.21339803412736433,0.2448616209892665,0.2818631216719608
IO2,0.08804084469101611,0.04313899232964239,0.5327386682227214,0.33608149475662014
EA2,0,0.5362162154889786,0,0.4637837845110213
EI2,0,0.20816859822554495,0.15813572056265682,0.6336956812117981
EE2,0.3264428299916229,0.08824154762365262,0.391597885809355,0.19371773657536961
EO2,0.04237492439322831,0.08058300383801417,0.43235213249877913,0.4446899392699784
OA2,0.2111338292856475,0.26626301984417416,0.1894347407079398,0.3331684101622386
OI2,0.08990119112546183,0.0839227659262621,0.43110101287979485,0.3950750300684813
OE2,0.3699770339568244,0.07807395394654343,0.38832895312000676,0.1636200589766254
OO2,0.10099584300552963,0.03815370810574378,0.5555081581879852,0.3053422907007415
AA3,0.24414025007569984,0,0.6540671201871532,0.10179262973714681
AI3,0.3230663192572678,0,0.6105492725107465,0.06638440823198567
AE3,0.12431847538059297,0.3472683225698904,0.1810821879118205,0.3473310141376961
AO3,0.2965683262194648,0.12018251085592903,0.36781284685944166,0.21543631606516458
IA3,0.06726470514804306,0,0.6558186197211713,0.27691667513078566
II3,0.12813453109523354,0.088899707020813,0.41426275952654434,0.3687030023574091
IE3,0.14165888635795953,0.3858833825940709,0.16120512611217022,0.31125260493579937
IO3,0.1523741983718049,0.20815210954532595,0.28502251668375733,0.3544511753991119
EA3,0,0.282844992765852,0.10003188499057808,0.6171231222435699
EI3,0,0.31391529125773887,0.08743004883774869,0.5986546599045124
EE3,0.22746385759157492,0.18224518989186347,0.3166805861950348,0.2736103663215268
EO3,0.059674472759411026,0.307745016600199,0.17896677577227385,0.4536137348681162
OA3,0,0.11600792752857578,0.21876534947428466,0.6652267229971396
OI3,0.05399026051925912,0.1944206942511191,0.21553229025623163,0.5360567549733901
OE3,0.20841443936997997,0.2700119549413424,0.24142561785100355,0.2801479878376741
OO3,0.09219096975220153,0.26320527793795684,0.2185326036118329,0.4260711486980086
AA4,0.017198249454183537,0,0.6464823691023448,0.3363193814434717
AI4,0.07880968893692597,0.11303719751903364,0.362414870228385,0.4457382433156553
AE4,0,0.6113330073677222,0,0.3886669926322778
AO4,0.07207442344653772,0.2593937174851264,0.20022886433190498,0.4683029947364309
IA4,0.08991394975336509,0,0.6994420805029804,0.21064396974365457
II4,0.17671322135437725,0.049850384796713554,0.4644351030373279,0.3090012908115813
IE4,0.26978402309203275,0.26908320948431624,0.18619180414673575,0.27494096327691525
IO4,0.228175687188021,0.13665057063224714,0.32569225262946166,0.3094814895502702
EA4,0,0.2325566499644755,0.13333951444899947,0.6341038355865249
EI4,0,0.2561009862292727,0.11816086750465829,0.6257381462660689
EE4,0.3742348881586523,0.11553912850410054,0.3061540140590354,0.2040719692782118
EO4,0.09271688362425247,0.24486172747744916,0.2240288057222527,0.43839258317604574
OA4,0.07590861700919588,0.08357084263991266,0.3744943191587557,0.4660262211921357
OI4,0.13780972830649577,0.11112213705731583,0.34240207482554963,0.4086660598106387
OE4,0.425886299518523,0.10162673813965929,0.30061031871659466,0.17187664362522292
OO4,0.2577424260235186,0.1288302891928147,0.3270809904105427,0.28634629437312387
