AA1,0.5153289408573131,0,0.484671059142687,0
AI1,0.403121933037148,0,0.49665752702605775,0.10022053993679432
AE1,0.3170457825744504,0.05967925400659238,0.379785315252652,0.24348964816630506
AO1,0.2619916431134056,0.01668104632417766,0.5382544214580521,0.18307288910436453
IA1,0.43717131944569354,0.0123307942661273,0.46776002398937805,0.08273786229880119
II1,0.354591882144532,0.009359072847011879,0.48568632952662244,0.1503627154818335
IE1,0.31993217300829974,0.06015860621783293,0.3776235581614596,0.2422856626124077
IO1,0.23771168456301156,0.017725362311371246,0.5328729023044341,0.21169005082118333
EA1,0,0.24131751455336042,0,0.7586824854466395
EI1,0,0.05987522482513955,0.4878574095906261,0.45226736558423425
EE1,0.3261277654610869,0.027838558755068545,0.4413615587576203,0.20467211702622426
EO1,0.1638480695201925,0.03003592101029173,0.4843367555926845,0.3217792538768314
OA1,0.2642153165195122,0.02788483547686221,0.5150921253722419,0.19280772263138374
OI1,0.21364291597942728,0.021683481596925645,0.5283666024219014,0.23630700000174568
OE1,0.32476933989676016,0.0534953979100626,0.3979957134260088,0.2237395487671683
OO1,0.1355491746197645,0.023790548314430403,0.558215977637736,0.28244429942806903
AA2,0.4223182332767667,0.009539808149732697,0.48850324365891407,0.07963871491458667
AI2,0.324068359167217,0.010017649390237799,0.503736551698123,0.1621774397444221
AE2,0,0.2316479873825366,0,0.7683520126174633
AO2,0,0.03403087599277163,0.6311268769441493,0.33484224706307925
IA2,0.4299239555852736,0.009806983724296768,0.48569133236110473,0.07457772832932498
II2,0.3500403123811258,0.007954206176801492,0.4992455969739395,0.14275988446813317
IE2,0.3298024402594435,0.05923287119361535,0.3821152947147202,0.2288493938322209
IO2,0.24597040096891556,0.017748843295261104,0.5358828510727639,0.20039790466305948
EA2,0,0.2316479873825366,0,0.7683520126174633
EI2,0,0.05460356157533813,0.5144747407631105,0.4309216976615514
EE2,0.3323654937167079,0.026081323465546487,0.4462152038888579,0.19533797892888774
EO2,0.17547762875015624,0.02840796149918615,0.4942973559337494,0.30181705381690815
OA2,0.4366653457338114,0.015307367129572823,0.4731115564498683,0.07491573068674758
OI2,0.35937187978274593,0.008361656557436106,0.49420792902678473,0.1380585346330333
OE2,0.3484866337986207,0.02475678064075552,0.44572574143468674,0.18103084412593712
OO2,0.295009292549724,0.01054760580781795,0.5211863809394709,0.17325672070298725
AA3,0.39267266592106576,0,0.5005640180195037,0.10676331605943064
AI3,0.4063897295054686,0,0.4969339947294521,0.09667627576507934
AE3,0.32364253618702815,0.07209018365306126,0.3670361673894412,0.2372311127704695
AO3,0.4134293961804475,0.014677426059897811,0.47402052984827936,0.09787264791137537
IA3,0.34034817499596154,0,0.5007033147547568,0.15894851024928172
II3,0.3565900094649277,0.012419450816593474,0.48204688469157003,0.14894365502690887
IE3,0.3266034613446685,0.07288426972267444,0.36463482507159123,0.23587744386106585
IO3,0.36792837433877335,0.026748182119118037,0.46140614317513223,0.14391730036697642
EA3,0,0.06536451579658975,0.48064993110976634,0.453985553093644
EI3,0,0.06646205555594666,0.4780021762504034,0.45553576819364994
EE3,0.33491983935093306,0.030125824694214806,0.4330095749729438,0.20194476098190847
EO3,0.27879623863806685,0.04486983858157925,0.4122776131029238,0.2640563096774301
OA3,0,0.01677428591570997,0.6321865005787913,0.3510392135054987
OI3,0.2254601842156069,0.02724972744048051,0.5127359980698558,0.23455409027405671
OE3,0.3326555963632671,0.06520998278005352,0.384467796920151,0.21766662393652844
OO3,0.26567412026867604,0.04024608614290209,0.48093733065224553,0.21314246293617614
AA4,0.286766444534123,0,0.5315594487156834,0.1816741067501935
AI4,0.3130173573496186,0.013827684263040166,0.5070417361020497,0.16611322228529143
AE4,0,0.2798129466990866,0,0.7201870533009135
AO4,0.3237314025593935,0.03287956546064256,0.4806776108288779,0.1627114211510862
IA4,0.3241274472558427,0,0.5200761920875535,0.15579636065660368
II4,0.3410689492534734,0.01024190454968587,0.5027835960055924,0.1459055501912482
IE4,0.31881597002599,0.07552350780792812,0.37397723254198956,0.23168328962409238
IO4,0.3521860476097058,0.025976950905097607,0.4808319911403654,0.1410050103448311
EA4,0,0.05862518807478384,0.4965682783352378,0.44480653358997835
EI4,0,0.05926307957084731,0.49408611257695745,0.4466508078521952
EE4,0.3263118197535009,0.028887040053249446,0.4444152953154653,0.20038584487778435
EO4,0.2688937115365287,0.04081716343816361,0.4304169142847374,0.2598722107405703
OA4,0.3310679802690639,0.008206078651190489,0.504664888925372,0.15606105215437371
OI4,0.3526028525945193,0.009469556792758401,0.49645315371282484,0.14147443689989744
OE4,0.3443384223281285,0.027309264704027073,0.4430035277626143,0.18534878520523007
OO4,0.3715835427565983,0.015513145271425135,0.48159989395351116,0.1313034180184655
