AA1,0.4314292132240793,0,0.5685707867759207,0
AI1,0.036638205514269176,0,0.7107864460084039,0.2525753484773268
AE1,0.013276043924229378,0.3590208292475584,0.09933690413856824,0.5283662226896438
AO1,0.013721313557413555,0.14712037933280167,0.3325756124448349,0.5065826946649498
IA1,0.14970237485957688,0.21654357104013314,0.342332646663983,0.2914214074363069
II1,0.012776959051583854,0.11780616058187607,0.39820371703537233,0.4712131633311678
IE1,0.018753686048231234,0.38915048761203935,0.08051751825643162,0.5115783080832977
IO1,0.00617061257288855,0.1637722936586189,0.29180623595155075,0.5382508578169418
EA1,0,0.5560437957752128,0,0.4439562042247871
EI1,0,0.21069186548333008,0.15156112099298547,0.6377470135236846
EE1,0.025962390831994274,0.22806202154802738,0.2604988932659402,0.4854766943540381
EO1,0.004726373145560452,0.19969905215029016,0.23495100500727234,0.560623569696877
OA1,0.08035419410356978,0.3168203908800609,0.1986352513669298,0.4041901636494396
OI1,0.008644583135298877,0.15489215942133563,0.2719233486330511,0.5645399088103145
OE1,0.024558498882317117,0.3323173422954904,0.14681826833985834,0.4963058904823341
OO1,0.0048611628593526815,0.17876942118476177,0.23935726683904812,0.5770121491168374
AA2,0.19017931648104142,0.15210429531458455,0.39098072853891197,0.266735659665462
AI2,0.007829812016091986,0.13457657714039684,0.3910905848803703,0.4665030259631408
AE2,0,0.5057501561194295,0,0.4942498438805706
AO2,0,0.2289855087885587,0.1903265932614831,0.5806878979499581
IA2,0.24974705599313918,0.14141320486546669,0.3793230819774175,0.2295166571639766
II2,0.022382632468175515,0.09027594985173083,0.4863728525105637,0.40096856516952983
IE2,0.07564961108702431,0.3396937635939788,0.11204986250182244,0.4726067628171744
IO2,0.019948337514356887,0.13962048923285636,0.35523203514609725,0.48519913810668946
EA2,0,0.5057501561194295,0,0.4942498438805706
EI2,0,0.19883718995229765,0.20820959805021855,0.592953211997484
EE2,0.09768661252891803,0.18403728986225631,0.31533414838652163,0.4029419492223041
EO2,0.013967325675538829,0.17659466174378974,0.31547714238103175,0.4939608701996397
OA2,0.1865217311407071,0.2663348219807843,0.22492963241608777,0.3222138144624208
OI2,0.01713938136312371,0.09879484057492388,0.4431119061433071,0.4409538719186454
OE2,0.13846747447293972,0.17881588861552655,0.3146098760763484,0.36810676083518534
OO2,0.02659089321960238,0.11300294873077812,0.42964565070990857,0.43076050733971094
AA3,0.08240894958433558,0,0.6281663247387047,0.2894247256769596
AI3,0.16826287574721213,0,0.6068014150390604,0.22493570921372744
AE3,0.02848916879381116,0.4423317619090023,0.0793795451406685,0.449799524156518
AO3,0.11387337302656128,0.28252563834367134,0.20910247684733493,0.3944985117824324
IA3,0.026615743202685182,0,0.6033381165456335,0.3700461402516812
II3,0.07881785229766891,0.19998756968430836,0.33848309706901647,0.3827114809490063
IE3,0.050739178982920304,0.48081981391465556,0.06056001189385179,0.4078809952085724
IO3,0.08841401459768138,0.313969163526112,0.20589946142748955,0.39171736044871713
EA3,0,0.24645727574433507,0.1443545642046527,0.6091881600510122
EI3,0,0.26621997384602114,0.13159176986107257,0.6021882562929063
EE3,0.10147367264696978,0.24338533699380072,0.21700749027331928,0.43813350008591023
EO3,0.029961854822299443,0.27756809144013866,0.18069627312816247,0.5117737806093995
OA3,0,0.11696220552542971,0.2716205723120253,0.6114172221625451
OI3,0.07102006999302533,0.2108280129165459,0.23695083390445115,0.4812010831859775
OE3,0.08299978726187378,0.3785802607723242,0.11774741917065942,0.42067253279514255
OO3,0.06574150038344102,0.2977610625416269,0.1827654607832584,0.4537319762916737
AA4,0.00904690346131288,0,0.6014388013547703,0.3895142951839168
AI4,0.03637547012395044,0.2037938743941434,0.3186272275888707,0.4412034278930355
AE4,0,0.6091286539236552,0,0.39087134607634477
AO4,0.025650933859911972,0.38290101441543095,0.14799107811389478,0.44345697361076225
IA4,0.04257340370886101,0,0.6321551729161087,0.3252714233750303
II4,0.09489342635685721,0.12774480844755856,0.3831630953332831,0.3941986698623011
IE4,0.0871858360134225,0.40211243353252657,0.07555363151339733,0.43514809894065365
IO4,0.11336408834434694,0.24397025841267717,0.23306127047762407,0.40960438276535194
EA4,0,0.2275790216586682,0.1635636780487674,0.6088573002925644
EI4,0,0.23690414237799018,0.15050294381958076,0.6125929138024291
EE4,0.12973130287323728,0.2207778332365557,0.22740313009846624,0.42208773379174075
EO4,0.03516797613620492,0.2552016269870865,0.19789617565970685,0.5117342212170019
OA4,0.030672988922082353,0.10535146408083752,0.3662769465823107,0.49769860041476943
OI4,0.1266609195394932,0.11350201820826705,0.33466213215774065,0.42517493009449914
OE4,0.1876550259477857,0.21095441846810328,0.2212456604421344,0.3801448951419767
OO4,0.1545329281711051,0.17061427107841823,0.27606086864406865,0.398791932106408
