AA1,0.546998413603861,0,0.453001586396139,0
AI1,0.129726419420776,0,0.7600416082566098,0.11023197232261424
AE1,0.039465007560154655,0.4245891439408817,0.06771904197400795,0.46822680652495563
AO1,0.04214124863438449,0.23162336245142237,0.23715639114432105,0.489078997769872
IA1,0.19650260660173258,0.2596997741490898,0.27187055861053994,0.27192706063863775
II1,0.048280884453635826,0.19753187686801627,0.3618239453327029,0.39236329334564507
IE1,0.04402399374742037,0.43822630514394423,0.06145161549014038,0.45629808561849505
IO1,0.03158426744153956,0.241864916448451,0.22082558701162977,0.5057252290983796
EA1,0,0.5239677040056013,0,0.4760322959943987
EI1,0,0.20786768534662764,0.12607015394162774,0.6660621607117447
EE1,0.14391259187822192,0.21469033820587188,0.3276245458800174,0.31377252403588884
EO1,0.032360083710567124,0.19306777521417093,0.3130570737495741,0.46151506732568787
OA1,0.08128551733675511,0.3853167397645108,0.12676513519365645,0.40663260770507775
OI1,0.02598896045052819,0.21560260582596108,0.21047480413373487,0.5479336295897759
OE1,0.11993454283120489,0.3084127492416807,0.2095624813725011,0.36209022655461326
OO1,0.028226407431580013,0.19895460081704575,0.2496766846290344,0.52314230712234
AA2,0.2663277189865742,0.18974529614247926,0.30695127967581315,0.23697570519513342
AI2,0.03869249672084848,0.18769376449401243,0.39420317583534165,0.3794105629497974
AE2,0,0.49744167804413714,0,0.5025583219558629
AO2,0,0.2992127783436686,0.11209603893373815,0.5886911827225931
IA2,0.31257405738252403,0.17025024128752295,0.3140103909857295,0.20316531034422347
II2,0.0761162369649946,0.1416275715954869,0.46248025624165856,0.3197759351978601
IE2,0.09832746270080062,0.39460869056831804,0.08592264337406798,0.4211412033568134
IO2,0.06331842663310493,0.2100457161787722,0.2687974045950108,0.457838452593112
EA2,0,0.49744167804413714,0,0.5025583219558629
EI2,0,0.20764880670918215,0.1774064145953325,0.6149447786954853
EE2,0.2740479355512789,0.15212486137978687,0.348965569433002,0.2248616336359322
EO2,0.054306328260482935,0.1637381497763005,0.4066375384062391,0.37531798355697743
OA2,0.17196520676190757,0.34306379258712943,0.13226772687802543,0.3527032737729376
OI2,0.05012364034380081,0.11877788949676168,0.40108657480031384,0.4300118953591237
OE2,0.32282048235384997,0.1357906380650278,0.35010334484829203,0.19128553473283016
OO2,0.12987097726813568,0.1127214329558874,0.4736602626284416,0.28374732714753537
AA3,0.17822837471818556,0,0.6642924907194682,0.15747913456234633
AI3,0.28958538783336485,0,0.6130825054795092,0.09733210668712602
AE3,0.04863265056477656,0.4909959626548296,0.05223654630392523,0.40813484047646864
AO3,0.10740140428777466,0.4173625104590723,0.10495035780481062,0.37028572744834237
IA3,0.08220953537706294,0,0.6721939261537218,0.24559653846921528
II3,0.11007213354698772,0.29897899273153705,0.2817036595399684,0.30924521418150674
IE3,0.05592338531665337,0.5097132262414321,0.046328465540629575,0.38803492290128494
IO3,0.15407049890323857,0.40328645001905666,0.13077476618920067,0.31186828488850404
EA3,0,0.2435792440432145,0.10871980428570227,0.6477009516710831
EI3,0,0.25281575824078134,0.10499981455463588,0.6421844272045828
EE3,0.2789863249657105,0.19724317400334312,0.24780320555669363,0.2759672954742527
EO3,0.14891951125589262,0.24943239519508847,0.2356449122389463,0.36600318131007253
OA3,0,0.1446923036278006,0.17398935236486054,0.6813183440073388
OI3,0.09975916161534422,0.2616958538087513,0.17246091551863912,0.46608406905726535
OE3,0.20080843097778941,0.31232451115297455,0.1661242498328986,0.3207428080363373
OO3,0.14921358423420572,0.34952975506105277,0.15368957420562113,0.3475670864991204
AA4,0.022483081527819117,0,0.635981329093376,0.3415355893788049
AI4,0.06255589403057533,0.277329261159463,0.29442452103324585,0.36569032377671573
AE4,0,0.5727116498910504,0,0.42728835010894956
AO4,0.06319524903482825,0.4671256666594944,0.08250454709002938,0.3871745372156479
IA4,0.12480087021507343,0,0.6702601209802032,0.20493900880472338
II4,0.14351644151064236,0.2051836635051707,0.3353868608330624,0.31591303415112454
IE4,0.08349727377475408,0.4543729959486656,0.05502325606159646,0.4071064742149839
IO4,0.17597755178946556,0.3459663204587763,0.1494699082859427,0.32858621946581545
EA4,0,0.22822905372967628,0.12132378880666106,0.6504471574636626
EI4,0,0.23218483580168162,0.11795388927747226,0.6498612749208462
EE4,0.2996449578657638,0.1844511650141757,0.250994946945036,0.2649089301750245
EO4,0.15375305959624733,0.23827120306526675,0.24545847322818334,0.3625172641103026
OA4,0.06503819785593758,0.13195063941180876,0.3026979277756752,0.5003132349565784
OI4,0.16697908699629777,0.13072332662458355,0.2784444150515009,0.4238531713276178
OE4,0.3591904375615664,0.16472263475670745,0.24786023841937563,0.22822668926235046
OO4,0.31192526833751727,0.17466598379501716,0.2764832343880644,0.23692551347940105
