AA1,0.4441205314701604,0,0.5558794685298396,0
AI1,0.17237022396154134,0,0.5908975962259444,0.23673217981251415
AE1,0.1033819199687607,0.21008123190337943,0.2918996833508919,0.3946371647769679
AO1,0.1053826910815654,0.07988717584500843,0.4441601881633023,0.37056994491012396
IA1,0.12076574096573504,0.1715138375482001,0.3241049457117569,0.38361547577430805
II1,0.06930183157521914,0.10469779200853477,0.389851402260028,0.43614897415621806
IE1,0.1184022697495182,0.23530667089775031,0.27273752255560163,0.37355353679712977
IO1,0.060917456387565405,0.10059507940335234,0.39599228315896934,0.44249518105011293
EA1,0,0.4848055648167025,0,0.5151944351832975
EI1,0,0.22559376844768203,0.21014400657771673,0.5642622249746012
EE1,0.12386739873402397,0.16829821412132678,0.34767167506783736,0.36016271207681183
EO1,0.03451982117819533,0.14770666835379764,0.31961120775971474,0.49816230270829215
OA1,0.07320281246192643,0.2639492281719809,0.21593846448838308,0.44690949487770965
OI1,0.037508650239829716,0.15771180105879037,0.31015047403587304,0.4946290746655068
OE1,0.12674885571264732,0.206010321996748,0.30675020566927375,0.360490616621331
OO1,0.038358272386751824,0.12389930191414307,0.3532332868038186,0.4845091388952864
AA2,0.14012346301608145,0.1288668417100004,0.3750594206138007,0.35595027466011736
AI2,0.05603393496005953,0.12730706358484015,0.37939828066154213,0.43726072079355827
AE2,0,0.452962134278513,0,0.547037865721487
AO2,0,0.1822984407037679,0.28807482631608516,0.529626732980147
IA2,0.18015136173455998,0.12458382598723573,0.37786088426982406,0.31740392800838024
II2,0.10224366900226518,0.07736787347408677,0.458404570897165,0.3619838866264832
IE2,0.2058278373793519,0.17535866091735955,0.31188334089662206,0.3069301608066664
IO2,0.09685965544406001,0.07595714197968413,0.46151199602969634,0.3656712065465596
EA2,0,0.452962134278513,0,0.547037865721487
EI2,0,0.19549816666479727,0.27886950329976395,0.5256323300354387
EE2,0.20739176152462038,0.1223155840471423,0.38423065121376726,0.2860620032144701
EO2,0.05345285285120838,0.12000023528992237,0.39518251628633466,0.4313643955725347
OA2,0.154835393815905,0.22683701079075394,0.2512306352248313,0.3670969601685098
OI2,0.08160920203399283,0.10562680370028994,0.4175300464179912,0.39523394784772603
OE2,0.22932002167729348,0.11895458250030505,0.3842236930189905,0.2675017028034109
OO2,0.1003354282082689,0.07803129966407975,0.45987817031636286,0.36175510181128845
AA3,0.18783944990436496,0,0.548575738103455,0.2635848119921801
AI3,0.2318941528130815,0,0.5451702330073268,0.22293561417959157
AE3,0.12628800140318544,0.24716188519803275,0.2624250058560697,0.36412510754271216
AO3,0.19907437952218335,0.12606968689805875,0.38421718252615,0.290638751053608
IA3,0.06710748520985939,0,0.5214140134471431,0.41147850134299746
II3,0.09147634966510328,0.13583188650216582,0.35916245610279746,0.41352930772993346
IE3,0.14585033136274514,0.2754420526359348,0.24045019942598905,0.33825741657533087
IO3,0.10970784653506425,0.1864666575260281,0.31454252623345214,0.3892829697054555
EA3,0,0.24708900258177843,0.21104643897062023,0.5418645584476014
EI3,0,0.27158633416776706,0.19221720488715272,0.5361964609450802
EE3,0.1569668000935811,0.19332050430359357,0.3147107217399594,0.3350019738628659
EO3,0.05638928002218892,0.2592289753025895,0.23241183355001288,0.4519699111252088
OA3,0,0.1364511710595708,0.31855204054631026,0.544996788394119
OI3,0.05128787054397158,0.19604170596763637,0.2841610752479116,0.46850934824048035
OE3,0.15880827845840684,0.23922679555189919,0.27291814537611353,0.32904678061358045
OO3,0.07941408754372742,0.2201983214290571,0.27533729889521724,0.4250502921319983
AA4,0.02173001034999786,0,0.5526160108028573,0.4256539788471449
AI4,0.06585717035162351,0.16777965648605797,0.32935846838738236,0.4370047047749361
AE4,0,0.5206034311127877,0,0.47939656888721227
AO4,0.062071040595479646,0.23498655847574992,0.25778757458049034,0.4451548263482801
IA4,0.08932908302712646,0,0.5592610638836057,0.3514098530892677
II4,0.12458900964063316,0.10192833226532742,0.4022760690967267,0.3712065889973128
IE4,0.22488798884417222,0.21374349354687466,0.2613127637455262,0.3000557538634269
IO4,0.1547394228251035,0.1437776813952049,0.35094876012172854,0.350534135657963
EA4,0,0.2180763003681596,0.2569001042067825,0.5250235954250578
EI4,0,0.23933967569375367,0.23599292508600475,0.5246673992202415
EE4,0.23272883832442057,0.15054091995009386,0.32950396492839656,0.287226276797089
EO4,0.08240610833546817,0.22041105129383098,0.27176094670004336,0.4254218936706575
OA4,0.059144569475897885,0.10564885977620853,0.3967093125738787,0.4384972581740148
OI4,0.10123069057947862,0.13260208525554149,0.36323039603686075,0.4029368281281192
OE4,0.25849406686452037,0.1458528898870841,0.32807712157804775,0.2675759216703479
OO4,0.1598611571864709,0.14505095340066929,0.3468672193965593,0.3482206700163005
