AA1,0.5715447522343925,0,0.42845524776560745,0
AI1,0.35817582727939745,0,0.5791096121928146,0.06271456052778783
AE1,0.34889988488096346,0.0230019851922618,0.5145223848680129,0.1135757450587619
AO1,0.3425148358414012,0.008715833872045022,0.5560039516708294,0.09276537861572441
IA1,0.39745663466485415,0.03714563385140161,0.4031791254380054,0.16221860604573896
II1,0.25813552530433126,0.010351245764555202,0.5414400416044136,0.1900731873267
IE1,0.3855205340561521,0.024671594757181496,0.49533997573243965,0.0944678954542267
IO1,0.27637906175003357,0.010918793065579708,0.5672952808873741,0.14540686429701238
EA1,0,0.33483188537314273,0,0.6651681146268573
EI1,0,0.021311355971788886,0.35636280443279883,0.6223258395954123
EE1,0.3551275659282519,0.012164046614792458,0.541153183894583,0.09155520356237254
EO1,0.19214853113946093,0.012458797529006376,0.5534129572483453,0.2419797140831875
OA1,0.30981295140329435,0.07190432110495369,0.36134015817495485,0.2569425693167971
OI1,0.1701327492133031,0.017441163507888775,0.49735449488536876,0.31507159239343924
OE1,0.3819480644337417,0.020241753505850755,0.5135884156057224,0.08422176645468507
OO1,0.21419632763326996,0.013347975683872143,0.5569954091172726,0.21546028756558522
AA2,0.4258861479888188,0.020627186095269937,0.43365884393077,0.11982782198514122
AI2,0.2326003364792235,0.02373521406090781,0.5102066943517797,0.233457755108089
AE2,0,0.28757014476837195,0,0.712429855231628
AO2,0,0.06517569051778413,0.33156212028940435,0.6032621891928116
IA2,0.4453360411666849,0.01976715945337509,0.42693004285917385,0.10796675652076607
II2,0.28472059417296847,0.006435015921109824,0.5785812517216627,0.13026313818425903
IE2,0.4600295405552657,0.015604783055642722,0.4616322594773522,0.06273341691173955
IO2,0.3184862867411379,0.007417778900768291,0.5748591887828202,0.09923674557527357
EA2,0,0.28757014476837195,0,0.712429855231628
EI2,0,0.017962270826150047,0.49882561211402254,0.48321211705982736
EE2,0.42213998587961865,0.00822033338725765,0.5088029776972818,0.06083670303584193
EO2,0.2234868897889376,0.009706095714863246,0.5997832295276263,0.16702378496857273
OA2,0.4543985279194431,0.04030823224507509,0.37171160186445223,0.13358163797102962
OI2,0.23675857088400318,0.005260900993780191,0.6036399926693249,0.15434053545289164
OE2,0.44808382941908653,0.007793373286584119,0.4938535412655158,0.05026925602881363
OO2,0.31079237785353125,0.00523381910268524,0.5862556754249852,0.0977181276187982
AA3,0.3821806111383688,0,0.544401849778194,0.0734175390834372
AI3,0.43633549901474383,0,0.5104185845158042,0.053245916469451995
AE3,0.3906578332013129,0.049119860004971996,0.46332541778069414,0.09689688901302085
AO3,0.4422240291766984,0.021267766888843853,0.47217778919964415,0.06433041473481362
IA3,0.26101537226272603,0,0.5745186525233502,0.1644659752139237
II3,0.30458321292373103,0.06032479918753566,0.46381548550184015,0.17127650238689301
IE3,0.42824059632437206,0.06790558156033985,0.42599144189665383,0.07786238021863436
IO3,0.3712175812539232,0.05609529607222728,0.45759130617396676,0.11509581649988268
EA3,0,0.04958858380491442,0.3769702524871962,0.5734411637078894
EI3,0,0.08723205226600095,0.3444399547622457,0.5683279929717534
EE3,0.41261917754847505,0.016099847807926504,0.49153630416907246,0.07974467047452614
EO3,0.289254671635145,0.039272113656548674,0.49331342734044187,0.17815978736786456
OA3,0,0.017047700007954456,0.425848787286629,0.5571035127054165
OI3,0.21801756627596736,0.06683332775753845,0.4284289155146637,0.28672019045183056
OE3,0.4357890159952969,0.042706592270131974,0.4506503810816605,0.07085401065291064
OO3,0.3315001550016174,0.0645613763654639,0.45598743875056813,0.1479510298823505
AA4,0.12835795362641497,0,0.5988290816560977,0.27281296471748734
AI4,0.25689311565836886,0.04473455276320204,0.46103529346116306,0.237337038117266
AE4,0,0.4126155267841279,0,0.5873844732158722
AO4,0.2448237702129324,0.09781075492599899,0.382147160025876,0.2752183148351927
IA4,0.2880558165146949,0,0.5874770235975016,0.12446715988780352
II4,0.3493990162156292,0.010616095059730445,0.5064224292970914,0.13356245942754896
IE4,0.5072855363430884,0.02124443871682686,0.4094987959514038,0.061971228988681015
IO4,0.42022726945354816,0.01626853660259763,0.4734022680212221,0.0901019259226321
EA4,0,0.020481329768840536,0.45542655465782267,0.5240921155733369
EI4,0,0.025485303276295584,0.433387269182696,0.5411274275410084
EE4,0.47144298983115923,0.010537396123775047,0.45666452037251093,0.06135509367255488
EO4,0.3270903009283042,0.01803950543693236,0.5139565844950627,0.14091360913970066
OA4,0.2251331683896018,0.005618338338130382,0.5637686531593795,0.20547984011288822
OI4,0.30974240528993,0.006927120669202276,0.5214018321498429,0.16192864189102474
OE4,0.5037724807659885,0.00977692367806576,0.43668018665961383,0.04977040889633184
OO4,0.42351867259277787,0.008530271827652593,0.4865305757520033,0.08142047982756616
