AA1,0.6888200818771879,0,0.3111799181228121,0
AI1,0.2459624297122069,0,0.7354868247791547,0.018550745508638427
AE1,0.187542825625444,0.11000733291626154,0.3933892248298339,0.30906061662846057
AO1,0.10464356463254758,0.004853598812251841,0.7592059784835564,0.13129685807164418
IA1,0.3599652481239559,0.03336878912478521,0.531742186704581,0.07492377604667795
II1,0.10375650712708959,0.012645171652577983,0.75851123741478,0.12508708380555242
IE1,0.21546210293440327,0.13088654810210296,0.3721106176456429,0.28154073131785096
IO1,0.04345359691629458,0.007561474883610225,0.7457341952979349,0.20325073290216022
EA1,0,0.41465823488276554,0,0.5853417651172345
EI1,0,0.04289467032045211,0.09297270842606221,0.8641326212534857
EE1,0.22370001441630116,0.02687811202562548,0.6314279943515556,0.11799387920651776
EO1,0.015087662996396805,0.01758458954083758,0.4726171322810557,0.49471061518171006
OA1,0.06779705741798477,0.11577163867150851,0.48242320764940866,0.3340080962610981
OI1,0.016651749658743074,0.02171669397568903,0.5255083657372432,0.43612319062832466
OE1,0.26681987029283577,0.06988117551890365,0.4924847689076539,0.17081418528060666
OO1,0.014349406334452986,0.008407482411765291,0.5455353724389356,0.43170773881484614
AA2,0.44728498960428104,0.015710866846049103,0.47621286201215396,0.0607912815375158
AI2,0.0786416122096354,0.02292410988384023,0.72814476541259,0.17028951249393431
AE2,0,0.35931046332532396,0,0.640689536674676
AO2,0,0.04361486016591055,0.26701042664398766,0.6893747131901018
IA2,0.5128837848829634,0.013088847665150819,0.43318019293862997,0.040847174513255924
II2,0.16518355049109126,0.006242120240539659,0.7440996501093207,0.08447467915904844
IE2,0.38576675310334757,0.07435329699032549,0.35992034854217747,0.17995960136414932
IO2,0.07718081371079748,0.004917516763437549,0.7656009658603573,0.15230070366540768
EA2,0,0.35931046332532396,0,0.640689536674676
EI2,0,0.0417661155794211,0.14710698352596735,0.8111269008946116
EE2,0.3761671654633606,0.015704233182895683,0.5359320397783923,0.07219656157535138
EO2,0.02501417901527031,0.014840521082327423,0.583094875652464,0.3770504242499383
OA2,0.5788485008176814,0.03742637275915679,0.3207166760392803,0.0630084503838816
OI2,0.20821086787861343,0.005269142341622547,0.6746858522628886,0.11183413751687546
OE2,0.4412472935970489,0.011901981564882634,0.4973803030632649,0.049470421774803625
OO2,0.1528410982463419,0.00230175553319645,0.7614374058416102,0.08341974037885136
AA3,0.3510195983535432,0,0.6262888027722423,0.02269159887421454
AI3,0.45989555009721117,0,0.5274985111683994,0.012605938734389458
AE3,0.2124781141345008,0.30046108634179824,0.27746056306897915,0.2096002364547219
AO3,0.5596324401697446,0.014844565785949717,0.3980124704298876,0.02751052361441825
IA3,0.107353102032545,0,0.7949076742205797,0.09773922374687534
II3,0.22420545083036605,0.06400994565281584,0.6136709435442008,0.09811365997261733
IE3,0.23103663153207588,0.3568254340353708,0.2382397383661422,0.17389819606641124
IO3,0.3449201562115365,0.08494598517044866,0.48611736981861436,0.0840164887994005
EA3,0,0.11131523859377175,0.09982306362996733,0.7888616977762609
EI3,0,0.14407200023582376,0.08716092245069818,0.7687670773134782
EE3,0.36524304005637576,0.03562087458015994,0.5064398529025845,0.09269623246087985
EO3,0.09328186188293393,0.14154436480845425,0.4229818342004328,0.3421919391081789
OA3,0,0.011689368617399559,0.3203298431839186,0.6679807881986819
OI3,0.05363336721483746,0.08859155489269405,0.4769444828818279,0.3808305950106407
OE3,0.38395020007852926,0.13328742701643972,0.36099803560995775,0.12176433729507324
OO3,0.14837781305507217,0.142496756227036,0.49869232034443894,0.21043311037345291
AA4,0.027703028797219142,0,0.7632006755368058,0.20909629566597498
AI4,0.13746666425317428,0.04250383153973532,0.6456225248725164,0.17440697933457408
AE4,0,0.45551330302144893,0,0.544486696978551
AO4,0.20807720066815188,0.11100102285758924,0.45826554740332187,0.222656229070937
IA4,0.14284741739478948,0,0.7776678396924188,0.07948474291279152
II4,0.2942762413947284,0.010047807815867293,0.6146504287134152,0.0810255220759891
IE4,0.42457138946702816,0.09844643636781884,0.29002208987728784,0.1869600842878651
IO4,0.44100939522221505,0.016557473738142117,0.4724038628241176,0.07002926821552527
EA4,0,0.04001161818085778,0.11573775309362944,0.8442506287255128
EI4,0,0.04660462271488289,0.10385610295635749,0.8495392743287596
EE4,0.4666078319231583,0.018231663083980203,0.4405106331214712,0.07464987187139044
EO4,0.1304004732524947,0.068263981026501,0.46445470053151006,0.33688084518949424
OA4,0.20031295317822223,0.004405040046904493,0.637280092400882,0.15800191437399128
OI4,0.36825946857811914,0.006355761593056175,0.5245825520232378,0.10080221780558685
OE4,0.5472790021689494,0.013275950722909654,0.390557097499047,0.04888794960909403
OO4,0.5658380947265818,0.005618464623211482,0.3906051941316364,0.03793824651857049
