AA1,0.5154053484216634,0,0.48459465157833664,0
AI1,0.32948403501821083,0,0.5936498155885045,0.07686614939328468
AE1,0.11700077571927103,0.36870784153407754,0.14175328246500724,0.3725381002816442
AO1,0.11653662306616666,0.21096870057605793,0.3096075488917345,0.3628871274660409
IA1,0.1913628534905306,0.2451549988642733,0.26354539910422503,0.2999367485409711
II1,0.13702025472961324,0.22503848419698824,0.2939878294493463,0.3439534316240522
IE1,0.12070115240244958,0.375688079250152,0.13801068605580946,0.36560008229158886
IO1,0.08483836925204492,0.21527895308734843,0.2945934387768549,0.40528923888375173
EA1,0,0.5255190410741639,0,0.474480958925836
EI1,0,0.3540706335687499,0.057457788184501944,0.5884715782467481
EE1,0.19537999089682534,0.25448564446800426,0.26681141731367214,0.2833229473214982
EO1,0.06745498788166518,0.21447070485680542,0.251941363451845,0.4661329438096844
OA1,0.06858089320305458,0.39780940145435034,0.10790243193900922,0.4257072734035859
OI1,0.047511131029852355,0.3197714279972003,0.14404447915365873,0.4886729618192887
OE1,0.17210867169591174,0.30335173829173706,0.21492707502051042,0.3096125149918407
OO1,0.05923042870277333,0.21972966136288674,0.23566780729149003,0.4853721026428499
AA2,0.20929009709791188,0.20206105633654012,0.29670360461650885,0.2919452419490391
AI2,0.1235192247236446,0.20524333779856638,0.3223111106188057,0.34892632685898334
AE2,0,0.5120090752292711,0,0.487990924770729
AO2,0,0.2671292253071327,0.16662712023095816,0.5662436544619092
IA2,0.26575887161810957,0.18611015384801577,0.306651585408517,0.24147938912535755
II2,0.18628341959312128,0.1770959650607693,0.3518336249967621,0.28478699034934735
IE2,0.19084544357924668,0.3167942110651383,0.17645847132362213,0.315901874031993
IO2,0.1265497500965155,0.1824418749442011,0.3432401501106433,0.34776822484864006
EA2,0,0.5120090752292711,0,0.487990924770729
EI2,0,0.35013322491343746,0.08557819819223028,0.5642885768943323
EE2,0.2802953979379236,0.1994326411321661,0.29822217099807613,0.22204978993183427
EO2,0.09322107043433386,0.1926444911518744,0.3244150232283084,0.38971941518548336
OA2,0.152018148840636,0.37099186992497,0.12853266986336906,0.34845731137102504
OI2,0.11982501574204853,0.2571229571703441,0.24116680906980803,0.3818852180177994
OE2,0.30588303115829185,0.1856600690029063,0.3063781297160427,0.20207877012275907
OO2,0.15087890942053583,0.16341739797614352,0.37667564781244567,0.30902804479087503
AA3,0.31999622386521465,0,0.574060367136411,0.10594340899837448
AI3,0.3727294657441209,0,0.5537018160266957,0.07356871822918348
AE3,0.11314889480405023,0.39192871715341127,0.1365135088244563,0.3584088792180822
AO3,0.24714676105380767,0.2533607526236496,0.25843860088268195,0.24105388543986075
IA3,0.14915249864943045,0,0.577855202618772,0.27299229873179776
II3,0.15248542191757278,0.25522439327672847,0.27216982150649716,0.3201203632992016
IE3,0.11709889235593106,0.4001406116303506,0.13229183927587532,0.3504686567378431
IO3,0.17998905927477163,0.31058508874890406,0.20466058736684842,0.30476526460947595
EA3,0,0.3736351606223065,0.05537740278848854,0.5709874365892049
EI3,0,0.3848636549513636,0.050331269958973995,0.5648050750896624
EE3,0.21493646940461522,0.25488124932180095,0.25052117622378944,0.2796611050497945
EO3,0.08128689646341286,0.36120433627170456,0.13346173121756558,0.424047036047317
OA3,0,0.2783221094903449,0.13550621329797172,0.5861716772116833
OI3,0.06596616077638297,0.3331320980599891,0.13567342687390446,0.4652283142897235
OE3,0.1843464527751516,0.3073450635055068,0.20707737328218506,0.3012311104371566
OO3,0.11790267489433028,0.36222986984415634,0.14612146589193337,0.37374598936958
AA4,0.05994486069479966,0,0.5599690753376222,0.3800860639675781
AI4,0.12497180000073407,0.24775776298178293,0.2746504101433737,0.35262002687410926
AE4,0,0.5526739194735545,0,0.4473260805264456
AO4,0.12935337880661502,0.3354757421658929,0.18816381150140923,0.3470070675260828
IA4,0.2000223378245431,0,0.583161772184654,0.21681588999080292
II4,0.19025734431513258,0.2149977377900367,0.30125231938048747,0.2934925985143433
IE4,0.17672702219602765,0.351294026089976,0.1521795521910378,0.3197993995229586
IO4,0.223664990820271,0.2720416071173784,0.22347697807443292,0.28081642398791773
EA4,0,0.3548247265053953,0.068508876870884,0.5766663966237205
EI4,0,0.36153910456542987,0.06257590317629168,0.5758849922582785
EE4,0.27984503551979995,0.22085084658474716,0.2591347291641546,0.2401693887312983
EO4,0.10652737466005259,0.337562535818836,0.15485742296870594,0.4010526665524054
OA4,0.08983716617953771,0.26714782320363395,0.21857323523405447,0.4244417753827738
OI4,0.12972764068023093,0.27512161647649763,0.1988762446750124,0.3962744981682591
OE4,0.30683844661354465,0.20720895296880842,0.26521789937035667,0.22073470104729015
OO4,0.22887203463306477,0.2666110417736037,0.21370899048028252,0.29080793311304903
