AA1,0.518081795335126,0,0.481918204664874,0
AI1,0.3667493047675363,0,0.5268284623824036,0.10642223285006007
AE1,0.29719892705088585,0.05097430286058893,0.3845951150293002,0.26723165505922497
AO1,0.25238007568108745,0.009808720313422661,0.5424426648438101,0.19536853916167976
IA1,0.3942789513856677,0.006901896074379491,0.49564198633562107,0.10317716620433164
II1,0.2867854571149768,0.004912848434842467,0.5249703393941699,0.18333135505601067
IE1,0.3041832137016678,0.05234386912074634,0.3802273864716856,0.26324553070590034
IO1,0.20480893038293477,0.011963223147092255,0.5403000118836785,0.24292783458629452
EA1,0,0.21708732665197536,0,0.7829126733480246
EI1,0,0.052912643990208987,0.4156389994104115,0.5314483565993796
EE1,0.2936158034717271,0.02784573409853218,0.45527099718331804,0.22326746524642266
EO1,0.10936740561955918,0.028621802874036522,0.4813346225595211,0.3806761689468832
OA1,0.21492415056230635,0.019072701542288885,0.5296788790981538,0.23632426879725105
OI1,0.1487202102885189,0.012708392265447838,0.5486334137401296,0.2899379837059038
OE1,0.3073588421268818,0.046222919367035584,0.40365624659117494,0.2427619919149077
OO1,0.10541264547100108,0.015482695582635894,0.5559985844051919,0.32310607454117113
AA2,0.3849306817751118,0.004720147403820287,0.5129773856101066,0.09737178521096136
AI2,0.2591160492085305,0.005178627357179406,0.5400668025278919,0.1956385209063983
AE2,0,0.1952899106012622,0,0.8047100893987378
AO2,0,0.02579801828606748,0.5686351764029881,0.4055668053109443
IA2,0.3966363389820588,0.005049309107458507,0.5087271847467877,0.0895871671636952
II2,0.2928421809788902,0.0037947980629628175,0.5351803622779305,0.16818265868021645
IE2,0.3329399614691135,0.046411719768337786,0.3797487899889501,0.2408995287735985
IO2,0.21946989786481505,0.010680632487698453,0.5454457294007341,0.22440374024675236
EA2,0,0.1952899106012622,0,0.8047100893987378
EI2,0,0.049250110036459446,0.453273430907162,0.49747645905637866
EE2,0.32070243137406673,0.02510425981506624,0.4493124489172877,0.20488085989357926
EO2,0.12141518509865266,0.027143858789499018,0.49950513438628286,0.3519358217255655
OA2,0.40896731748142034,0.009352180746466935,0.4948209775502358,0.08685952422187694
OI2,0.3031970832369667,0.004437389426667157,0.5315251805766685,0.16084034675969758
OE2,0.3416262583053807,0.0241048641594149,0.4485698859310649,0.1856989916041396
OO2,0.2632660756772741,0.00872132743118914,0.5406325421054319,0.18738005478610478
AA3,0.3658743107453047,0,0.5214470905071883,0.11267859874750723
AI3,0.387558977620368,0,0.5138041318592991,0.09863689052033278
AE3,0.30579866434903274,0.0658392274525287,0.3706382552920556,0.2577238529063831
AO3,0.40028976717389586,0.013407935776931336,0.4865269460011708,0.0997753510480019
IA3,0.2717617245209963,0,0.5315218378187235,0.1967164376602801
II3,0.30458819675353166,0.0073968983455041356,0.5107581195914181,0.17725678530954608
IE3,0.3130127859895168,0.06862095868987886,0.365117900386246,0.2532483549343585
IO3,0.32189006145443744,0.020209055377126944,0.4875967513607166,0.17030413180771892
EA3,0,0.0589081477887633,0.41340423729186565,0.527687614919371
EI3,0,0.06257103216520368,0.4069984159986184,0.5304305518361779
EE3,0.3075689128579891,0.03033828323369035,0.4448426215345843,0.21725018237373617
EO3,0.2094333138032811,0.04732155866761239,0.409238437584999,0.3340066899441075
OA3,0,0.009813316895321346,0.5712174735757466,0.41896920952893213
OI3,0.16891452957729888,0.016913107124572262,0.5282512828095834,0.2859210804885454
OE3,0.31859437471624,0.05933416066612727,0.38849749507813763,0.23357396953949497
OO3,0.239875453828095,0.025403790525585185,0.5005172589794513,0.2342034966668686
AA4,0.216723318201643,0,0.5591619196112301,0.2241147621871269
AI4,0.263921813857929,0.00730569778808305,0.5320481770747839,0.19672431127920392
AE4,0,0.23840813282036258,0,0.7615918671796374
AO4,0.27717709094418497,0.027542754083652293,0.4997536318262659,0.19552652314589683
IA4,0.26954361073033195,0,0.5450745539582611,0.185381835311407
II4,0.30399836504144706,0.004770504006214742,0.5240375638345703,0.1671935671177678
IE4,0.33124798986725557,0.05712875644048989,0.36995694437111465,0.24166630932113983
IO4,0.3226018350719815,0.015263672001711302,0.5013214428498713,0.16081305007643582
EA4,0,0.051738585007152116,0.4333027611657226,0.5149586538271255
EI4,0,0.05348673400078961,0.42755430955049023,0.5189589564487201
EE4,0.32293528479842387,0.027583944234220493,0.4428630523123747,0.206617718654981
EO4,0.2119711328351586,0.04174658288365609,0.425490233396573,0.3207920508846123
OA4,0.2819074254031107,0.003240692054873323,0.5324852182341261,0.18236666430788986
OI4,0.31778227022412364,0.004813597289337985,0.5179557524764744,0.15944838001006392
OE4,0.3480945636435876,0.026245921762646316,0.43974701753245826,0.18591249706130783
OO4,0.3431541911996258,0.01211521172329408,0.49780532897998664,0.14692526809709336
