AA1,0.4034907112122526,0,0.5965092887877473,0
AI1,0.0361291151515523,0,0.712430354522998,0.2514405303254496
AE1,0.027307926152424833,0.35503783558548097,0.10971670330066512,0.5079375349614291
AO1,0.02704363477205299,0.18786489396988706,0.2957888311986102,0.4893026400594497
IA1,0.11905397113561178,0.2912836449260277,0.24343954744021554,0.34622283649814495
II1,0.010185432087168766,0.15868514396069636,0.3164487803626283,0.5146806435895066
IE1,0.031655016175311954,0.3894351644012925,0.09379048636463848,0.485119333058757
IO1,0.014723730889972276,0.20673132705914093,0.24753992550169085,0.531005016549196
EA1,0,0.5661822434580881,0,0.43381775654191185
EI1,0,0.1981196076047886,0.1589151117891348,0.6429652806060765
EE1,0.036254327660151936,0.2185647283089268,0.27132636102840124,0.47385458300252004
EO1,0.009409151006992439,0.18640028488052118,0.23878695212608303,0.5654036119864033
OA1,0.05376898676580042,0.37932975619834514,0.14117742010502768,0.42572383693082666
OI1,0.0037452833851261747,0.18012366839891766,0.22788685377320814,0.5882441944427481
OE1,0.03705706101029334,0.3230714575558398,0.16837989980521284,0.4714915816286539
OO1,0.00940116613647934,0.19553874719668207,0.2284813554278856,0.5665787312389529
AA2,0.16158661806128582,0.21057460211594248,0.30275213480652347,0.32508664501624834
AI2,0.004431012999917478,0.18606960126905248,0.3203057319554104,0.48919365377561963
AE2,0,0.5164704624387503,0,0.4835295375612498
AO2,0,0.29107050841348503,0.14846425376369973,0.5604652378228153
IA2,0.20543357287545755,0.200027733923284,0.3039224270640453,0.2906162661372132
II2,0.01833523103662444,0.11917670514043464,0.42520424325385164,0.43728382056908927
IE2,0.09848077409881247,0.33118756339178473,0.13424232600642613,0.43608933650297654
IO2,0.03652320780872085,0.1729146518228537,0.3189832776945174,0.4715788626739081
EA2,0,0.5164704624387503,0,0.4835295375612498
EI2,0,0.18413604880659928,0.2283366313593261,0.5875273198340747
EE2,0.10706813395999885,0.17019274996178577,0.341059336666337,0.3816797794118784
EO2,0.02061731284505325,0.1606178391656983,0.33777959464261775,0.48098525334663067
OA2,0.13803896539159421,0.31829941766159503,0.17553358746365327,0.3681280294831574
OI2,0.010825867810706151,0.10531710440290126,0.42588053392474917,0.4579764938616435
OE2,0.14692287518748356,0.1630662366211207,0.34310796557373396,0.3469029226176617
OO2,0.03793833474065769,0.10901556753231506,0.4407538996277465,0.41229219809928086
AA3,0.076080466008224,0,0.6272500699810245,0.2966694640107515
AI3,0.16247172636057167,0,0.605318182298805,0.23221009134062337
AE3,0.04122106727419134,0.4369805383477814,0.08925703074454189,0.43254136363348544
AO3,0.09915309795891582,0.3242718992780444,0.1866960499941098,0.38987895276892987
IA3,0.02902559593089099,0,0.5800852893488987,0.3908891147202102
II3,0.06524192401060808,0.2651785592418565,0.2592643281834952,0.4103151885640402
IE3,0.05673030899596043,0.4839555566829583,0.07210136560210992,0.3872127687189715
IO3,0.07487546119213076,0.37780746065538334,0.15548104978236515,0.39183602837012077
EA3,0,0.24366819537374815,0.14125347236728714,0.6150783322589648
EI3,0,0.265055778882708,0.13112530725471983,0.6038189138625721
EE3,0.10583716657348739,0.24050451897892164,0.22169173800859807,0.431966576438993
EO3,0.03630344264300694,0.27686531399586617,0.16998174243266093,0.5168495009284659
OA3,0,0.13464099220443992,0.2511156498602457,0.6142433579353144
OI3,0.043932311572206416,0.24879595366295754,0.1988456412652852,0.5084260934995509
OE3,0.09166273924379663,0.37092348695292776,0.1349060360019571,0.4025077378013185
OO3,0.05584077059885772,0.34066591265560403,0.1567435957062593,0.446749721039279
AA4,0.002637940191879597,0,0.5977290193497437,0.39963304045837666
AI4,0.024654552159917548,0.28146117033744505,0.23930753947675362,0.4545767380258838
AE4,0,0.6209761498733697,0,0.37902385012663026
AO4,0.015989479293029105,0.4528130949244518,0.10530024641765783,0.42589717936486143
IA4,0.04392221492910439,0,0.6226732713991636,0.33340451367173196
II4,0.08841241098233181,0.17053168461606238,0.31013371716074134,0.4309221872408646
IE4,0.10259983711827012,0.4012824282472664,0.09188499285416617,0.4042327417802974
IO4,0.103626456779255,0.2949922302801618,0.18490658959976097,0.41647472334082225
EA4,0,0.21933892240697184,0.1649080852196765,0.6157529923733517
EI4,0,0.22921655867501844,0.15510645575021928,0.6156769855747624
EE4,0.1381290064060357,0.21449844026551002,0.2361981225433463,0.4111744307851079
EO4,0.048580040766353035,0.24493730250279172,0.19235198745937526,0.51413066927148
OA4,0.018679469758063436,0.11910047361616106,0.3458506238919599,0.5163694327338155
OI4,0.09821182850951835,0.13018601015518902,0.31366006912650357,0.45794209220878895
OE4,0.19085932837604128,0.2041228800057126,0.23282206887720555,0.3721957227410406
OO4,0.1469003405837891,0.18012359302785685,0.25938354732326835,0.41359251906508565
