AA1,0.44551300328762616,0,0.554486996712374,0
AI1,0.06198893714613336,0,0.8835718191541311,0.0544392436997356
AE1,0.0704013758186851,0.17315770979216857,0.2021110643583936,0.5543298500307526
AO1,0.06116752219824894,0.01120052757315157,0.5416096713578524,0.3860222788707471
IA1,0.1658654096199332,0.06768189997315724,0.398327776271018,0.3681249141358916
II1,0.025911140250292855,0.018737068980682985,0.46575826119823127,0.48959352957079294
IE1,0.09144380046382669,0.24409759969422593,0.17854351774944155,0.48591508209250583
IO1,0.018587739541613916,0.01701114323851689,0.40088253821116077,0.5635185790087085
EA1,0,0.6506554211861103,0,0.34934457881388964
EI1,0,0.1446656171809692,0.06544935986707769,0.7898850229519532
EE1,0.10104552771092885,0.10660662191375649,0.34164627971224787,0.4507015706630667
EO1,0.009407379736423058,0.0603028692816672,0.21701024129359014,0.7132795096883195
OA1,0.06206839156965966,0.2215947394208499,0.1805179542283424,0.535818914781148
OI1,0.010546463920795482,0.051128952193454306,0.25066195150530673,0.6876626323804435
OE1,0.10801410493464188,0.1809619992819903,0.24484353656749155,0.4661803592158762
OO1,0.010597467357686224,0.028812927411760014,0.2833237524178283,0.6772658528127256
AA2,0.18256419990098555,0.033168251933449494,0.47951051170346926,0.3047570364620957
AI2,0.016870261699928175,0.029594316091335095,0.4608646414344429,0.4926707807742938
AE2,0,0.5870412403209608,0,0.4129587596790393
AO2,0,0.06724038129471832,0.1824536571177436,0.7503059615875382
IA2,0.30464918117243805,0.028673019999026446,0.4625970795267318,0.20408071930180371
II2,0.037439790436273455,0.008747423294246465,0.6848239928910421,0.2689887933784378
IE2,0.3337724403703354,0.1236091595086901,0.22599786584449108,0.3166205342764835
IO2,0.029340424255516234,0.008328340139588018,0.6385702006518533,0.3237610349530424
EA2,0,0.5870412403209608,0,0.4129587596790393
EI2,0,0.11559785176154301,0.11862424675784072,0.7657779014806162
EE2,0.32894615057902676,0.04597182683016939,0.394299200686221,0.23078282190458285
EO2,0.016398082658724555,0.04059969176538189,0.4000634401775228,0.5429387853983708
OA2,0.25469778743083876,0.1772713456236134,0.22245511856039216,0.3455757483851557
OI2,0.03570820631747816,0.023779592617613168,0.5230420161546951,0.41747018491021354
OE2,0.4234548794847562,0.039052044506001096,0.36205615008116776,0.17543692592807494
OO2,0.038056488723790145,0.009546674300074116,0.6396739335456232,0.31272290343051246
AA3,0.1606531141122493,0,0.7566574845258845,0.08268940136186614
AI3,0.3037709238723152,0,0.6508259734516225,0.04540310267606232
AE3,0.08716353816924977,0.3710287213630693,0.14282767594286502,0.39898006452481594
AO3,0.341246833493108,0.049248652239056834,0.4034693543408819,0.20603515992695326
IA3,0.018600527020483995,0,0.7090997323428995,0.27229974063661655
II3,0.09881172520784776,0.05825492245634625,0.4070310406839806,0.4359023116518255
IE3,0.1133060089179517,0.4864684326349271,0.10643489212054082,0.2937906663265804
IO3,0.12832444858637598,0.14939710018678415,0.2875627106046033,0.43471574062223667
EA3,0,0.27534946727752485,0.061755411585045834,0.6628951211374294
EI3,0,0.35701332492529103,0.04758732349592854,0.5953993515787803
EE3,0.17444514372588119,0.2134051391363757,0.25630354982267733,0.35584616731506574
EO3,0.013321957998845831,0.38416686850217235,0.09780164515699075,0.5047095283419911
OA3,0,0.04575545586961087,0.19190605728748572,0.7623384868429034
OI3,0.0525217728817965,0.13883234341173592,0.21501877548652226,0.5936271082199454
OE3,0.16723326951547882,0.35376899301467496,0.16177454256990564,0.31722319489994066
OO3,0.06857078819683868,0.226757187484244,0.1953464609633137,0.5093255633556036
AA4,0.002713733733142263,0,0.705343690535183,0.29194257573167476
AI4,0.04326178414089407,0.05710992980177182,0.34618029937371064,0.5534479866836235
AE4,0,0.7101640239897489,0,0.2898359760102511
AO4,0.038241137675693426,0.15490823839264095,0.20397563757867937,0.6028749863529862
IA4,0.027119480642677635,0,0.7861804858056103,0.18670003355171202
II4,0.14136664011604305,0.017537553458420105,0.4753123515779903,0.36578345484754654
IE4,0.37217890906963125,0.18578773882198893,0.14519463868999125,0.29683871341838863
IO4,0.21321204948071376,0.05010388985624602,0.35038760596948393,0.3862964546935564
EA4,0,0.13543348608437134,0.09556023266333157,0.7690062812522972
EI4,0,0.1746983637565687,0.07900558891806145,0.7462960473253699
EE4,0.424960573598003,0.07415795598673026,0.2469797079786498,0.253901762436617
EO4,0.028583616081228117,0.20199040381381209,0.1592980553381692,0.6101279247667906
OA4,0.03507857178856498,0.020799742855324935,0.39503307805111065,0.5490886073049994
OI4,0.14138802917022592,0.040263065494358444,0.35979148468443517,0.45855742065098054
OE4,0.5394052957061855,0.06032275468051183,0.214706265335536,0.1855656842777668
OO4,0.241473949909177,0.0606774152627647,0.325325741077954,0.3725228937501042
