AA1,0.44919095409800597,0,0.550809045901994,0
AI1,0.31193972482005083,0,0.5012336653442169,0.18682660983573224
AE1,0.12635061069236442,0.32139978838922706,0.18627710957670912,0.36597249134169935
AO1,0.12211802123522734,0.22718605856144683,0.29854436651910404,0.3521515536842218
IA1,0.15032076437491496,0.25955523343185166,0.2307083510002903,0.359415651192943
II1,0.12837385480633037,0.2372424247947444,0.25435209667961417,0.3800316237193111
IE1,0.12910507986088324,0.324357565516976,0.1833312081875658,0.36320614643457505
IO1,0.10292637764237217,0.22461890710581764,0.2817848719932955,0.3906698432585148
EA1,0,0.47307667525748537,0,0.5269233247425147
EI1,0,0.3545072013657739,0.1331742968635883,0.5123185017706376
EE1,0.16457894481301108,0.2684958031566581,0.24473832288988226,0.3221869291404486
EO1,0.08224265042836915,0.23596265946620906,0.2320867456118032,0.44970794449361867
OA1,0.07422783988771518,0.3522651384249339,0.14137513927314665,0.4321318824142043
OI1,0.060057342499578704,0.2990481384531952,0.2027224173982791,0.43817210164894693
OE1,0.1551694443605199,0.28805973162856835,0.2251794345230871,0.33159138948782463
OO1,0.07476771660074102,0.23003296563643139,0.2590110274404717,0.4361882903223559
AA2,0.16893247257896582,0.22559739189325673,0.2680886967961768,0.3373814387316005
AI2,0.13137368153759574,0.2207199109201377,0.2741044865904605,0.3738019209518061
AE2,0,0.4619346349286115,0,0.5380653650713886
AO2,0,0.29950071313263305,0.20837851944032035,0.4921207674270465
IA2,0.1919527591963338,0.21654453505344676,0.2748974583945068,0.3166052473557127
II2,0.16352863288154362,0.19711047643361174,0.3054134103232012,0.3339474803616434
IE2,0.17983601477465277,0.2770384258237886,0.22544050278510458,0.317685056616454
IO2,0.1427412242148177,0.19035842934454122,0.33084331062320943,0.33605703581743174
EA2,0,0.4619346349286115,0,0.5380653650713886
EI2,0,0.3310888104284759,0.18664979327056241,0.4822613963009617
EE2,0.21585125678328482,0.22408338001975128,0.287256114925759,0.2728092482712049
EO2,0.11362397659445314,0.2104671053440547,0.2901111162879415,0.38579780177355066
OA2,0.13418104742823544,0.3273021781410519,0.15503955496795588,0.3834772194627568
OI2,0.11108676371310683,0.2505157603482557,0.2693437500468056,0.36905372589183183
OE2,0.22303026621257582,0.22027075354772624,0.29075375862003167,0.2659452216196665
OO2,0.15180074240750244,0.18987938190098388,0.31764724949210404,0.3406726261994096
AA3,0.29366428238766207,0,0.4917887301305044,0.2145469874818336
AI3,0.31540729663839456,0,0.4956733013288939,0.18891940203271163
AE3,0.1274627102789481,0.33743893493812926,0.17348505852570914,0.36161329625721356
AO3,0.1942087075658795,0.264414554286211,0.26364182885980214,0.27773490928810746
IA3,0.17326558915232732,0,0.43732981613902316,0.3894045947086495
II3,0.12523653437316082,0.2571677364290514,0.2441932901368612,0.3734024390609266
IE3,0.13033780148450413,0.3406727351835907,0.1705747581002431,0.3584147052316621
IO3,0.13884204009737938,0.3023710244291769,0.20475092715439527,0.35403600831904847
EA3,0,0.36166916268008353,0.12469565764684626,0.5136351796730703
EI3,0,0.3644092589218608,0.12215941622623912,0.5134313248519001
EE3,0.16845540664843195,0.28041907873637395,0.2301279386898655,0.32099757592532857
EO3,0.1021299494659382,0.327942090101359,0.1649421383703498,0.40498582206235306
OA3,0,0.2928322644821033,0.2154751694758105,0.4916925660420862
OI3,0.06138254829959164,0.3111570666485171,0.19159413033327163,0.43586625471861973
OE3,0.15776818634344036,0.30237704346048766,0.21102656129700267,0.32882820889906933
OO3,0.11791463411766168,0.31708331240265747,0.1897964081721888,0.375205645307492
AA4,0.11270991734170363,0,0.46482337006545627,0.4224667125928401
AI4,0.11777695478954614,0.2548540877819733,0.25133575196040464,0.3760332054680759
AE4,0,0.48560074859750557,0,0.5143992514024944
AO4,0.10781731992187664,0.3305260731218331,0.17429835710747754,0.3873582498488127
IA4,0.20491596269290904,0,0.4665873016141223,0.3284967356929686
II4,0.15040042937379025,0.2293054544189115,0.2781084108768777,0.34218570533042053
IE4,0.16778604065655414,0.31055260782045396,0.19297215885377242,0.32868919266921937
IO4,0.17169920829641594,0.2725907154229671,0.2323714156321338,0.32333866064848316
EA4,0,0.353445485451313,0.15377017576423507,0.492784338784452
EI4,0,0.35604533791161813,0.15082109366540516,0.4931335684229766
EE4,0.20665476119298046,0.25390791841927896,0.2510307466971551,0.2884065736905855
EO4,0.13151872344920332,0.3055227552049903,0.19085786894988188,0.37210065239592466
OA4,0.08746619749467519,0.2716548156440289,0.24555562427053482,0.3953233625907611
OI4,0.10411702221045178,0.2759094176364778,0.2359985635392327,0.3839749966138376
OE4,0.21408314931109057,0.24977478448754614,0.2544448255792239,0.2816972406221395
OO4,0.1920828025885851,0.26288941758526474,0.23640493070315227,0.3086228491229979
