AA1,0.602549661992784,0,0.39745033800721596,0
AI1,0.31870624935667186,0,0.6146189472580856,0.06667480338524251
AE1,0.3394444312565939,0.008785800956130508,0.5099300885527628,0.14183967923451263
AO1,0.3112118503171117,0.0009503219178465417,0.5802111548123422,0.10762667295269962
IA1,0.4039000251642478,0.033629765629687725,0.42711933380703326,0.13535087539903123
II1,0.2052085971294507,0.0049862809629010905,0.6038205538350558,0.1859845680725923
IE1,0.3806756725630494,0.012515868652552685,0.49294117314699526,0.11386728563740274
IO1,0.23927753751922307,0.0017237019058493563,0.6036575786131804,0.15534118196174715
EA1,0,0.3649329091089664,0,0.6350670908910335
EI1,0,0.011690943571057757,0.2931629423308107,0.6951461140981314
EE1,0.34305437147182455,0.0012609030182576205,0.5609755916675792,0.0947091338423388
EO1,0.16341914046869935,0.0012948010903584457,0.5800659606221839,0.25522009781875843
OA1,0.3142538626908163,0.07618162724556685,0.36730981503441956,0.24225469502919722
OI1,0.11467921996708456,0.005002152189123142,0.5463008891341892,0.3340177387096032
OE1,0.37490086942078876,0.0027859501370222613,0.5253961833294118,0.09691699711277697
OO1,0.17886628179689895,0.0009532214252250243,0.5884000606805578,0.23178043609731824
AA2,0.44645847532629795,0.015456284739566891,0.44031217210917184,0.09777306782496323
AI2,0.1764335654545952,0.018199610456898184,0.553718881688419,0.25164794240008764
AE2,0,0.3029669125789511,0,0.6970330874210489
AO2,0,0.058163972447084634,0.2824195049482235,0.659416522604692
IA2,0.474388034483916,0.01413491621086289,0.4284464586151635,0.08303059069005762
II2,0.2375060722283443,0.0022242161855452734,0.6358170030444327,0.12445270854167774
IE2,0.4701782121281206,0.005147872550025912,0.45294324032899785,0.07173067499285571
IO2,0.29245801253571524,0.000659778459559777,0.6050098512999895,0.10187235770473554
EA2,0,0.3029669125789511,0,0.6970330874210489
EI2,0,0.007950160919975758,0.4366003527901157,0.5554494862899084
EE2,0.4264016807524211,0.0005395378360853832,0.5128113844257596,0.06024739698573389
EO2,0.19860368234619816,0.0006535130376583379,0.625337034236227,0.17540577037991653
OA2,0.46787978308225964,0.04508572583807312,0.35741281995316304,0.12962167112650433
OI2,0.1784972258919165,0.0015996990256118692,0.6563861782721216,0.16351689681035012
OE2,0.445530734936442,0.0004971174648337143,0.5014273465660967,0.05254480103262749
OO2,0.2699421022806481,0.00014881736398665273,0.6339608584605223,0.09594822189484281
AA3,0.36045309931969033,0,0.5746566984033828,0.06489020227692674
AI3,0.3965775491734959,0,0.5505352542166366,0.05288719660986743
AE3,0.3744790351592576,0.051281435002762284,0.4585231682179366,0.11571636162004337
AO3,0.4360540761004332,0.01659208136825066,0.4832623482715475,0.06409149425976855
IA3,0.22000447891775626,0,0.616432091131509,0.16356342995073483
II3,0.28623802829825257,0.0641896800850966,0.49767316496889213,0.1518991266477587
IE3,0.41100770770140893,0.10490774194700091,0.3989451877268845,0.08513936262470578
IO3,0.3733602355226098,0.07025858239738324,0.44945970241646477,0.10692147966354228
EA3,0,0.04932816962449868,0.3198872022528873,0.630784628122614
EI3,0,0.10236257767909697,0.2824939550673301,0.6151434672535728
EE3,0.41353391275139095,0.007396786592168369,0.5000843260589545,0.07898497459748632
EO3,0.27142269785753687,0.03917072305806189,0.4982137810890524,0.1911927979953488
OA3,0,0.018835320868850026,0.382931466937105,0.598233212194045
OI3,0.2085855562082797,0.047910299555093426,0.4581141348227216,0.28539000941390513
OE3,0.44292949486680194,0.023404492958077956,0.45596533388250154,0.07770067829261848
OO3,0.3143428475794676,0.055944159672053295,0.46221111143937144,0.16750188130910754
AA4,0.09263567531457582,0,0.6250951017349665,0.2822692229504576
AI4,0.20477705148784633,0.037933767478661035,0.508846842539332,0.2484423384941605
AE4,0,0.4416461236330803,0,0.5583538763669197
AO4,0.19818018332099802,0.10912177304099711,0.38769235041878464,0.3050056932192203
IA4,0.25938061219233566,0,0.6204949015930777,0.12012448621458663
II4,0.3356323120980435,0.004124390761401137,0.5414844606048729,0.11875883653568238
IE4,0.52178024429668,0.009641723686408733,0.39755023414591145,0.07102779787099978
IO4,0.43934645336629624,0.005340370073832224,0.47293755832301426,0.08237561823685728
EA4,0,0.009613020517357546,0.39237669512997464,0.5980102843526679
EI4,0,0.014423852149016822,0.3671253790909528,0.6184507687600304
EE4,0.4841890126158806,0.0009695661445742248,0.4541932552956057,0.060648165943939396
EO4,0.3240768079271988,0.004028093567209637,0.5201692158082961,0.15172588269729542
OA4,0.17991238000845525,0.0018621410708424572,0.607472185903039,0.21075329301766335
OI4,0.29214988171448925,0.002820693118158578,0.5444667959038972,0.16056262926345477
OE4,0.50920086791221,0.0008827447693765445,0.43813051745795767,0.051785869860455726
OO4,0.4288954738063238,0.002125851309516583,0.49305306348696076,0.07592561139719889
