AA1,0.4230270486967361,0,0.5769729513032639,0
AI1,0.17603456083032218,0,0.5205659267447417,0.3033995124249361
AE1,0.10732462659591885,0.24257973560834756,0.24431308857373038,0.40578254922200324
AO1,0.10657479753169771,0.12869550633939705,0.3795416497837454,0.38518804634515985
IA1,0.16893237771212918,0.15498610944054575,0.3563298302823235,0.31975168256500164
II1,0.11031037132743286,0.10918298997248656,0.39500380980168315,0.38550282889839743
IE1,0.11718962909972311,0.25559262013070333,0.23128919690861705,0.3959285538609566
IO1,0.08970917203231656,0.14292154304666627,0.3585903272663885,0.4087789576546287
EA1,0,0.4475177982258094,0,0.5524822017741905
EI1,0,0.20677002119183252,0.2742075726899133,0.5190224061182541
EE1,0.14058983084874732,0.15524135262663297,0.34614514392912626,0.3580236725954934
EO1,0.06992850453302922,0.14574154648522922,0.3427294136202336,0.4416005353615078
OA1,0.10387123861262634,0.22787049129897605,0.2706039623570273,0.3976543077313704
OI1,0.06308579112468046,0.1624644292079548,0.3348279932496421,0.4396217864177226
OE1,0.13538281456815499,0.20838982418090304,0.2881072281588221,0.3681201330921199
OO1,0.06845621798783841,0.1510775862699732,0.34500174629427227,0.4354644494479161
AA2,0.1859946597823561,0.13059859615097769,0.378500785919696,0.3049059581469702
AI2,0.09946624448770272,0.1209431535645492,0.3938240160481946,0.3857665858995535
AE2,0,0.4285169936316763,0,0.5714830063683237
AO2,0,0.20454864755340896,0.3044843057566378,0.4909670466899533
IA2,0.20889461534543,0.12575708488820156,0.3834659339775126,0.2818823657888558
II2,0.13547587831988886,0.08987745269422481,0.430633420119571,0.3440132488663153
IE2,0.1541044058312761,0.22084832526868836,0.2608624556819407,0.3641848132180948
IO2,0.11441881900677289,0.12168032918163961,0.39476634876107836,0.3691345030505091
EA2,0,0.4285169936316763,0,0.5714830063683237
EI2,0,0.185127159398398,0.32323173578052716,0.49164110482107487
EE2,0.17803225734405728,0.12991805706777584,0.3744058185821805,0.31764386700598624
EO2,0.08877996994665696,0.1265369638464747,0.38444465383931403,0.40023841236755425
OA2,0.18187435212897463,0.20671195842607074,0.28266941685800084,0.3287442725869537
OI2,0.1176956669093597,0.10543219433773164,0.41253759787153205,0.36433454088137657
OE2,0.1929651207960801,0.12552158277824652,0.37882204770859446,0.30269124871707903
OO2,0.1371960976538283,0.09295336246581976,0.42417640844580023,0.34567413143455167
AA3,0.18065093666037274,0,0.4971134371103825,0.3222356262292448
AI3,0.21410836173186482,0,0.49587093266261584,0.2900207056055193
AE3,0.12239353506836842,0.2751653368227548,0.22504898215746166,0.3773921459514152
AO3,0.17412671805690563,0.1897433314141605,0.3170142621861829,0.31911568834275095
IA3,0.11514238180003077,0,0.4909442195283356,0.3939133986716336
II3,0.13273733907846139,0.12971608725938846,0.3718350297421811,0.36571154391996896
IE3,0.13450646013711057,0.2884244318954466,0.21147567227532377,0.3655934356921191
IO3,0.14324680401915313,0.20649196122504765,0.29841583343116274,0.3518454013246364
EA3,0,0.23016587404725702,0.2685071794125798,0.5013269465401632
EI3,0,0.23970808689672476,0.25920191569996603,0.5010899974033093
EE3,0.16761416884596533,0.17513518988028678,0.3212398701986551,0.3360107710750929
EO3,0.11161142705991287,0.20574772174764777,0.2863718399450377,0.3962690112474016
OA3,0,0.14812145112528682,0.3598327539500578,0.4920457949246554
OI3,0.07692468890250867,0.18923316549580818,0.31508274346788595,0.41875940213379714
OE3,0.15879494692947127,0.2351807458207361,0.2647087756916246,0.34131553155816813
OO3,0.1216761031999705,0.2143725549086371,0.2892621438302175,0.37468919806117507
AA4,0.05562504047332184,0,0.5157890909679498,0.42858586855872843
AI4,0.10842389028487565,0.15250575183749424,0.3558933215767425,0.3831770363008876
AE4,0,0.4834927511308469,0,0.516507248869153
AO4,0.0986065271280576,0.2539452917192716,0.25324435017526803,0.39420383097740286
IA4,0.13074973495537587,0,0.5047653873837687,0.36448487766085536
II4,0.15095223824360254,0.11347011060896879,0.3903191809560926,0.34525847019133615
IE4,0.16092460603281006,0.2624320806230711,0.2253324162787966,0.35131089706532226
IO4,0.1657236275233868,0.18494081024517126,0.3149638525553916,0.33437170967605045
EA4,0,0.2146736399000884,0.2949404031963198,0.4903859569035919
EI4,0,0.22331007571055567,0.2853705698349395,0.4913193544545048
EE4,0.19440442928875923,0.15684511301456613,0.3327171164245848,0.31603334127208993
EO4,0.1303814510190246,0.18672327771978275,0.3048236706381306,0.378071600623062
OA4,0.09400128296977549,0.11849065257913567,0.38918770535810165,0.3983203590929872
OI4,0.1314403310327458,0.12892066308361422,0.3723109946216053,0.3673280112620346
OE4,0.21176160722671827,0.15121953539199873,0.3361924669769908,0.30082639040429227
OO4,0.1907599147075278,0.14361127162354753,0.34845446646866507,0.3171743472002596
