AA1,0.5124356408187459,0,0.4875643591812539,0
AI1,0.4278421283592402,0,0.5190940213990388,0.05306385024172088
AE1,0.4064363388039764,0.05380055088454011,0.440406411286788,0.09935669902469546
AO1,0.3932799391918277,0.02339752573816132,0.49073406562443905,0.09258846944557195
IA1,0.3758800122029513,0.06522189759760505,0.42770045025663617,0.13119763994280753
II1,0.33737120357919553,0.04123054179790711,0.47272876198367303,0.1486694926392243
IE1,0.4150463437642313,0.056699819428583015,0.4337804377571235,0.0944733990500623
IO1,0.36697519043520876,0.026294899988857177,0.49404908319695734,0.11268082637897663
EA1,0,0.39564638279976727,0,0.6043536172002327
EI1,0,0.07165434285796997,0.4270172583227008,0.5013283988193292
EE1,0.44112176676211795,0.013105437437281375,0.4906938404397371,0.05507895536086344
EO1,0.29043972394723117,0.012052464568264887,0.5155452297334822,0.18196258175102176
OA1,0.2794043785698881,0.12134137936220583,0.35845917508045927,0.2407950669874469
OI1,0.21250626482667886,0.056106086421878885,0.44943601263892424,0.2819516361125179
OE1,0.43892976093507374,0.02778819156820541,0.4722531376121805,0.061028909884540385
OO1,0.28718722652014533,0.020193621142145263,0.5079721651466647,0.18464698719104475
AA2,0.4038532029345029,0.040172869689516395,0.4503249536533935,0.10564897372258733
AI2,0.32110722161502375,0.03962529728661923,0.47605287401103474,0.16321460708732224
AE2,0,0.36078212080509636,0,0.6392178791949037
AO2,0,0.13053590513365243,0.40522026048774523,0.4642438343786023
IA2,0.4189403415784115,0.03767461747317292,0.4512803837284054,0.09210465722001011
II2,0.3736714205248815,0.023830890665869298,0.49526629057784505,0.10723139823140408
IE2,0.45696030705185103,0.0410556261256687,0.43189104719537247,0.07009301962710789
IO2,0.40545982259382607,0.019094765035530578,0.493124444443526,0.08232096792711757
EA2,0,0.36078212080509636,0,0.6392178791949037
EI2,0,0.05537317786358107,0.5355169597137914,0.40910986242262753
EE2,0.4735293054114233,0.009361037962647742,0.4764368237390945,0.04067283288683447
EO2,0.32287227501347654,0.009277802270607169,0.5362703145051918,0.13157960821072442
OA2,0.39848969382738164,0.07777296916383841,0.37986987514666926,0.14386746186211058
OI2,0.31122539284425976,0.019265030836833074,0.5261193590539879,0.1433902172649192
OE2,0.4789384406921292,0.008383819391050932,0.47605290999116284,0.03662482992565697
OO2,0.4046588525058307,0.005695081754498439,0.5161158017484485,0.07353026399122244
AA3,0.4391118422530107,0,0.5020663642361903,0.058821793510799004
AI3,0.45277140131594573,0,0.49737354940914663,0.049855049274907734
AE3,0.4179419898433149,0.07642744949612167,0.41332124204275744,0.09230931861780604
AO3,0.44817137209316443,0.04812083003435387,0.4385693661244009,0.0651384317480808
IA3,0.3624777577591283,0,0.5180948833125466,0.1194273589283252
II3,0.34651243816627697,0.07786935253505513,0.43222188706793846,0.14339632223072935
IE3,0.42520485657134166,0.08242933117638054,0.40490449346223634,0.08746131879004149
IO3,0.4072781590056075,0.07764527258158913,0.41951625353321176,0.09556031487959157
EA3,0,0.09559343618014338,0.41929274248676957,0.4851138213330871
EI3,0,0.11121577228098013,0.40301891248961713,0.4857653152294027
EE3,0.465184851062661,0.016165204503351644,0.4669525304032043,0.05169741403078314
EO3,0.4023622674947304,0.03764404790352437,0.4553478958002136,0.10464578880153157
OA3,0,0.05741611284783727,0.4707035366777357,0.47188035047442706
OI3,0.22536396837755737,0.09320180563704736,0.40695254059615904,0.2744816853892363
OE3,0.45923472691971884,0.036896124440098745,0.44678550156052915,0.057083647079653355
OO3,0.3737672726137569,0.08458128905765082,0.41557971682143174,0.1260717215071605
AA4,0.23080590343783378,0,0.5576698391493718,0.2115242574127944
AI4,0.31708865852398793,0.06528265260105978,0.4421228486664334,0.1755058402085188
AE4,0,0.4444896306878632,0,0.5555103693121368
AO4,0.312462779361524,0.1346538397224234,0.36291693519951435,0.1899664457165384
IA4,0.38341425789221395,0,0.52040091151155,0.09618483059623598
II4,0.3800021519661144,0.0387388529174419,0.46413867826477834,0.11712031685166534
IE4,0.46187717498444003,0.056530364533390116,0.4057969774147754,0.07579548306739436
IO4,0.44115923411921726,0.047895212345791936,0.43230187119259983,0.07864368234239102
EA4,0,0.06675138945640742,0.4879570554923267,0.44529155505126583
EI4,0,0.07522954644274243,0.47396596280435654,0.450804490752901
EE4,0.4892429459388493,0.012416597480572219,0.45475959291262685,0.043580863667951504
EO4,0.42937610033697665,0.025664285894311998,0.459574382672474,0.0853852310962374
OA4,0.29415828113052983,0.02307680075923429,0.5052893342328851,0.17747558387735082
OI4,0.32365707542565714,0.027398608181001923,0.48857254129842675,0.16037177509491402
OE4,0.49562842497503684,0.011064307000049095,0.45399120072525034,0.03931606729966366
OO4,0.4675580722579406,0.01733295056532604,0.45856526047865326,0.05654371669808007
