AA1,0.45372105194218115,0,0.5462789480578187,0
AI1,0.1090228079094656,0,0.6022916507075073,0.28868554138302716
AE1,0.046464599953112376,0.34776423868085304,0.13026934457400455,0.47550181679203
AO1,0.04891358038253863,0.1948042101058353,0.29850815857412616,0.45777405093749995
IA1,0.15202560443310079,0.25878453372666643,0.2719272953099098,0.3172625665303229
II1,0.058198487489908045,0.1924172114756806,0.3215053407107979,0.42787896032361356
IE1,0.05511408906196285,0.3658651931065084,0.1169350017169813,0.4620857161145475
IO1,0.043027299524736,0.21277146460324653,0.2718203945436311,0.4723808413283863
EA1,0,0.5003806709433128,0,0.4996193290566872
EI1,0,0.21828609787384193,0.20788515108826253,0.5738287510378955
EE1,0.08786655265333722,0.20181071543897713,0.290954997923206,0.41936773398447963
EO1,0.04350569851299723,0.18561745892578804,0.2834999774681678,0.4873768650930469
OA1,0.07118843885908592,0.3472591235058673,0.1738004062733283,0.40775203136171845
OI1,0.02843095771602064,0.21067984752898403,0.26384980108552086,0.49703939366947436
OE1,0.0812597948118969,0.28576073866269114,0.20812056521204345,0.4248589013133684
OO1,0.04030996977051127,0.20446992100854933,0.26885944958207775,0.4863606596388617
AA2,0.17632878601844676,0.21259574235162157,0.30629495458562367,0.30478051704430803
AI2,0.04853781489182668,0.19674183641212484,0.32407724936260995,0.4306430993334385
AE2,0,0.4743334331966236,0,0.5256665668033765
AO2,0,0.27194828976579244,0.19816404196276685,0.5298876682714407
IA2,0.20709386853909342,0.20456404312233561,0.30722445564471923,0.2811176326938518
II2,0.07841653149130759,0.1577180497321496,0.37610781923252595,0.38775759954401695
IE2,0.09605126588436677,0.32439041996641493,0.14909117157806073,0.43046714257115753
IO2,0.06793984426555624,0.18120255268112853,0.3210955955257888,0.42976200752752647
EA2,0,0.4743334331966236,0,0.5256665668033765
EI2,0,0.19870121550498074,0.26956802918179806,0.5317307553132212
EE2,0.1465853890354683,0.1644593684892181,0.3369323409203975,0.352022901554916
EO2,0.06735560417054949,0.1595754248345585,0.3471978601299139,0.425871110864978
OA2,0.1539786355931621,0.3116576396176723,0.18468840364154454,0.349675321147621
OI2,0.06283066784955227,0.11865089406763243,0.4026135782261748,0.4159048598566404
OE2,0.16678239499960756,0.16057494267524128,0.3402954566952269,0.33234720562992415
OO2,0.09793578512018547,0.11770667635263628,0.40506095263301933,0.379296585894159
AA3,0.13706529206962395,0,0.5481794397919687,0.31475526813840726
AI3,0.18534836345557926,0,0.5445509783449587,0.27010065819946205
AE3,0.06007232497866172,0.4060667022577079,0.10970130867144294,0.4241596640921874
AO3,0.12347649828261655,0.31589584725643444,0.19220991149959724,0.36841774296135177
IA3,0.0771837818108908,0,0.5411146992124585,0.38170151897665067
II3,0.09359602435300118,0.24974640888893335,0.2867763917300403,0.36988117502802503
IE3,0.07442147865523033,0.4250284418554762,0.09678889768013933,0.40376118180915416
IO3,0.1109005393190116,0.3312651722285562,0.18907014001920783,0.36876414843322436
EA3,0,0.2487557152908179,0.18822940046807657,0.5630148842411056
EI3,0,0.25658425582198874,0.1821164766954998,0.5612992674825115
EE3,0.14571269038844092,0.21680650331283055,0.24601934891856517,0.39146145738016336
EO3,0.09123602686102802,0.24093253078032487,0.2231012536330955,0.44473018872555165
OA3,0,0.16576964816853865,0.28363650709235283,0.5505938447391086
OI3,0.0525209126430992,0.25950576963620636,0.23632706965082292,0.4516462480698716
OE3,0.12324418945518358,0.32117905972306476,0.17349382881652117,0.3820829220052305
OO3,0.09478497813170692,0.3030118305124915,0.2026333398439832,0.39956985151181845
AA4,0.03108326412569494,0,0.5546155616663909,0.41430117420791424
AI4,0.060598995937656705,0.271799107669234,0.2705835742346834,0.397018322158426
AE4,0,0.5520776703147904,0,0.4479223296852095
AO4,0.056917381551908376,0.40055564558262113,0.13666331017562375,0.4058636626898467
IA4,0.09371341111106364,0,0.5588117416951061,0.34747484719383037
II4,0.11084874654145828,0.21638255138429216,0.3087674872184954,0.3640012148557542
IE4,0.09807774398835649,0.3916515231092791,0.10927582950089532,0.4009949034014691
IO4,0.1331029008140523,0.29865786927479454,0.20486408673947248,0.3633751431716806
EA4,0,0.2346934182676907,0.2099381907989586,0.5553683909333507
EI4,0,0.24083102016997102,0.20363191374181933,0.5555370660882096
EE4,0.16913355000297398,0.19915631882655047,0.259782466653579,0.37192766451689663
EO4,0.1058718508699365,0.22341083641133846,0.24065939233842742,0.43005792038029766
OA4,0.061572432273030754,0.1390652799275103,0.3431909370813632,0.4561713507180957
OI4,0.10380581094327991,0.14616716407334393,0.32575060549255425,0.424276419490822
OE4,0.1945002804325095,0.1936376587778274,0.26160156698839554,0.3502604938012676
OO4,0.18259843559684857,0.17524730753007509,0.2811530510266409,0.36100120584643547
