AA1,0.4653084114843243,0,0.5346915885156758,0
AI1,0.28037115914263716,0,0.5255648982186917,0.19406394263867102
AE1,0.2011283602739446,0.0942593979827411,0.3861080984655357,0.3185041432777786
AO1,0.1993922245718862,0.03664555419251569,0.4917869767134587,0.2721752445221394
IA1,0.28890924535861245,0.0516047502322421,0.45650017892272765,0.20298582548641786
II1,0.2025628280549274,0.03771892060629454,0.4792411354740923,0.2804771158646857
IE1,0.21200567187544314,0.10002775729536341,0.37741809795812575,0.3105484728710677
IO1,0.15681854024654399,0.04281483426435557,0.4791542915420624,0.32121233394703785
EA1,0,0.3076093961847173,0,0.6923906038152827
EI1,0,0.09521256981870398,0.3933897602681748,0.5113976699131212
EE1,0.21330455295055364,0.06270312347694167,0.43797679409394685,0.2860155294785578
EO1,0.09039595952843947,0.061112676436105885,0.4389857322688695,0.4095056317665851
OA1,0.17540397665158183,0.07602314301942316,0.43448117842730616,0.31409170190168884
OI1,0.1201513502351368,0.05421274709482832,0.4649945758158723,0.36064132685416267
OE1,0.22389765379835433,0.08874788597588339,0.3952661556837186,0.29208830454204365
OO1,0.09900400782512174,0.049813368792981434,0.47151475821646127,0.3796678651654355
AA2,0.295906803999111,0.03986794638121646,0.4730724470241373,0.19115280259553527
AI2,0.18126381318234072,0.04136905100265334,0.48746777934164287,0.28989935647336296
AE2,0,0.28130740020196043,0,0.7186925997980395
AO2,0,0.06693979077953789,0.4854884427399144,0.44757176648054775
IA2,0.3132879810681423,0.039784911952929984,0.470429351383837,0.17649775559509076
II2,0.22184164438664877,0.030251920024117033,0.49875828144181367,0.24914815414742053
IE2,0.24209954749669507,0.08398648748370925,0.39407349307211,0.2798404719474857
IO2,0.17609326579614415,0.03599964377906474,0.4999846543864552,0.28792243603833606
EA2,0,0.28130740020196043,0,0.7186925997980395
EI2,0,0.08299677709643043,0.4357760020928955,0.4812272208106741
EE2,0.2404460435484398,0.05254357734137516,0.45182773999664355,0.25518263911354155
EO2,0.10311726148919045,0.05316294918219346,0.4701437050674562,0.3735760842611599
OA2,0.32096644967955185,0.05760305805021243,0.4412635157691909,0.1801669765010449
OI2,0.2276629590089648,0.030477334798403994,0.4956773020583527,0.24618240413427847
OE2,0.2615517371915041,0.05105691938703162,0.45085889141440855,0.23653245200705583
OO2,0.21065834981025544,0.028975184954929633,0.5006021744959943,0.25976429073882057
AA3,0.28297289285767463,0,0.5065317004936757,0.2104954066486497
AI3,0.31074055008879553,0,0.503897083631385,0.18536236627981934
AE3,0.218452839396768,0.11306545963815308,0.36565436831496684,0.30282733265011214
AO3,0.3084204681462626,0.049339653176881194,0.4515143808601224,0.19072549781673373
IA3,0.19640758863723412,0,0.5069081658633909,0.2966842454993749
II3,0.22413432962954696,0.047842935860354714,0.45894822849847156,0.2690745060116268
IE3,0.22996538905878855,0.12026548163805716,0.3557945534311188,0.2939745758720355
IO3,0.2422645168691876,0.06727867731756695,0.43358492312852676,0.25687188268471867
EA3,0,0.10832653830977912,0.39227935659369073,0.4993941050965302
EI3,0,0.11627767190326396,0.3819558338089849,0.5017664942877512
EE3,0.23509490828515198,0.07289006947822473,0.4177968009985963,0.274218221238027
EO3,0.15096572893718377,0.09666954990351789,0.3873602458118851,0.36500447534741326
OA3,0,0.047004709464055786,0.4924478175052005,0.4605474730307436
OI3,0.13546024281173463,0.06757805355482174,0.44784179028386756,0.34911991334957615
OE3,0.24383390040341169,0.10613500821203174,0.3732038603807178,0.2768272310038388
OO3,0.18520761829514235,0.07832620962489197,0.42715432247763524,0.3093118496023303
AA4,0.1357827243497344,0,0.5343511770027292,0.32986609864753635
AI4,0.19026910816955958,0.05503792403238572,0.46469148271652894,0.2900014850815258
AE4,0,0.33624578112881665,0,0.6637542188711834
AO4,0.20097405537411114,0.08016962511617372,0.4295025339514649,0.28935378555825014
IA4,0.20540257535131182,0,0.5206394656534173,0.2739579589952709
II4,0.23543983709342592,0.039298883799750335,0.4749615560337783,0.2502997230730454
IE4,0.2509255693376665,0.1030541985270937,0.36861309025090494,0.27740714188433474
IO4,0.2557211246829065,0.05635666195347349,0.4487514498755694,0.23917076348805072
EA4,0,0.09420247712619353,0.4223795495817651,0.48341797329204134
EI4,0,0.10045251597068469,0.41239656969278704,0.4871509143365283
EE4,0.2531954605159944,0.06243420430336032,0.4278887633560818,0.25648157182456355
EO4,0.16307748546559245,0.08252513410695728,0.40823042734432263,0.34616695308312767
OA4,0.20237692180984856,0.03186366257193066,0.48707332370990525,0.27868609190831556
OI4,0.24277429435013131,0.03694007021548756,0.47211286756708304,0.24817276786729817
OE4,0.27584375349353013,0.06053525786586335,0.42634827308119666,0.23727271555940982
OO4,0.2756545243265923,0.04513002870421687,0.4536208695067525,0.22559457746243838
