AA1,0.45974430967017177,0,0.5402556903298282,0
AI1,0.2261239518337433,0,0.5916315460845009,0.1822445020817558
AE1,0.11906180106353988,0.26451231555607196,0.23895853915948007,0.377467344220908
AO1,0.11989905887068775,0.10940804678051066,0.40745710506366917,0.3632357892851324
IA1,0.14813338537062765,0.17493150436150648,0.326698935412459,0.35023617485540703
II1,0.09548139078612919,0.12028763125880348,0.3775842646287242,0.406646713326343
IE1,0.1285856074739498,0.2812433365631035,0.22681195095885254,0.36335910500409413
IO1,0.0782073983976783,0.12447345447670172,0.36760643568217155,0.4297127114434484
EA1,0,0.5006821429277455,0,0.49931785707225457
EI1,0,0.2800106242324257,0.1598718931241325,0.5601174826434419
EE1,0.1554464126622003,0.18818684337559666,0.3275052250559207,0.3288615189062823
EO1,0.05024679944420698,0.15739468901553338,0.30777914984127885,0.4845793616989808
OA1,0.06774461836494881,0.29392527838962856,0.19067237514968016,0.44765772809574245
OI1,0.04245966908697303,0.1993589292629041,0.26654918649150044,0.49163221515862243
OE1,0.1507464780440387,0.2334024449109921,0.2793067164208411,0.3365443606241281
OO1,0.051065394305614915,0.14567406274637287,0.32477062220481306,0.47848992074319924
AA2,0.16720739199470416,0.14032689922651084,0.36461420331618155,0.3278515054626035
AI2,0.08596124653266037,0.13398484076096434,0.37594510819768157,0.4041088045086937
AE2,0,0.47890457259284114,0,0.521095427407159
AO2,0,0.2149052416340412,0.25395515979305994,0.5311395985728988
IA2,0.20817891439778258,0.12967144614505668,0.3745724630950285,0.28757717636213226
II2,0.13492292495599922,0.0903630662780542,0.4375681784966577,0.33714583026928896
IE2,0.20483852523833967,0.22310638504726604,0.2663126309177162,0.30574245879667816
IO2,0.11503635867423148,0.09808839916608558,0.4284573662324892,0.35841787592719376
EA2,0,0.47890457259284114,0,0.521095427407159
EI2,0,0.25255306890357987,0.21559215157681796,0.5318547795196021
EE2,0.2370242560594963,0.14097126451315617,0.36093531979197413,0.26106915963537336
EO2,0.07389572160926766,0.1313657027130597,0.3777534287253857,0.41698514695228694
OA2,0.16243055238182846,0.26211568813837377,0.22223866865432312,0.3532150908254746
OI2,0.10326492810714921,0.1399394617692555,0.37210311452034234,0.38469249560325275
OE2,0.25796527462214147,0.13309140417765872,0.3671793028748148,0.24176401832538502
OO2,0.1276099222082212,0.08876484683611759,0.4414516991660756,0.34217353178958565
AA3,0.23387815039399645,0,0.5567101184195752,0.20941173118642845
AI3,0.27648014745939775,0,0.551791617055672,0.1717282354849303
AE3,0.13534047106960995,0.29021421117046714,0.22018603089533947,0.3542592868645834
AO3,0.2207283319990032,0.16106650643450196,0.34966471976542185,0.26854044180107284
IA3,0.09636366633353216,0,0.530085066954192,0.37355126671227573
II3,0.11603545167627416,0.14104793331318688,0.35471328195295804,0.38820333305758103
IE3,0.1463942822355854,0.3076504713638865,0.20749731439671865,0.33845793200380947
IO3,0.12712605596804152,0.2274175171521841,0.271401283139699,0.3740551437400754
EA3,0,0.2959007984333295,0.16159237844724805,0.5425068231194226
EI3,0,0.312377471531182,0.1491224420580207,0.5385000864107974
EE3,0.18319595183334852,0.20335286234665656,0.3030235214818631,0.3104276643381318
EO3,0.0745339452134744,0.28489402870121966,0.2029012489238099,0.43767077716149605
OA3,0,0.17801267737783216,0.2722955761401914,0.5496917464819764
OI3,0.05263631889054048,0.22526545924161734,0.25043520242204664,0.4716630194457955
OE3,0.17501128150835588,0.2538694225162733,0.2565578663631808,0.31456142961219014
OO3,0.09203989242463233,0.25803191338139075,0.2350194987036355,0.4149086954903413
AA4,0.03920675362719836,0,0.5564004844960314,0.4043927618767701
AI4,0.09399754285105215,0.16531568995680135,0.33414832696536134,0.40653844022678515
AE4,0,0.5271679467571726,0,0.4728320532428274
AO4,0.08571500660957783,0.2683496533170418,0.2258027146374215,0.4201326254359589
IA4,0.1234227417504591,0,0.5610181252862947,0.3155591329632463
II4,0.15271230460144408,0.11118137195355936,0.39067594139331235,0.34543038205168425
IE4,0.2126810103687875,0.2590343821743816,0.2272410113828377,0.30104359607399317
IO4,0.17311853062016333,0.18770385771353612,0.3022522384755714,0.3369253731907292
EA4,0,0.27458038382395605,0.1962502183204337,0.5291693978556102
EI4,0,0.2898022180665345,0.181964456989771,0.5282333249436945
EE4,0.25528840397374214,0.16559556786601362,0.31513922884675344,0.26397679931349083
EO4,0.10341989554424852,0.2531832797047785,0.2347288226200392,0.40866800213093374
OA4,0.08132093484333718,0.1426190532788699,0.35294598555212653,0.42311402632566636
OI4,0.11792659757997764,0.1651754534046525,0.32751043396539764,0.3893875150499722
OE4,0.279129440668793,0.15617248909564949,0.3203326849050008,0.24436538533055668
OO4,0.1904482794879122,0.17747429596935174,0.309745713859558,0.3223317106831781
