AA1,0.6045247147763294,0,0.39547528522367065,0
AI1,0.4033700267144577,0,0.5743944256340398,0.022235547651502523
AE1,0.43068392420337676,0.04332835396105218,0.4366387262473431,0.08934899558822798
AO1,0.387422002850647,0.010963163511000887,0.528332191698263,0.07328264194008918
IA1,0.42678233923533593,0.04876949408832692,0.43521354157933706,0.08923462509700004
II1,0.303571722599404,0.020604760970350702,0.5716333786569624,0.10419013777328286
IE1,0.44798323226929665,0.04757395201150196,0.42694957682623913,0.07749323889296221
IO1,0.3343670442821587,0.013473531395658466,0.5602573799534112,0.09190204436877152
EA1,0,0.41868939018967144,0,0.5813106098103287
EI1,0,0.02468411682466179,0.3236173455881738,0.6516985375871643
EE1,0.448871541691877,0.002251217713216329,0.5316849491175946,0.017192291477312178
EO1,0.19407696090339963,0.002372062240442633,0.6493210038399707,0.15422997301618707
OA1,0.2528153740589243,0.14101416363726632,0.3329329764279275,0.2732374858758818
OI1,0.1252025620437885,0.020983231387518626,0.47685456233202594,0.37695964423666695
OE1,0.4729151024624415,0.009226140648250458,0.4931005897999256,0.024758167089382513
OO1,0.20508592183749186,0.005728996512981164,0.6213768654807967,0.16780821616873026
AA2,0.4520012811470453,0.026068669296723815,0.4505211666576354,0.07140888289859547
AI2,0.25315641511983944,0.0299527144019983,0.5722323735218019,0.14465849695636038
AE2,0,0.36548681191253907,0,0.6345131880874609
AO2,0,0.10476360292166458,0.2646780766303866,0.6305583204479488
IA2,0.4682307136739994,0.023840867454729634,0.44830048128689987,0.05962793758437121
II2,0.3385944338322296,0.010384091107084593,0.5817424097844539,0.06927906527623189
IE2,0.5154322396074107,0.026724829365270285,0.40624335780996074,0.05159957321735831
IO2,0.3839194529480787,0.00754071026745986,0.5454094139248771,0.06313042285958446
EA2,0,0.36548681191253907,0,0.6345131880874609
EI2,0,0.020958299534901855,0.4521267969100155,0.5269149035550826
EE2,0.5144824710393442,0.001384160598835187,0.4729350798956291,0.011198288466191652
EO2,0.22145074589635452,0.0017269462129347341,0.665491655191657,0.11133065269905375
OA2,0.4550443532460513,0.08603532543631415,0.33240139967788185,0.12651892163975267
OI2,0.2573468838935363,0.0066272989431034705,0.6143234364704147,0.12170238069294546
OE2,0.5283821544738028,0.0010985455092813938,0.46199296888887265,0.008526331128043213
OO2,0.35879002900463663,0.0008071684665109632,0.6060941878424853,0.034308614686366964
AA3,0.41370895393636686,0,0.5572351771148628,0.029055868948770304
AI3,0.4491238893146879,0,0.5313518699564512,0.019524240728860887
AE3,0.4184484946779501,0.11895830812558471,0.38488934305496475,0.07770385414150036
AO3,0.4827656169139108,0.050395052752357575,0.4247722511474945,0.042067079186237234
IA3,0.29310251980299323,0,0.6253565147059545,0.08154096549105222
II3,0.31852692135669675,0.10518338649544616,0.4831055247897638,0.09318416735809326
IE3,0.4238583887773552,0.1472055307640974,0.3631245703310711,0.06581151012747614
IO3,0.4243912122891514,0.09604027844306312,0.4305474032352126,0.049021106032572835
EA3,0,0.06784673013404052,0.32972155326429525,0.6024317166016642
EI3,0,0.09277759667901428,0.3107873314503459,0.5964350718706397
EE3,0.5059548471816124,0.0030221789412626814,0.4756603235393603,0.015362650337764653
EO3,0.411748268674536,0.01382744149415569,0.5253153404657629,0.049108949365545315
OA3,0,0.03592969712686675,0.37438368645319187,0.5896866164199415
OI3,0.19529121654416995,0.10618542694830367,0.3825561644913859,0.3159671920161405
OE3,0.515098030523081,0.01717821145213627,0.44535690450940707,0.022366853515375637
OO3,0.39313939827946615,0.0851069295332234,0.4474031351059249,0.07435053708138561
AA4,0.14658584426813198,0,0.646237038674743,0.20717711705712485
AI4,0.2600151489969266,0.06069914027426357,0.5212606541580966,0.1580250565707133
AE4,0,0.4845124268870498,0,0.5154875731129501
AO4,0.2623560580309565,0.17235047828693656,0.3526211318303812,0.21267233185172574
IA4,0.3217276272424915,0,0.6124015623956325,0.0658708103618761
II4,0.3689247337953705,0.020960536399046877,0.532445222941728,0.07766950686385471
IE4,0.5190220172246446,0.04611644467345194,0.37274392982149157,0.06211760828041184
IO4,0.48779878241817604,0.020126576192625294,0.4504364871604911,0.04163815422870767
EA4,0,0.02651832931585118,0.3789522518917007,0.5945294187924481
EI4,0,0.03030364481771988,0.3656382115115805,0.6040581436706997
EE4,0.5465992188599171,0.002099355895329953,0.4379803302697893,0.013321094974963666
EO4,0.43925099239137555,0.006823295703645991,0.5139643004307419,0.03996141147423649
OA4,0.2507602029605451,0.009423153061981158,0.5762560648738109,0.16356057910366284
OI4,0.33392329840343626,0.010701876817231218,0.5210730002024541,0.13430182457687836
OE4,0.564161233181897,0.001664384368431978,0.4240915765976075,0.010082805852063368
OO4,0.5197866378057941,0.0038947479075282774,0.45939426079215906,0.016924353494518537
