AA1,0.5472846430871117,0,0.45271535691288844,0
AI1,0.33469164355616,0,0.5689380731667519,0.09637028327708802
AE1,0.32802803306453593,0.02370313591729798,0.49548837893819253,0.15278045207997362
AO1,0.3202541230932415,0.00754653000442415,0.5406494276187912,0.13154991928354312
IA1,0.3690977797574265,0.04163008853157682,0.4271038863008822,0.16216824541011443
II1,0.2426796259831372,0.011566314051524985,0.5372800804753002,0.20847397949003757
IE1,0.3605017708131376,0.03261631115843839,0.4779903134408109,0.12889160458761315
IO1,0.2625114440706502,0.012169297746493368,0.5408737513941627,0.1844455067886937
EA1,0,0.3268788453702279,0,0.6731211546297721
EI1,0,0.013121697100883326,0.39865794740962857,0.588220355489488
EE1,0.3359104928837768,0.0027874679331660397,0.54549095504855,0.11581108413450716
EO1,0.1909363695942953,0.0026984011549710243,0.5348357800225032,0.2715294492282305
OA1,0.2972349552073141,0.07197704775807638,0.37927268384143187,0.25151531319317755
OI1,0.16110632456336468,0.011951310354904234,0.5040550852150448,0.32288727986668625
OE1,0.35831566203752396,0.023109045174442434,0.5057143107558268,0.11286098203220679
OO1,0.21153822228962726,0.009974655621533228,0.5243307390277223,0.2541563830611171
AA2,0.40137296960640595,0.02271477025352602,0.4523437724063597,0.12356848773370843
AI2,0.21728056605265827,0.02466357610852831,0.5131537546389616,0.24490210319985178
AE2,0,0.2771837460267724,0,0.7228162539732276
AO2,0,0.06308161044854858,0.3537995509100343,0.5831188386414171
IA2,0.4164905384976941,0.02197834768558135,0.4483249528425652,0.11320616097415939
II2,0.2779116535197605,0.006502929222425301,0.5639378175618811,0.15164759969593297
IE2,0.42957917383073174,0.019148187455949213,0.45843936809556385,0.09283327061775525
IO2,0.3078842390213169,0.00762694529374745,0.5502969841078582,0.1341918315770773
EA2,0,0.2771837460267724,0,0.7228162539732276
EI2,0,0.008892353046724739,0.5202428661527623,0.47086478080051314
EE2,0.3983956352846612,0.00152945099369734,0.5170439851976594,0.08303092852398224
EO2,0.22407136982721834,0.0016748896967100633,0.5744039645652973,0.1998497759107743
OA2,0.42217270346695396,0.04049191266327301,0.3927582700027081,0.14457711386706504
OI2,0.23253925635423817,0.001254168902905017,0.5906326841748682,0.17557389056798847
OE2,0.42010175080111684,0.0014129711791236363,0.5092832573550397,0.0692020206647199
OO2,0.2976161467561837,0.0006296942677209967,0.5751126420867373,0.12664151688935799
AA3,0.3589894142892002,0,0.5339206684005274,0.10708991731027229
AI3,0.4003508872371126,0,0.5174847963002646,0.08216431646262282
AE3,0.3616073734433556,0.06213905220906603,0.447398210839043,0.1288553635085355
AO3,0.40605093081068155,0.0227733399971943,0.47691303659366197,0.09426269259846222
IA3,0.25043535227222075,0,0.5465381995335179,0.20302644819426147
II3,0.2953975429188501,0.04696506311631248,0.47008649291719473,0.18755090104764272
IE3,0.3898530550994582,0.09738290792717551,0.40870812997269795,0.10405590700066833
IO3,0.34944574024498315,0.055520696102080096,0.45020103577941656,0.1448325278735203
EA3,0,0.033600464363703654,0.41221569361959354,0.5541838420167027
EI3,0,0.05979295603692063,0.38576990801197303,0.5544371359511064
EE3,0.3945305934288815,0.0085780542771094,0.4968171261158272,0.10007422617818186
EO3,0.28056105514910235,0.023430191049543535,0.4926821404613143,0.20332661334003974
OA3,0,0.010420020776914328,0.45111801531547774,0.5384619639076078
OI3,0.21171565911739607,0.04865047211214293,0.44189417969999667,0.29773968907046433
OE3,0.40573445842502387,0.05597356310148794,0.4447660858841734,0.09352589258931483
OO3,0.314559205438902,0.052268563788432414,0.4530821593173278,0.1800900714553377
AA4,0.12063314278469743,0,0.5731728352604635,0.3061940219548391
AI4,0.24159639862672733,0.04794953255466672,0.465209281179339,0.245244787639267
AE4,0,0.40782649451030356,0,0.5921735054896965
AO4,0.22843394502497844,0.10344330417753728,0.3904195047606059,0.2777032460368784
IA4,0.2792338240732724,0,0.5571622661950395,0.16360390973168812
II4,0.33177493907987393,0.012574273792572883,0.5029259222111175,0.1527248649164357
IE4,0.4664643239710161,0.034067461432339706,0.4103918439401341,0.08907637065651011
IO4,0.3957172749593312,0.01734202642089177,0.4688579179762989,0.11808278064347812
EA4,0,0.010857964294314772,0.4844099194147883,0.504732116290897
EI4,0,0.015325046392547685,0.46586948358470814,0.5188054700227442
EE4,0.44508319590408596,0.002660130991947414,0.47092326820496516,0.08133340489900144
EO4,0.3160025340599104,0.005952260844370122,0.5115464390088496,0.16649876608686998
OA4,0.21778319174271163,0.0015006116243279635,0.5501240815629497,0.23059211507001073
OI4,0.2959963991674338,0.0022713987515074483,0.5194766948626769,0.18225550721838182
OE4,0.4728970524606177,0.002427877107458281,0.4576188161620033,0.06705625426992079
OO4,0.39866903954867855,0.002121205714093833,0.49425638793048204,0.10495336680674565
