AA1,0.5764015445104042,0,0.42359845548959585,0
AI1,0.4014879488444861,0,0.572066754127637,0.026445297027876898
AE1,0.4145293951535643,0.025266846128506326,0.47311158263953124,0.08709217607839798
AO1,0.37072518045182545,0.0043956312501345265,0.5542368351027227,0.0706423531953173
IA1,0.40608403796255654,0.062341520686543576,0.4111202957722016,0.12045414557869827
II1,0.31373882307811857,0.03250001323096241,0.5235419282621193,0.13021923542879973
IE1,0.43425188282514016,0.028348293492066228,0.46009648620340293,0.07730333747939065
IO1,0.3245059800608663,0.005884243084447874,0.5769139115587815,0.09269586529590448
EA1,0,0.3919215396222086,0,0.6080784603777915
EI1,0,0.03750089086203176,0.32709691077870784,0.6354021983592604
EE1,0.43303659540413014,0.0010796826565855821,0.5406543467712531,0.025229375168031507
EO1,0.2236194755420324,0.0010977415719127083,0.5960824621715334,0.17920032071452144
OA1,0.2738892478085901,0.12902244035271226,0.3302430704594357,0.2668452413792619
OI1,0.15850312748453185,0.03558729119401034,0.4606437399392694,0.34526584138218847
OE1,0.45316205404884397,0.006988775254411678,0.5105884215147666,0.02926074918197786
OO1,0.22377266562815892,0.0028979438887270273,0.5833847924054268,0.18994459807768713
AA2,0.4348095764784678,0.03444821953496004,0.4400332329478867,0.09070897103868544
AI2,0.26041872406105426,0.03962892654000896,0.5382166031851344,0.16173574621380235
AE2,0,0.3428531798289374,0,0.6571468201710625
AO2,0,0.10070302573344732,0.2865474676848774,0.6127495065816754
IA2,0.4510890403280012,0.031198664654455605,0.43604986760746056,0.08166242741008266
II2,0.35178598252223786,0.016285388885263014,0.5430962957539468,0.08883233283855223
IE2,0.4935723866091979,0.015274321805425062,0.43880989931550524,0.05234339226987183
IO2,0.3676454483091688,0.0030521668056713276,0.5651322891553306,0.06417009572982926
EA2,0,0.3428531798289374,0,0.6571468201710625
EI2,0,0.027576587508543852,0.45823254997614976,0.5141908625153063
EE2,0.4859321821791572,0.0006302875416344255,0.49595311943025455,0.01748441084895387
EO2,0.24878335459662254,0.0007328030763471736,0.6242438943248828,0.1262399480021475
OA2,0.446213491708043,0.06942948843635623,0.3416021829736607,0.1427548368819401
OI2,0.26549529729032284,0.006781723137241228,0.5938047483955211,0.13391823117691468
OE2,0.5017433144021574,0.0005523562898475866,0.48523273747739337,0.012471591830601722
OO2,0.3496874455910698,0.00008168597809169724,0.6025186406695562,0.04771222776128233
AA3,0.40874701189740087,0,0.5587480118989075,0.03250497620369156
AI3,0.44432111637543215,0,0.5321626550977804,0.02351622852678752
AE3,0.4140448162767934,0.08475481933680543,0.42528910206366605,0.07591126232273511
AO3,0.4822051583150046,0.023995087098920006,0.4573724149157166,0.036427339670358855
IA3,0.29510729235786115,0,0.6106252555160092,0.09426745212612961
II3,0.3238330838609094,0.102385643848048,0.451860943373969,0.12192032891707358
IE3,0.42692743322956234,0.10336092358389348,0.40329461653569737,0.06641702665084673
IO3,0.42732217536544037,0.08253267699446862,0.41997643972617626,0.07016870791391479
EA3,0,0.07652710712846605,0.32913180444576573,0.5943410884257683
EI3,0,0.09829486158845317,0.3128162847483557,0.5888888536631911
EE3,0.47952435374604596,0.002096386655114342,0.49526676875945674,0.0231124908393832
EO3,0.39166228403868375,0.01290212782252178,0.5257832895616773,0.0696522985771172
OA3,0,0.035312991831516975,0.38250878652436726,0.5821782216441158
OI3,0.19168955990291445,0.09495255162389118,0.3971389099781228,0.31621897849507147
OE3,0.49105569392554016,0.018862767049458894,0.4636740981869222,0.026407440838078746
OO3,0.3712713567679754,0.11016155802272173,0.4056527774561866,0.11291430775311619
AA4,0.14660419930749932,0,0.6353515824462134,0.21804421824628742
AI4,0.2610082840900958,0.0744253100437776,0.48628961805937054,0.1782767878067561
AE4,0,0.45592465454744263,0,0.5440753454525574
AO4,0.28407821788394827,0.14301838017499885,0.36213057181647096,0.21077283012458187
IA4,0.31987250281231805,0,0.6051727672075918,0.07495472998009012
II4,0.37476964697070086,0.030545131979094496,0.4948948159002957,0.09979040514990897
IE4,0.5074181028175485,0.027992701039498066,0.405302174173002,0.05928702196995141
IO4,0.47872753918675987,0.020671967791716612,0.4431105454857134,0.05748994753581003
EA4,0,0.035188305697944414,0.38513949053213625,0.5796722037699193
EI4,0,0.04013129318896593,0.3734254841824459,0.5864432226285882
EE4,0.5190116617180682,0.0009364386247466867,0.46030108713406326,0.019750812523121785
EO4,0.420188876419823,0.0042843596690092,0.5183539459526247,0.057172817958543114
OA4,0.25041831750001964,0.009223400715410694,0.5551336660886501,0.18522461569591953
OI4,0.3178582300109434,0.01093851946780612,0.5167081915177263,0.15449505900352425
OE4,0.5383728411448278,0.0008091784062059951,0.4467475479216741,0.014070432527292127
OO4,0.5066938833322391,0.0013729242266950123,0.4717222245620777,0.020210967878988406
