AA1,0.5099105454493104,0,0.4900894545506895,0
AI1,0.4038883841437615,0,0.5215856893298049,0.07452592652643356
AE1,0.3849436096101908,0.04040218045942752,0.4598849261442321,0.11476928378614944
AO1,0.380281970648379,0.014719330808770283,0.49927098954756105,0.10572770899528984
IA1,0.3741657455292626,0.056723193855162626,0.4263543133089891,0.1427567473065857
II1,0.3143572602726568,0.03320276899070147,0.4876546006520069,0.16478537008463479
IE1,0.39850472495717987,0.04402328839591701,0.45190524297269813,0.10556674367420497
IO1,0.34656729240990647,0.016806670703386574,0.49499912388492917,0.14162691300177788
EA1,0,0.35663102945256575,0,0.6433689705474342
EI1,0,0.051975732666791175,0.46340502359603236,0.48461924373717646
EE1,0.39930707094169865,0.01754429858624664,0.49496907696788955,0.08817955350416518
EO1,0.28517762971988236,0.017229871284180215,0.4971852507359054,0.20040724826003203
OA1,0.3031477462003072,0.09387710839898422,0.37687586992461464,0.22609927547609407
OI1,0.20528238620438982,0.04374906509608074,0.4859404387994401,0.2650281099000893
OE1,0.4057800963566744,0.029654619213778214,0.47482402042511523,0.08974126400443212
OO1,0.2905221167923704,0.020014719115586256,0.49210251117145554,0.19736065292058783
AA2,0.4043410011438544,0.034028500512880595,0.4495480523779223,0.11208244596534266
AI2,0.2951580499637581,0.03550770042414074,0.48024569528628824,0.1890885543258128
AE2,0,0.3201438880933892,0,0.6798561119066108
AO2,0,0.09691056260479732,0.41158036910129986,0.49150906829390284
IA2,0.4168988079678038,0.03246390224017735,0.4485386681318547,0.10209862166016412
II2,0.3485497310137279,0.019617391646320592,0.51162574456119,0.12020713277876145
IE2,0.4419949637659377,0.031014511765940764,0.44860320896834144,0.07838731549978004
IO2,0.385622880140914,0.012150429225392997,0.4989325862692691,0.10329410436442375
EA2,0,0.3201438880933892,0,0.6798561119066108
EI2,0,0.03969293981667543,0.5722819060972445,0.3880251540860802
EE2,0.43866674579958387,0.012821458472170356,0.4833893334645487,0.06512246226369706
EO2,0.3209123918011783,0.013463803334361125,0.5191570007856284,0.1464668040788322
OA2,0.4111743283371256,0.05514537573375167,0.4030114892081206,0.13066880672100215
OI2,0.2980191620950957,0.01509687561840618,0.5422633782790546,0.14462058400744343
OE2,0.4459298943428979,0.012239359273621268,0.48242381944308915,0.05940692694039152
OO2,0.3784763876886303,0.009361286162332843,0.5115248698651134,0.10063745628392336
AA3,0.42489781567123897,0,0.496784377656119,0.07831780667264204
AI3,0.4396965466676233,0,0.49239303114510125,0.0679104221872754
AE3,0.40678305205314236,0.061176790888831024,0.4280557550371073,0.10398440202091931
AO3,0.4371990571691853,0.03154245547481015,0.4530246915638713,0.07823379579213328
IA3,0.355943405656784,0,0.49712063226118514,0.14693596208203094
II3,0.34134379207942833,0.05469518939444196,0.44641182434569177,0.15754919418043803
IE3,0.41861347786125913,0.07053543697831395,0.4159288361790284,0.09492224898139867
IO3,0.3899953802790569,0.06449348595341985,0.4238206369099515,0.12169049685757173
EA3,0,0.07177721248651618,0.4650485414567801,0.46317424605670376
EI3,0,0.08653028908128176,0.4474968643503005,0.4659728465684177
EE3,0.43151098354842615,0.022144904774045616,0.46534716382931496,0.08099694784821328
EO3,0.36499600861176995,0.04056062230104456,0.44862357271361697,0.14581979637356857
OA3,0,0.047670733311122385,0.49600000606917544,0.4563292606197022
OI3,0.23332302776984565,0.06745327677811065,0.44365022583579733,0.25557346961624633
OE3,0.43366049625168285,0.042799540115097685,0.4420231929120656,0.0815167707211538
OO3,0.354468686579011,0.07481352141680066,0.41670058059898285,0.15401721140520552
AA4,0.22313479554846186,0,0.5487836966034391,0.22808150784809897
AI4,0.3027082810508724,0.05533968213715562,0.44606295973188653,0.19588907708008538
AE4,0,0.4170711195377484,0,0.5829288804622514
AO4,0.29285925501079224,0.10171281979830657,0.3825861010002243,0.222841824190677
IA4,0.3801194497978886,0,0.5021127575506003,0.11776779265151123
II4,0.37033065815838123,0.029305642155263753,0.4730047059182766,0.1273589937680783
IE4,0.45642227914502287,0.04496750576619624,0.4173634788617246,0.08124673622705637
IO4,0.4258864054536653,0.03766396231080584,0.43744401451687204,0.09900561771865675
EA4,0,0.04879267613562602,0.5350806857551563,0.41612663810921763
EI4,0,0.05413744523206408,0.5217634180113979,0.42409913675653804
EE4,0.4602110841781373,0.016361487315966497,0.4557076060303241,0.06771982247557204
EO4,0.3958556544786833,0.02690345290669361,0.4587222951283074,0.11851859748631562
OA4,0.29182063436529837,0.017939106363678348,0.5130024083879078,0.17723785088311556
OI4,0.3257333303362154,0.019672135327022347,0.49874411189810997,0.1558504224386523
OE4,0.4689714071774529,0.015513241615713857,0.45390007478983313,0.061615276417000084
OO4,0.43389765674485653,0.01961464982498255,0.45803674659916177,0.08845094683099906
