AA1,0.4001808961054928,0,0.5998191038945071,0
AI1,0.06611360815441815,0,0.7959829884047004,0.1379034034408815
AE1,0.06514555492754891,0.218452711805634,0.17413407439590547,0.5422676588709116
AO1,0.06346064936215037,0.018370904469289392,0.4665873553845831,0.4515810907839771
IA1,0.13779905081315458,0.09946407251488716,0.42361435518387497,0.33912252148808336
II1,0.029763303547694193,0.01697616118432908,0.47882472548750393,0.47443580978047273
IE1,0.07370512500163455,0.2816545579566788,0.15509323789094598,0.4895470791507407
IO1,0.03051209466868542,0.03229093017994245,0.37893949486592393,0.5582574802854482
EA1,0,0.6565564144947547,0,0.34344358550524545
EI1,0,0.08644752171398735,0.14191588358891852,0.7716365946970941
EE1,0.08619008176930432,0.07580636113181351,0.35451715414636714,0.483486402952515
EO1,0.010138120405641377,0.057130704067793,0.2821044316022147,0.6506267439243508
OA1,0.0493472546688204,0.20908421014758125,0.208726136487468,0.5328423986961304
OI1,0.01130883737070145,0.03648041148642112,0.2984268634223211,0.6537838877205564
OE1,0.09007698348903487,0.19519945254199372,0.21701698901824126,0.49770657495073006
OO1,0.014372846484088951,0.040692316319117385,0.305807448974976,0.6391273882218175
AA2,0.2241575518714601,0.04345684379046449,0.466595638136114,0.26578996620196155
AI2,0.02069608363725659,0.03589956593164486,0.4519169968296457,0.49148735360145274
AE2,0,0.5827312224558516,0,0.4172687775441483
AO2,0,0.10474767900306989,0.1844363836286114,0.7108159373683187
IA2,0.35067425084115605,0.03764431154032422,0.4207774105576196,0.19090402706090015
II2,0.04146336254880404,0.008229416779173515,0.626658149301637,0.32364907137038557
IE2,0.17199750650691345,0.1842502764807152,0.20743672638379038,0.436315490628581
IO2,0.04640579163923852,0.01829592523293408,0.5027788629688189,0.4325194201590085
EA2,0,0.5827312224558516,0,0.4172687775441483
EI2,0,0.06648564047853714,0.23646378818235445,0.6970505713391084
EE2,0.16379281429017345,0.04520438541887246,0.4405481215545496,0.3504546787364046
EO2,0.014729512265028472,0.04013842807478881,0.41396435622528044,0.5311677034349023
OA2,0.31148118088419796,0.1362924515342924,0.2491305514520439,0.3030958161294656
OI2,0.03521998365211405,0.007963214098584998,0.6006722994217328,0.35614450282756804
OE2,0.2240351245568224,0.042858021126320714,0.4368637151209674,0.2962431391958894
OO2,0.04667630110125349,0.009823864081114886,0.595974659776916,0.3475251750407158
AA3,0.10979762872524894,0,0.7041223550107095,0.18608001626404166
AI3,0.23445102173491986,0,0.6422447850537725,0.12330419321130764
AE3,0.07111368500761803,0.4348639765674244,0.11976891481732357,0.3742534236076341
AO3,0.24939913082101534,0.11098462666327577,0.33058981755471445,0.30902642496099453
IA3,0.02532594435043921,0,0.6806446154074854,0.29402944024207534
II3,0.07699050891530067,0.07367957276909133,0.41445255138444503,0.43487736693116297
IE3,0.08654105449756244,0.5191582351160672,0.09500825025539529,0.29929246013097516
IO3,0.10873280788322412,0.2017643470691943,0.25394079842801964,0.43556204661956194
EA3,0,0.17358269816029312,0.1344742589040216,0.6919430429356853
EI3,0,0.2106445735926552,0.11605893956929685,0.673296486838048
EE3,0.15754991064009466,0.14726682692235082,0.28453610105389804,0.41064716138365653
EO3,0.030343189506573432,0.21626873230077184,0.18986042735580314,0.5635276508368515
OA3,0,0.027441621894218518,0.30053071533658826,0.6720276627691932
OI3,0.032686475894255926,0.11814998107263361,0.25600413150624807,0.5931594115268624
OE3,0.14262094390893817,0.37187681796916544,0.14593089414037863,0.3395713439815176
OO3,0.062337847064663866,0.22791659005772974,0.2065314950131009,0.5032140678645055
AA4,0.006270870662126698,0,0.6886048193687209,0.30512430996915246
AI4,0.03752327849827318,0.0765988285190001,0.3455398341993895,0.5403380587833372
AE4,0,0.7108576011135328,0,0.28914239888646726
AO4,0.03417804770351916,0.261267833352573,0.1622539170762528,0.5423002018676552
IA4,0.03756346044207214,0,0.7249778607919458,0.23745867876598206
II4,0.11681033879352214,0.017667438277918047,0.4722415116372407,0.39328071129131914
IE4,0.21030806706289687,0.2694105061937467,0.14522115936781368,0.37506026737554277
IO4,0.18558034468375262,0.07251951266304435,0.30881095189934715,0.4330891907538558
EA4,0,0.08917567735086968,0.17745731537159581,0.7333670072775346
EI4,0,0.10288945514680839,0.15806748692957148,0.7390430579236201
EE4,0.26142561293197886,0.06905249050323954,0.305715544953696,0.3638063516110855
EO4,0.050166327067670026,0.10993998485974128,0.24681173385240354,0.5930819542201852
OA4,0.03777968394395683,0.009338849611532996,0.46850661335375243,0.48437485309075773
OI4,0.10856697408985529,0.014826272470810177,0.4453613740895557,0.4312453793497789
OE4,0.39176069987642165,0.058809461686964264,0.2722838568236718,0.2771459816129423
OO4,0.2484297432188266,0.030915137813567414,0.36610044045119683,0.35455467851640904
