AA1,0.5948032149438325,0,0.40519678505616763,0
AI1,0.4164266950021985,0,0.5645115987180792,0.01906170627972229
AE1,0.3307772903035714,0.1262704659774606,0.3172712193264861,0.22568102439248183
AO1,0.24947745499641605,0.021003822731970042,0.5709157591074729,0.15860296316414094
IA1,0.5227556542843512,0.005825616179201293,0.44849720596359716,0.02292152357285016
II1,0.3653722343889805,0.003914200640072757,0.5800596649594828,0.05065390001146379
IE1,0.3333361888182598,0.12756866994708668,0.3164470822109707,0.22264805902368265
IO1,0.21935714645098225,0.023159448137965593,0.5815562075282226,0.17592719788282954
EA1,0,0.4413211595459525,0,0.5586788404540475
EI1,0,0.12618181881195736,0.312196541615241,0.5616216395728016
EE1,0.40676665462017514,0.03222433865908722,0.47442119403851946,0.08658781268221827
EO1,0.14370339794518178,0.03202763695806977,0.5025408642017912,0.3217281008949572
OA1,0.2651777571307886,0.06511423203047556,0.4240485175960298,0.24565949324270608
OI1,0.19843478180069343,0.04625184791019274,0.46437567015326336,0.29093770013585046
OE1,0.40244415164916203,0.0746499526707555,0.3984471693215482,0.1244587263585343
OO1,0.10220205882209968,0.030953527968020346,0.5172580417157868,0.3495863714940931
AA2,0.4974175324358736,0.005123865255334781,0.4714222454718283,0.02603635683696311
AI2,0.31610624172493584,0.005694515617570389,0.5987007996973805,0.07949844296011309
AE2,0,0.37991083385311447,0,0.6200891661468855
AO2,0,0.05615955328153206,0.4505452231137342,0.49329522360473366
IA2,0.5128879817682398,0.00452345847928743,0.4610227255623733,0.021565834190099425
II2,0.3644469480057157,0.0031762577183258997,0.5821076839773973,0.05026911029856097
IE2,0.35683338330068626,0.11520128083374478,0.3139279394228156,0.21403739644275332
IO2,0.23230037195473754,0.023870475265778998,0.5673165975207125,0.17651255525877102
EA2,0,0.37991083385311447,0,0.6200891661468855
EI2,0,0.11417272827744299,0.32720666307274,0.5586206086498169
EE2,0.42820309120721717,0.031583016490216664,0.45421212974411584,0.08600176255845024
EO2,0.14164833540277627,0.03285105863970403,0.5020315930142147,0.3234690129433049
OA2,0.5371658216610358,0.019375160747338766,0.4086185431613723,0.03484047443025322
OI2,0.3981703780936094,0.009575807332789716,0.5390336669976629,0.05322014757593804
OE2,0.44998175698960563,0.026918839878012916,0.4539130434285185,0.06918635970386297
OO2,0.33941249471033436,0.012768101211320038,0.5622044340999348,0.08561496997841073
AA3,0.41371638459276383,0,0.5556924112562738,0.03059120415096232
AI3,0.45547925129569045,0,0.5256465753801378,0.018874173324171684
AE3,0.30605990387430426,0.17375621346512177,0.2937759146364392,0.22640796802413476
AO3,0.5053653139535662,0.023703308579179683,0.43182466750152426,0.03910670996572981
IA3,0.33294762075170076,0,0.6107536253513093,0.05629875389698982
II3,0.39521908404402467,0.006436473995359233,0.5466766066458258,0.051667835314790134
IE3,0.3080024773188177,0.1764484684317528,0.29238755374325204,0.22316150050617742
IO3,0.4662726768616154,0.042096418650811505,0.4291301151698383,0.06250078931773495
EA3,0,0.12500834813824072,0.29320663728938806,0.5817850145723712
EI3,0,0.12761274712779822,0.2907417167245364,0.5816455361476653
EE3,0.4189142915722282,0.03331213753840562,0.4554505638691729,0.09232300702019326
EO3,0.3296834481312399,0.07475672825864539,0.4286874319370198,0.16687239167309503
OA3,0,0.01758049403096129,0.5068919778269865,0.47552752814205224
OI3,0.21835720003927941,0.05744488497354615,0.4228946791390689,0.3013032358481055
OE3,0.39975237345294723,0.08708265775765386,0.3827129653418188,0.13045200344758015
OO3,0.31059946273445826,0.1457828388102226,0.3297508542603894,0.21386684419492977
AA4,0.24191058117839306,0,0.6481319323160832,0.10995748650552366
AI4,0.32121485847333164,0.009365010148313714,0.5782025350424642,0.09121759633589054
AE4,0,0.4102178395084586,0,0.5897821604915413
AO4,0.37829587447938673,0.06574648897746425,0.4356060710117925,0.12035156553135655
IA4,0.3262559263636706,0,0.6127159560503468,0.06102811758598271
II4,0.3800288461042779,0.0046169377186500915,0.5584079469458312,0.056946269231240826
IE4,0.32529274385013235,0.13634457484726753,0.289671389282555,0.24869129202004525
IO4,0.4412678966332887,0.03998897512656674,0.4472400667799311,0.07150306146021354
EA4,0,0.1012212738340306,0.2678675719511794,0.63091115421479
EI4,0,0.10195667011198306,0.26604705848552757,0.6319962714024894
EE4,0.42459081308493973,0.03388345091316073,0.43905539371850766,0.10247034228339191
EO4,0.308331079362395,0.0718688977757365,0.42386777708542667,0.19593224577644192
OA4,0.3882163639367908,0.00855928750451526,0.5261557566566502,0.07706859190204383
OI4,0.43883668781573654,0.008882822323522629,0.4919632213090721,0.06031726855166878
OE4,0.45219835564906213,0.0285470671796867,0.4365514811404217,0.08270309603082933
OO4,0.5310010645845785,0.015909900196531945,0.4226543712658719,0.030434663953017842
