AA1,0.5085012947521353,0,0.4914987052478647,0
AI1,0.38208259248048043,0,0.5313162034706519,0.0866012040488678
AE1,0.35842881260789744,0.026670581437826912,0.4844570094520288,0.1304435965022468
AO1,0.3572646823045346,0.008152621111029918,0.5170440421956698,0.1175386543887657
IA1,0.37414775320328225,0.052082924442035765,0.4268665069325744,0.1469028154221076
II1,0.3056834515525484,0.024868088088968256,0.48675567338290576,0.18269278697557764
IE1,0.37964355848034204,0.03275650317761636,0.4716991576186809,0.11590078072336067
IO1,0.3174528666654858,0.011612698952037892,0.503181902385954,0.16775253199652237
EA1,0,0.32858601045195945,0,0.6714139895480405
EI1,0,0.03444340097763748,0.4731772329253676,0.49237936609699484
EE1,0.36705118997282354,0.010566247199839781,0.5120479770917385,0.11033458573559808
EO1,0.2600983584311181,0.01028201545336488,0.5047438100400953,0.2248758160754217
OA1,0.3228291971181255,0.08166453793434555,0.39190878903036036,0.20359747591716862
OI1,0.23286861685705923,0.029172098514779223,0.4823187637715888,0.2556405208565727
OE1,0.3832983620015962,0.02306744453165749,0.4876686066797553,0.10596558678699104
OO1,0.27617154343567185,0.013993502351239955,0.4990208802593068,0.2108140739537816
AA2,0.406485392780448,0.02904093149094132,0.44983792432694586,0.11463575140166485
AI2,0.2943987508082822,0.03075812610384779,0.48114992810925955,0.19369319497861034
AE2,0,0.2844568476304725,0,0.7155431523695276
AO2,0,0.07763094816095313,0.44439268092677264,0.4779763709122743
IA2,0.4183259857581245,0.02788807125870509,0.4486493096184606,0.10513663336470973
II2,0.34032928256502226,0.013392762236895938,0.5116895868336871,0.1345883683643947
IE2,0.4245857884763747,0.02100021524223516,0.46823320914489724,0.08618078713649278
IO2,0.3556237608897434,0.006917913550036191,0.5144795558544443,0.12297876970577613
EA2,0,0.2844568476304725,0,0.7155431523695276
EI2,0,0.02574500275066291,0.580632382775521,0.39362261447381613
EE2,0.4063948486718576,0.007464723578435303,0.5044835826564997,0.08165684509320732
EO2,0.29286156856973233,0.007814642994790707,0.5335458777054113,0.16577791073006565
OA2,0.41329626864781216,0.047583290009450024,0.41075508223075285,0.12836535911198493
OI2,0.30524193817459633,0.010395344656200853,0.5317231253783656,0.1526395917908371
OE2,0.4271530149310694,0.007296451859573138,0.49730249053972503,0.06824804266963247
OO2,0.3578270131295985,0.004447516222354069,0.5209969129260292,0.11672855772201823
AA3,0.3971895867181411,0,0.5049753762790841,0.09783503700277481
AI3,0.42875169850622563,0,0.4946985230932915,0.07654977840048291
AE3,0.3889573814659281,0.05165281581437404,0.4450030575773287,0.11438674514236911
AO3,0.4240723387063386,0.02531968480157081,0.4634398314581896,0.08716814503390094
IA3,0.3222360795944166,0,0.5003228071292368,0.17744111327634657
II3,0.33930294866111843,0.05222027896970355,0.44035094282801096,0.168125829541167
IE3,0.4084561769165925,0.06579999613076286,0.42554697369252453,0.10019685326012022
IO3,0.37330144331271226,0.05604164630801308,0.4314972822734392,0.1391596281058354
EA3,0,0.047814435776072986,0.48377766455727556,0.4684078996666514
EI3,0,0.06129369608794147,0.4688984207674761,0.4698078831445824
EE3,0.40820147385386646,0.015874836469673664,0.4775691646058493,0.09835452507061052
EO3,0.32971638992308244,0.030829213145047992,0.45792202918676606,0.18153236774510353
OA3,0,0.03348257536026641,0.5054558255804653,0.4610615990592683
OI3,0.2674952811640051,0.057014420502895645,0.4373842663567572,0.238106031976342
OE3,0.41748542446867437,0.045936765338749935,0.4442642724594803,0.09231353773309549
OO3,0.34985841674961354,0.058155107778123515,0.4278164972538349,0.164169978218428
AA4,0.21597961051944434,0,0.5465771463829072,0.23744324309764853
AI4,0.3075116761834594,0.05262536941103546,0.4446806340241872,0.1951823203813179
AE4,0,0.39552134101547,0,0.6044786589845299
AO4,0.29594497906467077,0.08707331695792606,0.39475268343588965,0.22222902054151364
IA4,0.3425001877396393,0,0.5142149961179282,0.1432848161424324
II4,0.3686752116299054,0.021905221060066284,0.4715307751584227,0.13788879215160563
IE4,0.4480368695349665,0.0332511030569536,0.4330152014444371,0.08569682596364274
IO4,0.40808834652146103,0.023875644681154436,0.45397307011230814,0.11406293868507626
EA4,0,0.030489278851233873,0.5491448662039515,0.42036585494481454
EI4,0,0.03598745604996287,0.5379296554352294,0.4260828885148077
EE4,0.4348970745249508,0.009994607716001119,0.47301172728795565,0.08209659047109244
EO4,0.3553511053787672,0.018489076489150352,0.47756367361299246,0.1485961445190899
OA4,0.2874875817145979,0.012462554651947264,0.5102604548151899,0.1897894088182649
OI4,0.33703550638496527,0.014530241112025331,0.48948625170895965,0.15894800079404967
OE4,0.4590075146461128,0.009677899524553864,0.46321994866691313,0.06809463716242017
OO4,0.41150995785612327,0.013386660873404142,0.4677999251986753,0.10730345607179732
