AA1,0.42314878094325464,0,0.5768512190567453,0
AI1,0.09875145304414865,0,0.5387805247727501,0.3624680221831012
AE1,0.0389366740132623,0.37319392142249536,0.11336465606187911,0.47450474850236324
AO1,0.03919865842294948,0.2374938899419504,0.2656960303345744,0.4576114213005256
IA1,0.13142286616625,0.2698367560033336,0.2582766427332052,0.3404637350972111
II1,0.048335655743856815,0.20951919608109704,0.29352775164373823,0.4486173965313079
IE1,0.044924981335072674,0.38603746141619505,0.1034528234738983,0.465584733774834
IO1,0.03147166999003552,0.24688900535640024,0.24743425772318645,0.47420506693037767
EA1,0,0.49207318363609104,0,0.5079268163639089
EI1,0,0.2683165717270443,0.17902577449850662,0.552657653774449
EE1,0.07514943360515874,0.24897561728176879,0.24574566586672725,0.4301292832463452
EO1,0.03373160781473084,0.22918332296106575,0.2390674639398025,0.4980176052844009
OA1,0.07711757688969759,0.3428594522396427,0.174581192378021,0.4054417784926387
OI1,0.0273179682590278,0.25135833860721135,0.23820777991687425,0.48311591321688657
OE1,0.06647104061183375,0.3231148904797663,0.17725747878867654,0.4331565901197233
OO1,0.02728511721448619,0.2513373071425546,0.23617378654106208,0.4852037891018971
AA2,0.15326197951031423,0.23148012810068247,0.28932667701438824,0.32593121537461506
AI2,0.04333807556630595,0.2119381549395005,0.29790843906862763,0.4468153304255658
AE2,0,0.4746044633839803,0,0.5253955366160196
AO2,0,0.3028543296833076,0.18299065986030225,0.5141550104563902
IA2,0.17251756790649256,0.22634592214518814,0.29434263864416693,0.30679387130415225
II2,0.06512077314716395,0.1786380553752445,0.34351364939793566,0.4127275220796559
IE2,0.07760812495958792,0.3502135711673262,0.1337835824331379,0.43839472143994795
IO2,0.051596806675580795,0.2209250570270245,0.28855071332582655,0.43892742297156806
EA2,0,0.4746044633839803,0,0.5253955366160196
EI2,0,0.2491391859036502,0.22379969068912034,0.5270611234072297
EE2,0.11684991998781355,0.21426021422073996,0.2855184562793934,0.3833714095120531
EO2,0.049198817107210066,0.2058912411021577,0.2907390127234608,0.45417092906717144
OA2,0.12063380140911607,0.32671098674464866,0.17755976568598353,0.3750954461602517
OI2,0.0457453037828332,0.1716696997484483,0.34067532411327983,0.44190967235543854
OE2,0.13135709397887851,0.21058250297670872,0.289555104967015,0.3685052980773978
OO2,0.07616659512502758,0.17371793540195468,0.3390760915555042,0.41103937791751344
AA3,0.11666159617357189,0,0.501205830847384,0.3821325729790441
AI3,0.15495635189680076,0,0.5032608202216674,0.3417828278815319
AE3,0.047961204075128945,0.41988561179012035,0.09911287520513859,0.43304030892961215
AO3,0.08279706297808932,0.34829719810890436,0.1746030541258747,0.3943026847871317
IA3,0.06588985323471944,0,0.47999814974335964,0.4541119970219209
II3,0.08444628530657369,0.24939349152829038,0.26783215745316813,0.39832806571196777
IE3,0.057563466068979025,0.43270955653407517,0.0893487761210326,0.42037820127591324
IO3,0.09221268265432668,0.3345275176008334,0.18943636544760073,0.3838234342972392
EA3,0,0.29513178319704225,0.1674820076553962,0.5373862091475615
EI3,0,0.3012312262119078,0.1624879900791277,0.5362807837089646
EE3,0.10989906212935027,0.2667430376263531,0.22043074146199299,0.4029271587823037
EO3,0.06825010750177411,0.2869268753403911,0.1942055914986934,0.4506174256591414
OA3,0,0.21646960905130921,0.2574417809410377,0.5260886100076532
OI3,0.05825295982626339,0.2863039675426375,0.21669768014413648,0.4387453924869626
OE3,0.09233712309640821,0.35618523553357667,0.15722820029020607,0.394249441079809
OO3,0.0785581687202267,0.336807609016048,0.18243638909623763,0.40219783316748764
AA4,0.026903941675136895,0,0.4969310891714896,0.47616496915337353
AI4,0.06003374061698571,0.2737136838824965,0.2512898553676724,0.41496272013284524
AE4,0,0.5434706355218658,0,0.4565293644781342
AO4,0.04666027803522142,0.3949710634724703,0.14225472724939292,0.41611393124291535
IA4,0.08273014880735448,0,0.49847934384186887,0.4187905073507767
II4,0.0914602653139407,0.22995787075002894,0.28716290279616213,0.3914189611398683
IE4,0.07893839823680075,0.4127195653688092,0.09939678119425567,0.4089452552001343
IO4,0.10470168524317394,0.31746950948329533,0.20148751409794802,0.37634129117558285
EA4,0,0.2863889330125996,0.18368808858077187,0.5299229784066285
EI4,0,0.29130791947367324,0.17846406160418699,0.5302280189221398
EE4,0.13396856375049723,0.24994540876149168,0.23041402161262062,0.38567200587539047
EO4,0.08095063856503751,0.2730997793844387,0.2076660293240455,0.4382835527264784
OA4,0.03444091602248058,0.1944265691145536,0.2946620571376972,0.4764704577252687
OI4,0.07911692426667553,0.19957843344444126,0.28248042194282535,0.4388242203460578
OE4,0.15116603741158482,0.24528492500520602,0.2331114520161421,0.3704375855670671
OO4,0.13264185631551412,0.23672267080831413,0.2448994899603897,0.385735982915782
