AA1,0.5096018949226377,0,0.4903981050773622,0
AI1,0.07551331840924616,0,0.7608386210175828,0.16364806057317094
AE1,0.01468404619186077,0.43035027183592456,0.048830449270511694,0.5061352327017029
AO1,0.017133735023632437,0.1990487717173209,0.27101865437796774,0.5127988388810788
IA1,0.14324067259004183,0.2644913015542073,0.31022817440542105,0.2820398514503299
II1,0.02763929809195649,0.1618142503780625,0.37622307771952457,0.43432337381045655
IE1,0.0166652169945877,0.4556808240494778,0.042525460438047606,0.4851284985178869
IO1,0.008591097467174116,0.21018667212940284,0.23702897495579633,0.5441932554476266
EA1,0,0.5732990161912367,0,0.4267009838087633
EI1,0,0.2166996312826275,0.11608072353851924,0.6672196451788532
EE1,0.0562717082773233,0.2501374155708587,0.2786079920730447,0.4149828840787732
EO1,0.008165600051463589,0.2025724721856419,0.24195910208956517,0.5473028256733294
OA1,0.03390004131847508,0.4165395752864544,0.1145039391171316,0.43505644427793894
OI1,0.010367120017236189,0.2043333546713358,0.17444118670859216,0.6108583386028359
OE1,0.03784462111884953,0.3714073688144118,0.1171237827181207,0.47362422734861803
OO1,0.003928051019148593,0.2079296366099709,0.17175086666092207,0.6163914457099585
AA2,0.2123439283672552,0.18340551358911913,0.3597153473376045,0.2445352107060212
AI2,0.02813768764035125,0.16287219859994298,0.3960447653005911,0.4129453484591146
AE2,0,0.5266329005952609,0,0.473367099404739
AO2,0,0.2718001381624073,0.1394815613951904,0.5887183004424025
IA2,0.28417469717077454,0.16255130524760938,0.34924976803361096,0.20402422954800523
II2,0.05187248060402666,0.11631377340142111,0.4833951302019253,0.348418615792627
IE2,0.05677666682496378,0.4134899985287964,0.06366879627092613,0.4660645383753137
IO2,0.020231155997826385,0.185069150306377,0.2957600922405385,0.4989396014552581
EA2,0,0.5266329005952609,0,0.473367099404739
EI2,0,0.21657451667448416,0.15324119301133263,0.6301842903141833
EE2,0.17585963548871572,0.19321767320231178,0.3076452238522149,0.3232774674567576
EO2,0.0182076193826224,0.18336773865824016,0.32022440138754726,0.4782002405715901
OA2,0.17044784460097684,0.3506018545678644,0.1283772911714488,0.35057300965970994
OI2,0.04049860056169723,0.12078965795236829,0.3725619899994565,0.46614975148647797
OE2,0.24326411429859165,0.17440955960286747,0.3046658559253992,0.2776604701731417
OO2,0.06195653184436621,0.12534296774325188,0.421736141125647,0.39096435928673495
AA3,0.1470471935311647,0,0.647516972759014,0.20543583370982127
AI3,0.26365526684229884,0,0.5993164270057748,0.13702830615192643
AE3,0.025728385917582516,0.5193482649370426,0.036798678209394364,0.41812467093598055
AO3,0.12728665491423838,0.37360314142597134,0.12805851383993383,0.37105168981985653
IA3,0.04558065883205448,0,0.6408982300843356,0.31352111108360986
II3,0.0896647339172327,0.24585298521216556,0.3131535024647498,0.3513287784058519
IE3,0.03419787258244579,0.5540594290346639,0.030540369057130565,0.3812023293257597
IO3,0.0984208834991418,0.38134029328551716,0.1571147646987685,0.36312405851657253
EA3,0,0.26341599273128935,0.09699862688005952,0.6395853803886511
EI3,0,0.27498269794547564,0.0919292199232047,0.6330880821313196
EE3,0.19415779788548207,0.24514775879456158,0.20645413228255327,0.35424031103740306
EO3,0.06052509872312218,0.29909958477649945,0.1704408138290911,0.46993450267128734
OA3,0,0.14652856326180094,0.17789053830786,0.675580898430339
OI3,0.041386618529887426,0.27515226940493,0.15019435249291274,0.5332667595722699
OE3,0.11138428079737395,0.40596107418227023,0.0896504222736294,0.39300422274672636
OO3,0.06264518092526683,0.39033658607089244,0.11321827992956643,0.4337999530742744
AA4,0.019555248494103485,0,0.6232002790057123,0.35724447250018415
AI4,0.04565339402208207,0.24869305034884392,0.3021321136029424,0.40352144202613166
AE4,0,0.6195714882891025,0,0.3804285117108975
AO4,0.028477377733784313,0.44798211676387645,0.11125007995149062,0.41229042555084855
IA4,0.09030638589378812,0,0.6480835158118743,0.26161009829433746
II4,0.12263496695248881,0.17050124346565076,0.35502958354423025,0.35183420603763027
IE4,0.059174905736923494,0.47717961809578224,0.036984865892152226,0.426660610275142
IO4,0.1368578533715767,0.30575353772166003,0.17814010015443374,0.37924850875232957
EA4,0,0.2427530897160644,0.10419903917957896,0.6530478711043566
EI4,0,0.24846922001987945,0.09934705007011496,0.6521837299100055
EE4,0.21715537116027453,0.23127305959045447,0.20715769930867736,0.3444138699405937
EO4,0.061610661193585776,0.2843324242298054,0.17813434470986697,0.4759225698667418
OA4,0.034467520300732156,0.13469849375076756,0.2781874735375059,0.5526465124109944
OI4,0.11661693796512194,0.14393411286612767,0.2622066280960063,0.47724232107274417
OE4,0.30279180731121946,0.2059392552594528,0.19896226957209584,0.29230666785723197
OO4,0.21582350097475975,0.2061479749916222,0.2256536323885409,0.3523748916450772
