AA1,0.5204771778324384,0,0.47952282216756165,0
AI1,0.2877554345202483,0,0.5571441929447142,0.15510037253503758
AE1,0.19321311108878886,0.0890708883587791,0.3906026815964787,0.32711331895595336
AO1,0.1879426762131613,0.02557245561194413,0.5302750021228743,0.25620986605202034
IA1,0.2969261847790499,0.04837403119676912,0.46177569842296196,0.19292408560121885
II1,0.17824441857676476,0.029368941402546683,0.5112606886911496,0.2811259513295389
IE1,0.20879510913573915,0.09716896311360981,0.37873498351557094,0.31530094423508
IO1,0.12761598398704183,0.031369772541205175,0.5127390912207881,0.328275152250965
EA1,0,0.3485139334586509,0,0.6514860665413491
EI1,0,0.08029229148766782,0.34737114267049257,0.5723365658418396
EE1,0.20828937443296397,0.04778778580081625,0.4611377017495622,0.28278513801665756
EO1,0.054372326647904486,0.04442944614080996,0.4415296027568203,0.45966862445446516
OA1,0.1385810507398124,0.0799219975880511,0.4366113259198112,0.3448856257523253
OI1,0.07922391951683586,0.042977730342038147,0.4802320689805873,0.39756628116053866
OE1,0.2242880769280253,0.08171166241028573,0.40511663506478024,0.2888836255969088
OO1,0.06316072667391368,0.03715822560093526,0.48525018863525693,0.41443085908989413
AA2,0.3028333388474049,0.03461006498722235,0.48040854101625774,0.18214805514911508
AI2,0.14770416236905776,0.03721359266518033,0.5122914002172195,0.3027908447485423
AE2,0,0.3038007242921318,0,0.6961992757078681
AO2,0,0.05808139605299953,0.4542988281121965,0.4876197758348041
IA2,0.3323888649799263,0.03437145978083933,0.471910745989879,0.16132892924935538
II2,0.2017303375472547,0.022955099578165692,0.5327602619149512,0.2425543009596284
IE2,0.25509814044222223,0.07614300709710066,0.3936295545033559,0.2751292979573213
IO2,0.14984562254392464,0.026126916680902237,0.5368082626436232,0.28721919813154995
EA2,0,0.3038007242921318,0,0.6961992757078681
EI2,0,0.06670467010089223,0.3982278699837613,0.5350674599153464
EE2,0.24856738045691706,0.03747481051548179,0.4707985630721394,0.24315924595546162
EO2,0.06597018861600834,0.037328440536656085,0.4828986887197403,0.41380268212759524
OA2,0.35020914042648527,0.0556374483200862,0.4271348272883296,0.167018583965099
OI2,0.21114897704960714,0.01887263242027863,0.5301402626251903,0.23983812790492384
OE2,0.27810678279873635,0.0362277772423244,0.46741149878699767,0.21825394117194158
OO2,0.1906461204324475,0.015494723145805106,0.5403900841176763,0.25346907230407095
AA3,0.29330023764285595,0,0.5315606199149464,0.1751391424421977
AI3,0.3314102140881624,0,0.5224789703050449,0.14611081560679257
AE3,0.21304320896245488,0.12159433098605175,0.3600602890963345,0.3053021709551589
AO3,0.34046892834692233,0.03984404752164624,0.465218070460614,0.1544689536708175
IA3,0.1668383329132639,0,0.5392666404637557,0.2938950266229804
II3,0.2041240624247497,0.045034941280035407,0.4827549243159563,0.2680860719792586
IE3,0.22957050991277295,0.13394961252412763,0.3453424986367872,0.2911373789263122
IO3,0.23517871459432677,0.06468339746313125,0.4521354064327677,0.24800248150977433
EA3,0,0.09968956285273149,0.34301595881346014,0.5572944783338083
EI3,0,0.1098727076178726,0.3309466019872411,0.5591806903948864
EE3,0.23691007094916314,0.06093250092967362,0.4326582011241133,0.2694992269970501
EO3,0.1175291669113776,0.09617834504387987,0.3827593294835084,0.4035331585612341
OA3,0,0.02895113342999169,0.4679856459936849,0.5030632205763236
OI3,0.0929274499874191,0.062022116215526675,0.459130362396357,0.3859200714006971
OE3,0.24937032014624494,0.1104098906168289,0.37185120159920604,0.2683685876377201
OO3,0.15850770222146224,0.0772382821845728,0.439459420374885,0.32479459521908
AA4,0.09903597791358937,0,0.5619346494902313,0.3390293725961792
AI4,0.16279197936867976,0.05485627697433283,0.48062339344149413,0.30172835021549343
AE4,0,0.38048697781490903,0,0.619513022185091
AO4,0.17897683724504784,0.08698910831762625,0.4344416727372229,0.2995923817001029
IA4,0.18346199277761718,0,0.55163338410733,0.2649046231150528
II4,0.22647055102768007,0.032168590724564176,0.4977857605994892,0.24357509764826646
IE4,0.27154984810330285,0.09969116597892635,0.3574093830230728,0.27134960289469795
IO4,0.2625920676072949,0.04783295536247742,0.46426671555970744,0.2253082614705203
EA4,0,0.07642084883765063,0.37940669261583665,0.5441724585465127
EI4,0,0.08291812844073498,0.36802394724955234,0.5490579243097127
EE4,0.2719123975233677,0.04591563729984669,0.43645853201931056,0.24571343315747507
EO4,0.13615882010459984,0.07203044971528978,0.4096678098625095,0.382142920317601
OA4,0.18720777272869774,0.01910375437348506,0.513841370520584,0.2798471023772333
OI4,0.23980621015818376,0.023129556880384518,0.49447927536414377,0.24258495759728785
OE4,0.30508382577300563,0.04413131094398226,0.43132280786213917,0.219462055420873
OO4,0.29405048232719716,0.029326366492878533,0.46889006418985546,0.20773308699006887
