AA1,0.5044567208329075,0,0.49554327916709245,0
AI1,0.24509559819342086,0,0.5682684554342953,0.1866359463722838
AE1,0.15652163103552488,0.0695436848540924,0.42284308622072675,0.3510915978896561
AO1,0.16451591538411553,0.021208972183861696,0.5396344390692511,0.27464067336277154
IA1,0.24514590723577026,0.06590199074524848,0.448107232490763,0.24084486952821835
II1,0.12529127314814825,0.033507810334267446,0.49902214083125285,0.3421787756863313
IE1,0.17295708088565873,0.07801841999459692,0.41099257451131527,0.338031924608429
IO1,0.09654940611800579,0.02646018327845754,0.5074847498703765,0.36950566073316016
EA1,0,0.3311086767974385,0,0.6688913232025615
EI1,0,0.07215775291538272,0.3513876913153313,0.576454555769286
EE1,0.15889825641605695,0.04716735126791606,0.46776182649135295,0.3261725658246741
EO1,0.03453375809300961,0.04397837936766977,0.42757487093178415,0.4939129916075365
OA1,0.1191914627125368,0.09113115358899126,0.42526524036747426,0.3644121433309976
OI1,0.056841573554458166,0.04301279694894713,0.47218979616398865,0.42795583333260623
OE1,0.18293920047206289,0.07278480017976496,0.42139561077256016,0.322880388575612
OO1,0.04755171401156975,0.030918380408210898,0.48373120305153156,0.4377987025286877
AA2,0.26645314417476096,0.04162437107591626,0.47529882930432166,0.216623655445001
AI2,0.10655658034012017,0.04475649646991846,0.4963646896103333,0.35232223357962816
AE2,0,0.2782672157014656,0,0.7217327842985345
AO2,0,0.06041992694926908,0.4431949255931097,0.4963851474576212
IA2,0.2901557443621175,0.04229080376444241,0.46829473973248603,0.19925871214095403
II2,0.15058409629757805,0.02383468178744957,0.5328007501624945,0.29278047175247796
IE2,0.22851464678882047,0.05915549262487137,0.4264734395930708,0.28585642099323727
IO2,0.12234891853760704,0.021191447787556272,0.5397861251128556,0.316673508561981
EA2,0,0.2782672157014656,0,0.7217327842985345
EI2,0,0.058848295054558325,0.40958159935501637,0.5315701055904254
EE2,0.2080305186294341,0.036310578397871995,0.48116209617226,0.2744968068004339
EO2,0.046691097749431455,0.03672821688885191,0.47851794825301286,0.43806273710870364
OA2,0.30812209101865634,0.05747442606029214,0.4341631376500948,0.20024034527095683
OI2,0.15723598342713993,0.019662816771516836,0.534536755123391,0.288564444677952
OE2,0.24209857626002212,0.0358261417042391,0.47584130207676023,0.24623397995897855
OO2,0.1504208506907938,0.015662586468428382,0.5427836457007184,0.2911329171400594
AA3,0.25480921987592653,0,0.5374879017110564,0.2077028784130171
AI3,0.30089372869623066,0,0.5272833742408746,0.1718228970628948
AE3,0.18588630840795048,0.096885374907089,0.39129548403638165,0.32593283264857875
AO3,0.30755926932118266,0.029744464916928882,0.4840247804240526,0.1786714853378359
IA3,0.12226473026340992,0,0.5289193840811586,0.34881588565543137
II3,0.15693677862900793,0.058080382833428305,0.46464797164540655,0.3203348668921573
IE3,0.2051209598152124,0.11025587329497746,0.3750987514211331,0.30952441546867704
IO3,0.18520850894119664,0.0671327595796703,0.4482159764199359,0.29944275505919726
EA3,0,0.09127358223890214,0.3499503157305926,0.5587761020305052
EI3,0,0.10485255234095796,0.33533574121023035,0.5598117064488117
EE3,0.19250942039731303,0.06153067474282127,0.43881784636119003,0.3071420584986757
EO3,0.07603302971290327,0.09846946391924295,0.37432709216637583,0.451170414201478
OA3,0,0.031070810555080486,0.46012523480303213,0.5088039546418874
OI3,0.0751029314652803,0.07030155832312435,0.4466764435399201,0.4079190666716752
OE3,0.21800390872850675,0.10088017567409296,0.3851809677373572,0.29593494786004293
OO3,0.12060684434164827,0.07894452310737034,0.43686460163242513,0.3635840309185561
AA4,0.0713076693779494,0,0.5562799397403657,0.37241239088168493
AI4,0.12763429633186757,0.06851810095430375,0.4613344570670684,0.34251314564676016
AE4,0,0.36550185009759467,0,0.6344981499024053
AO4,0.13974777593013574,0.08851114700175564,0.42893758511478636,0.3428034919533224
IA4,0.1432110788715565,0,0.5492057417811003,0.30758317934734325
II4,0.18477081053285113,0.034345284649399885,0.4926150207888119,0.2882688840289371
IE4,0.25908641757100326,0.07657791856859261,0.38531639324216915,0.27901927061823495
IO4,0.21975274048739005,0.0424813903631262,0.4700384121988297,0.2677274569506541
EA4,0,0.06781242143477285,0.39573787587997616,0.5364497026852509
EI4,0,0.0763060221319482,0.3820247825064109,0.5416691953616409
EE4,0.23911605907876016,0.04478476505027639,0.44316097927003123,0.27293819660093216
EO4,0.0966483511698174,0.07068837119062604,0.4106879354770073,0.4219753421625492
OA4,0.13842856792766858,0.018491077097249762,0.5157865798620386,0.3272937751130432
OI4,0.19595952268885225,0.02574445213489836,0.49267879192345254,0.2856172332527968
OE4,0.2796682567661435,0.043822189729548405,0.4340580938211828,0.24245145968312515
OO4,0.24429658729565842,0.03024452876545133,0.4735506816850338,0.2519082022538564
