AA1,0.4906543599731538,0,0.5093456400268462,0
AI1,0.23871294440484025,0,0.6408997294571648,0.12038732613799506
AE1,0.07950841455514436,0.3606911981001478,0.15413050532796516,0.40566988201674276
AO1,0.08140370320694029,0.17791957965809846,0.351517340382605,0.3891593767523561
IA1,0.11576694618141618,0.30643314695472545,0.22747516106635998,0.35032474579749834
II1,0.07836949440573486,0.23545682767423215,0.2725002634497008,0.41367341447033223
IE1,0.08955653622261985,0.3786815282458417,0.14007621103249346,0.39168572449904504
IO1,0.03540707406866231,0.18337306253556357,0.3121067774133585,0.46911308598241563
EA1,0,0.5190697787652792,0,0.4809302212347209
EI1,0,0.3132352030086121,0.08173554493447589,0.6050292520569122
EE1,0.12306881636382654,0.279451935215374,0.24019106321263162,0.35728818520816785
EO1,0.018240038554254854,0.22546624765892276,0.2105901228997072,0.5457035908871152
OA1,0.0348150890302501,0.4062399834708817,0.10741708411751116,0.4515278433813571
OI1,0.022209479574154343,0.2732781643237734,0.16099065297515122,0.5435217031269209
OE1,0.11536538877327306,0.31392702673084066,0.20235583991574554,0.3683517445801407
OO1,0.01777641165615437,0.20360218148703524,0.23497502657109529,0.5436463802857151
AA2,0.13925773215153325,0.2369394706045421,0.2836399450508264,0.3401628521930982
AI2,0.06593090129226878,0.2304751587980523,0.29874260682856163,0.40485133308111726
AE2,0,0.4932045330031082,0,0.5067954669968919
AO2,0,0.2642982186370696,0.1818447205695951,0.5538570607933353
IA2,0.20206731428923008,0.21724295979131045,0.2925280879220518,0.28816163799740774
II2,0.12200283481952533,0.17366658055706044,0.3620843904024411,0.3422461942209731
IE2,0.18799878807982415,0.3028490494226184,0.18491166443188242,0.3242404980656751
IO2,0.06726922040377181,0.15090385618860305,0.38623886773720995,0.3955880556704153
EA2,0,0.4932045330031082,0,0.5067954669968919
EI2,0,0.30028351790229535,0.13217042515455232,0.5675460569431522
EE2,0.2381428078850535,0.20352649861400135,0.29411340878594344,0.2642172847150017
EO2,0.03393569771501283,0.19921838024591937,0.3179192686788633,0.4489266533602046
OA2,0.13523911676050443,0.35466068929990036,0.1369166852662588,0.3731835086733364
OI2,0.09187043458476744,0.20306316275500552,0.2771450530517573,0.42792134960846967
OE2,0.2582317614820161,0.19539033531578692,0.2958392918387114,0.25053861136348554
OO2,0.07182565584366252,0.15767215854096317,0.3959248115220302,0.374577374093344
AA3,0.25591069851006365,0,0.5991846559567757,0.14490464553316054
AI3,0.3065669954785963,0,0.5790264204196284,0.11440658410177537
AE3,0.08613974867051152,0.3899468958001394,0.13998816907637043,0.3839251864529785
AO3,0.2157289023089894,0.25539429349673637,0.25609213665401853,0.2727846675402556
IA3,0.08300640888635527,0,0.5727946893825604,0.3441989017310844
II3,0.08614227461417831,0.3087561333992653,0.2426974613247459,0.3624041306618105
IE3,0.10187050509878044,0.41344836959176784,0.12428581055313197,0.3603953147563198
IO3,0.1040480012364285,0.34237153323889696,0.19597469955424227,0.35760576597043225
EA3,0,0.3297861870327875,0.07998924006687087,0.5902245729003416
EI3,0,0.34577380784088324,0.07155907177863084,0.5826671203804858
EE3,0.1673828349351356,0.2818774864149191,0.21168681708174605,0.3390528615681993
EO3,0.03721009495918963,0.3706690876360265,0.1076371297862618,0.4844836876185222
OA3,0,0.23404254936595356,0.15780704587970493,0.6081504047543415
OI3,0.032438657241201915,0.3157189254063781,0.14594395720309752,0.5058984601493226
OE3,0.15314046766130188,0.3225610223276004,0.1785321619913171,0.34576634801978046
OO3,0.05935055292166441,0.36331087500120063,0.1461073414224255,0.4312312306547093
AA4,0.026970728524882064,0,0.5713539393234643,0.4016753321516536
AI4,0.06729426254233845,0.3043871629426018,0.240819316828765,0.38749925768629473
AE4,0,0.5519268299190025,0,0.4480731700809974
AO4,0.06557222492344247,0.3740149217637685,0.16791699407437213,0.39249585923841684
IA4,0.12827231685144125,0,0.6077390931849814,0.2639885899635774
II4,0.13561615515905037,0.22845973471542386,0.28990704548750923,0.34601706463801657
IE4,0.17961941342977028,0.3477253165250875,0.14468048002287331,0.3279747900222689
IO4,0.16375653583639263,0.2700873471196717,0.22615816403408845,0.3399979530098472
EA4,0,0.3128748195067548,0.10311482208567536,0.58401035840757
EI4,0,0.32290390409204006,0.09286457392016012,0.5842315219877998
EE4,0.24844135049942745,0.23838412464607453,0.22396793743539947,0.2892065874190985
EO4,0.05246023500571002,0.34245727225786354,0.13268663237697975,0.47239586035944675
OA4,0.06200506708562444,0.21840350843140283,0.2493229237045994,0.47026850077837334
OI4,0.10636058737358739,0.23042998390428285,0.22462659604532542,0.43858283267680437
OE4,0.27201952311859917,0.22908458947880672,0.22405409870353346,0.2748417886990606
OO4,0.16590816759830593,0.26303084364160045,0.2120891113048062,0.35897187745528736
