AA1,0.4381783452927735,0,0.5618216547072264,0
AI1,0.2592924933539561,0,0.5297618652051704,0.2109456414408734
AE1,0.21262966577356218,0.08472356439149879,0.4158709843084215,0.28677578552651745
AO1,0.2128744126605171,0.03841302812225318,0.48533253227597584,0.26338002694125395
IA1,0.21078060754809236,0.08295305003542854,0.41867587787794025,0.28759046453853876
II1,0.1619225427606388,0.049694080380728964,0.4593316936689337,0.3290516831896985
IE1,0.23131674429262722,0.0930850453579655,0.4055656243527746,0.27003258599663266
IO1,0.16517973232675734,0.04570064199564765,0.4649060408339703,0.3242135848436247
EA1,0,0.354040914669183,0,0.645959085330817
EI1,0,0.08951325437930792,0.39201834442328254,0.5184684011974096
EE1,0.22470674526543913,0.05829660504312277,0.4510108815070693,0.26598576818436864
EO1,0.11779924665149233,0.0554658577988335,0.43757231561065824,0.389162579939016
OA1,0.15502611295164934,0.12090136894692603,0.36840195228971356,0.35567056581171097
OI1,0.10110470500554755,0.06957622265056713,0.4327491380343855,0.3965699343094997
OE1,0.23514573198987973,0.08325101064728785,0.4222637372977351,0.25933952006509736
OO1,0.13070025332570356,0.05425081743657641,0.4494952531512675,0.3655536760864525
AA2,0.23676937364130687,0.057928512567109604,0.4504326582755333,0.2548694555160502
AI2,0.1412118452786837,0.05943069927874758,0.4594481774683309,0.3399092779742378
AE2,0,0.3137606452808654,0,0.6862393547191346
AO2,0,0.09872245801881013,0.418133503758892,0.4831440382222979
IA2,0.2594119634615707,0.05756416081110365,0.44768226831769825,0.2353416074096273
II2,0.20058710955843476,0.03669430340582176,0.4918215192372303,0.2708970677985133
IE2,0.28483687606977015,0.0727190236123643,0.42259200853077394,0.21985209178709147
IO2,0.20526690017873847,0.03645339141516597,0.49258441225649946,0.2656952961495962
EA2,0,0.3137606452808654,0,0.6862393547191346
EI2,0,0.07564705215433026,0.46283583551349045,0.4615171123321793
EE2,0.27437879441695767,0.04605699222137738,0.46497631847096216,0.21458789489070276
EO2,0.14958628706761556,0.046457685494579605,0.4790494841165144,0.32490654332129043
OA2,0.25592372249958173,0.09019952371034023,0.39462219807143445,0.2592545557186436
OI2,0.1786220590012281,0.037354400045032626,0.4941898341854306,0.2898337067683086
OE2,0.2917120010628053,0.04514609673408839,0.4636802566334848,0.19946164556962148
OO2,0.2078601396617546,0.02988101858994972,0.49820541329407975,0.2640534284542161
AA3,0.2671559947522613,0,0.5043309363498909,0.22851306889784784
AI3,0.29594399842749114,0,0.5038593474446853,0.20019665412782345
AE3,0.23618493637754556,0.10973734050834845,0.38541798738941546,0.2686597357246906
AO3,0.2807175400626062,0.059855121769527286,0.44730780403783227,0.2121195341300344
IA3,0.16687731414758505,0,0.4946669133508311,0.33845577250158376
II3,0.18429339992957708,0.07048462096204,0.4332040121827868,0.31201796692559614
IE3,0.25482060719584676,0.12350376251334005,0.37143235188241724,0.25024327840839594
IO3,0.20903945833051527,0.09315524364155932,0.4102221703152981,0.2875831277126272
EA3,0,0.1056033439664775,0.39066703803446334,0.5037296179990591
EI3,0,0.12139589182185334,0.37538966643706567,0.503214441741081
EE3,0.25307905470581266,0.07269558826410892,0.4224044835542631,0.2518208734758154
EO3,0.1620841159685208,0.10159766107278052,0.3874275666384011,0.34889065632029753
OA3,0,0.05914486342852936,0.4487837645689519,0.4920713720025188
OI3,0.11659913329695287,0.09625374306643894,0.40915797682586913,0.37798914681073903
OE3,0.260694513570133,0.10899210265872626,0.38901167034357176,0.241301713427569
OO3,0.17885802934077394,0.10523267682842188,0.3979783645544065,0.3179309292763977
AA4,0.07240820421148404,0,0.5367019052006784,0.39088989058783763
AI4,0.15174039876699724,0.0852469147452368,0.4244727953999496,0.33853989108781646
AE4,0,0.3998816031095084,0,0.6001183968904917
AO4,0.14772729719414218,0.12505969834858102,0.3759955034579583,0.3512175009993184
IA4,0.19629775947611738,0,0.5124226272332816,0.291279613290601
II4,0.21932884647930842,0.05009748599897548,0.4570900825193211,0.27348358500239506
IE4,0.30423224481870925,0.09281706029197255,0.3841836015865018,0.21876709330281635
IO4,0.2497181153721628,0.06747709980778713,0.4311117273724001,0.25169305744765
EA4,0,0.08616693399496868,0.4440471029959541,0.4697859630090771
EI4,0,0.09531535064914338,0.4308147560970584,0.4738698932537982
EE4,0.29753334059656894,0.05609438470064474,0.4294773704392957,0.21689490426349067
EO4,0.1971245204859696,0.07753905879813798,0.41535671184524336,0.30997970887064896
OA4,0.15393034115202886,0.039281926024370833,0.4781761076288255,0.3286116251947748
OI4,0.19807671627115242,0.04665649222080018,0.46006172582604354,0.29520506568200394
OE4,0.31684160393419375,0.05487331438749792,0.42715876832420924,0.20112631335409922
OO4,0.25868977812121535,0.051492043366260835,0.44222524682790926,0.24759293168461455
