AA1,0.5087550867899168,0,0.49124491321008323,0
AI1,0.14427079736389123,0,0.6851473588508425,0.1705818437852662
AE1,0.0886627267468988,0.3026345701456058,0.17681620739060322,0.43188649571689225
AO1,0.0895779813881172,0.07793047989628642,0.42415958576227414,0.4083319529533223
IA1,0.190466582223365,0.1160260627858596,0.4213995126106274,0.27210784238014796
II1,0.0788675430154911,0.04782424610242694,0.4868750941800979,0.38643311670198405
IE1,0.09645459462254112,0.3343635171322104,0.16150692399732364,0.4076749642479249
IO1,0.05556908839528204,0.09851423282654118,0.38172484643289106,0.4641918323452856
EA1,0,0.5663420069674081,0,0.43365799303259195
EI1,0,0.1702662399676368,0.1777974364533297,0.6519363235790334
EE1,0.13448205922287093,0.12326232596461119,0.38072741196256304,0.36152820284995485
EO1,0.030361761593251754,0.10117849572510276,0.34638542247181053,0.5220743202098349
OA1,0.06838858770298924,0.25421227100241195,0.2252883498244769,0.45211079147012184
OI1,0.028121834249267234,0.11006815781976098,0.31996097345044777,0.541849034480524
OE1,0.12737589919458028,0.23323364253371157,0.25655690272140885,0.3828335555502993
OO1,0.02929214223442331,0.10630904285245453,0.341245937934882,0.5231528769782401
AA2,0.2588302711278882,0.0786329162541575,0.42386299747338657,0.23867381514456776
AI2,0.06338003401060026,0.06486121031637282,0.46288549613197044,0.4088732595410565
AE2,0,0.5284680672583885,0,0.4715319327416116
AO2,0,0.18513666128570316,0.2110029914756779,0.6038603472386189
IA2,0.32246750966774645,0.0682780767690855,0.4175083460001625,0.19174606756300547
II2,0.11074396699758114,0.03167280873678325,0.5467823209518551,0.3108009033137805
IE2,0.17369076518212878,0.2633662246856772,0.19636213730207955,0.36658087283011453
IO2,0.08654181437713028,0.07474743205764345,0.44170602193083475,0.3970047316343916
EA2,0,0.5284680672583885,0,0.4715319327416116
EI2,0,0.14687098181076116,0.24219620760246985,0.6109328105867691
EE2,0.22365705321258514,0.08648006499065766,0.4068805891205201,0.28298229267623715
EO2,0.04526817563072462,0.0810459138108956,0.4223675931974836,0.4513183173608961
OA2,0.25614592799502006,0.21335852666260863,0.2417373413535102,0.2887582039888611
OI2,0.08967822417557064,0.04318917763183428,0.5044997141839968,0.3626328840085984
OE2,0.2604977229157824,0.07910106429015573,0.4121721061228101,0.24822910667125198
OO2,0.1089142334283597,0.03982236962569007,0.5278244976621398,0.32343889928381053
AA3,0.18290634599799746,0,0.6140679358639312,0.20302571813807135
AI3,0.2673644865486423,0,0.5823964721737014,0.15023904127765633
AE3,0.10512947771037398,0.3799314065733725,0.14813437342385558,0.3668047422923979
AO3,0.23512555729775036,0.1812322735347707,0.3034923760232403,0.28014979314423866
IA3,0.0748139102127494,0,0.6178250718672762,0.30736101791997444
II3,0.13584810455641164,0.08447157714486955,0.42916895168221375,0.3505113666165051
IE3,0.11966498052977388,0.4127289104938293,0.1316325413828411,0.3359735675935556
IO3,0.1537215673152928,0.23057756314021072,0.26577887426994923,0.34992199527454726
EA3,0,0.21866919121635192,0.17080424374737316,0.610526565036275
EI3,0,0.24035873674090158,0.1564027425920073,0.603238520667091
EE3,0.21246649711256976,0.1504973382574673,0.3217349216137724,0.3153012430161904
EO3,0.08471324875046816,0.21104910672216579,0.2559289381593837,0.44830870636798237
OA3,0,0.07906393273353025,0.3203854569213269,0.6005506103451428
OI3,0.04902328872370179,0.1679402796138016,0.2846080880769117,0.4984283435855849
OE3,0.18696495613107378,0.2840568966878988,0.21011405579407738,0.3188640913869501
OO3,0.10430806983986517,0.24106513857783024,0.24384028582157885,0.4107865057607258
AA4,0.027503721491510057,0,0.6175693796583683,0.3549268988501217
AI4,0.08740488898082831,0.1020194467178832,0.3910921770275328,0.41948348727375573
AE4,0,0.6159154963947729,0,0.38408450360522706
AO4,0.07252299748312424,0.315879908094706,0.18254792472647516,0.4290491696956946
IA4,0.0914797548051565,0,0.6375979280155314,0.27092231717931203
II4,0.16740827353030752,0.049292877669096534,0.45998300156505606,0.32331584723553974
IE4,0.18265597075484835,0.33259188022000186,0.1510983458441439,0.3336538031810059
IO4,0.19944142610214088,0.1713539206694653,0.29271910655501693,0.33648554667337693
EA4,0,0.1802946501384288,0.20273337956721357,0.6169719702943576
EI4,0,0.19467050424700819,0.18789293908910806,0.6174365566638838
EE4,0.2818960681907338,0.11408504343546332,0.32441491866282407,0.2796039697109787
EO4,0.11378106770165597,0.1680090030654694,0.28591520053316083,0.43229472869971375
OA4,0.06957702538605823,0.04974608733580583,0.4441679810401582,0.4365089062379777
OI4,0.13933260731997626,0.0620653584082892,0.42050312715076255,0.378098907120972
OE4,0.337080640234165,0.10197176634741756,0.32098035431159105,0.23996723910682627
OO4,0.27690050304585695,0.08691041022316909,0.36094801523705544,0.2752410714939184
