AA1,0.5249325892889837,0,0.4750674107110162,0
AI1,0.4282686396104318,0,0.4949440986626974,0.07678726172687074
AE1,0.34504828228878776,0.05512742287195646,0.3807663099010003,0.2190579849382556
AO1,0.28274767331262474,0.013093500906628164,0.5380958565474628,0.16606296923328415
IA1,0.45982894446682726,0.01351477061761613,0.45951650445653897,0.06713978045901785
II1,0.38471956678801744,0.012660895177985156,0.48238329657531803,0.12023624145867944
IE1,0.34813562170829826,0.055428578817850134,0.378997530472828,0.21743826900102356
IO1,0.26342000614372757,0.014806866129783281,0.5329441373083607,0.18882899041812853
EA1,0,0.25110065464671355,0,0.7488993453532864
EI1,0,0.060069090561242156,0.5112661069422395,0.42866480249651834
EE1,0.3653383938783313,0.02982713410352149,0.4428284311506545,0.16200604086749273
EO1,0.1879620186577509,0.03287388991653684,0.4966007590907486,0.28256333233496367
OA1,0.2839135859093073,0.035007786425372694,0.5025761721876699,0.17850245547765012
OI1,0.2374450360875293,0.030275577770995137,0.5216918553703719,0.21058753077110373
OE1,0.36380162968084473,0.045725393880544724,0.40988262349059656,0.18059035294801407
OO1,0.15782984954434306,0.02504952305537002,0.5570286747370657,0.26009195266322116
AA2,0.44326794584244633,0.011231044280957865,0.48087703967856305,0.06462397019803287
AI2,0.35371966110287206,0.011828109698833451,0.5025924349561851,0.13185979424210933
AE2,0,0.2302440292286878,0,0.7697559707713122
AO2,0,0.0324369903085544,0.6399801287387564,0.3275828809526892
IA2,0.44882338188477605,0.011160230065948677,0.47914731523239323,0.060869072816882044
II2,0.3776588735112751,0.010507651530047037,0.4970318204556638,0.11480165450301408
IE2,0.3541017012777898,0.05121947352194574,0.3853659979137499,0.20931282728651462
IO2,0.26846306388947294,0.013799199529097163,0.5366675661702417,0.18107017041118817
EA2,0,0.2302440292286878,0,0.7697559707713122
EI2,0,0.05653940518539402,0.5355356158347575,0.40792497897984836
EE2,0.3641147401191443,0.028383609613520572,0.4502482206203261,0.15725342964700914
EO2,0.19909278734632493,0.031200620844256757,0.5030579328767906,0.2666486589326278
OA2,0.45555661603741343,0.021768682140092945,0.4571349124033335,0.06553978941916015
OI2,0.38909500658902935,0.009634464648209632,0.49073953960833816,0.11053098915442289
OE2,0.37735044827990355,0.027336648728046965,0.4492244571023434,0.14608844588970601
OO2,0.3390072234705103,0.01245048414566321,0.5061492488299832,0.14239304355384316
AA3,0.4161760731741831,0,0.5006237801506721,0.0832001466751446
AI3,0.4259687700906186,0,0.4976813206699627,0.07634990923941863
AE3,0.3464527855275597,0.06331917284942158,0.37049674639227687,0.21973129523074197
AO3,0.43751331580264485,0.014715940305681179,0.46575973222994493,0.08201101166172903
IA3,0.3705440788009297,0,0.4999867807481472,0.12946914045092314
II3,0.38116247398976066,0.016679934314604874,0.48028940465313924,0.12186818704249529
IE3,0.34956630814509704,0.06389446853230304,0.3684784204344247,0.21806080288817525
IO3,0.3992101623580296,0.03317210659172826,0.44762572849645355,0.11999200255378857
EA3,0,0.06487404739778364,0.4998714572043638,0.43525449539785266
EI3,0,0.06576887949820441,0.4979659739555814,0.43626514654621423
EE3,0.3667535654437633,0.0317899981232483,0.4376080538322995,0.16384838260068874
EO3,0.3163066677775375,0.03932914238585609,0.42632093964957796,0.21804325018702847
OA3,0,0.020097283384847904,0.6306568420654618,0.34924587454969036
OI3,0.24576873576027786,0.03620326440357096,0.5038646104876637,0.2141633893484874
OE3,0.3649603243386214,0.05265895580163624,0.40108932540509973,0.18129139445464257
OO3,0.3129395330860056,0.04926002412090219,0.4579501011402981,0.17985034165279407
AA4,0.31750056491805584,0,0.529915889596258,0.15258354548568615
AI4,0.3377271665358777,0.017153178814397162,0.5054628820692336,0.1396567725804916
AE4,0,0.26648424189445086,0,0.733515758105549
AO4,0.3573934438780425,0.035757795877329135,0.46753637184366853,0.13931238840095983
IA4,0.3517326015486635,0,0.5192692734322256,0.12899812501911084
II4,0.363314908377361,0.015165984867508269,0.5000157610874513,0.12150334566767937
IE4,0.33898527960605557,0.06161318868971924,0.37853977506698017,0.2208617566372451
IO4,0.3810685565822033,0.030326043602535515,0.46881393858114095,0.1197914612341202
EA4,0,0.0606216269748477,0.5093796274841587,0.42999874554099354
EI4,0,0.06134033295037192,0.5075463037765356,0.4311133632730926
EE4,0.35268104329706523,0.03109498906671067,0.44956262593131513,0.166661341704909
EO4,0.30313080920222407,0.038017941212857606,0.4406894064239065,0.2181618431610118
OA4,0.36274599031983307,0.009871824518759365,0.4990791823947705,0.1283030027666371
OI4,0.37775346361989043,0.010790855731431842,0.49335775519931013,0.11809792544936756
OE4,0.36707797298849726,0.02978535230482365,0.4483520786592838,0.1547845960473954
OO4,0.4069694110112755,0.01590320791909247,0.4743161328233937,0.10281124824623822
