AA1,0.6014548877156557,0,0.3985451122843443,0
AI1,0.41829235699568246,0,0.5661875704075844,0.015520072596733195
AE1,0.33989168555289806,0.11319476473981556,0.34389669948981494,0.20301685021747137
AO1,0.24983270583231246,0.01910685944512409,0.5936876915132179,0.13737274320934562
IA1,0.5051645125044338,0.017177887866219654,0.443880737202528,0.03377686242681831
II1,0.35058994199355964,0.011183900039690272,0.5812887050209332,0.056937452945817
IE1,0.34803189375423477,0.115093746034532,0.33804358866564876,0.1988307715455845
IO1,0.19999503653851147,0.021276948218876775,0.617204123336565,0.1615238919060467
EA1,0,0.4352070143373152,0,0.5647929856626848
EI1,0,0.054191340027931606,0.3331419722580847,0.6126666877139837
EE1,0.4321838783297369,0.02026583188293241,0.479085725513529,0.0684645642738016
EO1,0.1416990854013404,0.020754869040681537,0.5243438668681789,0.31320217868979916
OA1,0.2609229795150869,0.06847870891883844,0.41459364903488427,0.2560046625311904
OI1,0.18981165945037234,0.0362392556504254,0.47435730691584244,0.2995917779833599
OE1,0.4242695023121042,0.05804017349836862,0.41356959199100674,0.10412073219852043
OO1,0.11446682665484975,0.02224001577575224,0.5279574891088675,0.3353356684605305
AA2,0.487652994989928,0.011891681252231417,0.4679119485188665,0.032543375238973986
AI2,0.3080804301748502,0.013734893670304157,0.5992891850125815,0.0788954911422641
AE2,0,0.36504919556930476,0,0.6349508044306952
AO2,0,0.06311949685730904,0.4191353103588298,0.5177451927838613
IA2,0.49764482912761826,0.011298027690361085,0.4609930645572492,0.030064078624771257
II2,0.3510484869997201,0.00781919183476301,0.588212423291418,0.05291989787409904
IE2,0.40072011373356814,0.09698507201091458,0.3245083043387173,0.1777865099168
IO2,0.2276392058000962,0.022840211214736512,0.5948737368091254,0.1546468461760419
EA2,0,0.36504919556930476,0,0.6349508044306952
EI2,0,0.052898478759473185,0.3698468180988519,0.5772547031416749
EE2,0.46621598471929393,0.018920829550286098,0.4488603190971895,0.06600286663323049
EO2,0.14316979709778613,0.02077175875653088,0.526036390664482,0.3100220534812008
OA2,0.533828788618138,0.024666415388864212,0.40550813786932544,0.0359966581236723
OI2,0.37778338288337565,0.0029245993543516105,0.569798529801614,0.04949348796065851
OE2,0.4899579614999949,0.014432004760065403,0.442595804264287,0.053014229475652944
OO2,0.3315014631774595,0.004511528520042959,0.594551982947594,0.06943502535490371
AA3,0.4091968415052632,0,0.5650511275565331,0.02575203093820369
AI3,0.45907566901266866,0,0.5259612762836783,0.014963054703653122
AE3,0.3186749425037698,0.17646102484941412,0.30756575794496877,0.1972982747018473
AO3,0.5214115848466269,0.020224029066981525,0.4247442767322891,0.033620109354102604
IA3,0.3079711755153472,0,0.6304705404403892,0.06155828404426366
II3,0.3740736162504403,0.02607719305496475,0.5444086945152242,0.05544049617937077
IE3,0.3240670217868547,0.18542302251285123,0.29889571272748067,0.19161424297281338
IO3,0.45403633341785693,0.06269310634818585,0.422035379654453,0.06123518057950413
EA3,0,0.07205789239925438,0.31260014827123606,0.6153419593295096
EI3,0,0.07843821229136329,0.30764429715551433,0.6139174905531224
EE3,0.45881885696989433,0.021171790213804224,0.4467730109785966,0.07323634183770472
EO3,0.35826381350244285,0.03272633822793823,0.4787911072572984,0.13021874101232045
OA3,0,0.006732946787414995,0.4943490385150932,0.4989180146974917
OI3,0.22129467030453293,0.06718975500570354,0.4170446198257779,0.2944709548639856
OE3,0.433876663373497,0.07084480421854451,0.38719680990569666,0.10808172250226183
OO3,0.30575274377464556,0.18142625067606116,0.3114310503644282,0.20138995518486516
AA4,0.2224694820514454,0,0.6637156760287156,0.113814841919839
AI4,0.30820160837576355,0.023410103853446627,0.5791280849479019,0.08926020282288782
AE4,0,0.42498537116299623,0,0.5750146288370036
AO4,0.3679499480124915,0.08796983903477092,0.41809755359263384,0.12598265936010378
IA4,0.2954785149787755,0,0.639761369631584,0.06476011538964047
II4,0.3619471166033246,0.012468297620743005,0.5663639936869633,0.0592205920889691
IE4,0.3671691228088865,0.12809416953656755,0.2911786262890684,0.21355808136547752
IO4,0.4452420899592482,0.04355910737692186,0.4430269129051288,0.06817188975870113
EA4,0,0.0530371762585974,0.29107989428694014,0.6558829294544625
EI4,0,0.05449744221239005,0.2878038460391125,0.6576987117484974
EE4,0.4717266040108696,0.02134446673539882,0.4240687907731078,0.08286013848062383
EO4,0.341515331828382,0.03325387923753927,0.47612850179281513,0.14910228714126356
OA4,0.37246543247393005,0.0029684460687553465,0.5520685765380601,0.07249754491925481
OI4,0.4318503040146932,0.0032025195433187104,0.511068015207967,0.053879161234021256
OE4,0.5011392609345567,0.01587525172851764,0.41593154382484804,0.06705394351207754
OO4,0.5431429013491051,0.006238922326388494,0.43091848674882943,0.019699689575676863
