AA1,0.6922511251205721,0,0.307748874879428,0
AI1,0.19496492747127123,0,0.7682069768576721,0.03682809567105666
AE1,0.17456435676103274,0.06291934798671307,0.5825494479963366,0.17996684725591758
AO1,0.16251166765647293,0.006954761483372464,0.7075389249330698,0.1229946459270847
IA1,0.22426267347029827,0.03667662259555582,0.5730679783403774,0.16599272559376846
II1,0.05247385616094286,0.007966257522719,0.7356070775110235,0.2039528088053147
IE1,0.2507410518977366,0.07183341242143296,0.5194171651116016,0.15800837056922884
IO1,0.05976866991308331,0.009462131867783384,0.7087030538496417,0.2220661443694916
EA1,0,0.33548292880139596,0,0.664517071198604
EI1,0,0.031125152734944005,0.1725267442888982,0.7963481029761578
EE1,0.1951033615224146,0.025979974008534152,0.6504970747625134,0.12841958970653808
EO1,0.0126389824603148,0.020686325466879592,0.5614026863141155,0.40527200575869016
OA1,0.10847370286048616,0.09288479216730215,0.37893866376416996,0.41970284120804174
OI1,0.01337740811686547,0.014705486770233943,0.5193875154825437,0.45252958963035683
OE1,0.25035367480211135,0.0531496667704752,0.5643802866367287,0.13211637179068486
OO1,0.02017145561323036,0.01215775621321938,0.6112745293497496,0.3563962588238007
AA2,0.32917377230656264,0.014093603510163557,0.5410260581545425,0.1157065660287313
AI2,0.03195816081133272,0.016172659378026342,0.6186350951972077,0.3332340846134332
AE2,0,0.31225851258133264,0,0.6877414874186675
AO2,0,0.032883842912009804,0.16442830283959686,0.8026878542483934
IA2,0.43485273178830985,0.012432971647232382,0.4738061702704858,0.07890812629397197
II2,0.11546110818440991,0.003677867389119798,0.7588415612871812,0.12201946313928912
IE2,0.5046326742308098,0.03418515475476873,0.38102394693257374,0.08015822408184778
IO2,0.14600449578525082,0.0062648468617586585,0.7058525462438,0.14187811110919063
EA2,0,0.31225851258133264,0,0.6877414874186675
EI2,0,0.032239983176362355,0.2991185941039615,0.6686414227196761
EE2,0.4116498110120615,0.013985462669689674,0.5057842731762132,0.06858045314203554
EO2,0.029870448097822674,0.017213993551167317,0.6694981171859627,0.28341744116504736
OA2,0.4724519381222301,0.03905651884706452,0.3605696160123159,0.12792192701838945
OI2,0.0742009791027115,0.0052202522244893124,0.7624426641848857,0.1581361044879136
OE2,0.48767958787919985,0.011484367495286935,0.45123707610159436,0.04959896852391887
OO2,0.13160268705923175,0.004127697615803335,0.7418680181682752,0.12240159715668987
AA3,0.2953777060719149,0,0.6575149385277541,0.047107355400331015
AI3,0.4216250284041865,0,0.552031198592534,0.026343773003279305
AE3,0.3045033957211095,0.1196601988371349,0.43578982936256166,0.14004657607919388
AO3,0.4641440488721679,0.013382163483757111,0.4766670298268166,0.04580675781725837
IA3,0.05565978185600459,0,0.7636260965653378,0.18071412157865763
II3,0.14499662142539996,0.04503812198804058,0.6322427617836558,0.17772249480290372
IE3,0.38342897086653344,0.19417678543321532,0.319481674909246,0.10291256879100526
IO3,0.23370473554275126,0.07880901645757875,0.5419101573144519,0.14557609068521807
EA3,0,0.06184858233289738,0.2118336394665555,0.7263177782005471
EI3,0,0.13396080255103998,0.1688155643761289,0.6972236330728312
EE3,0.3715451581445865,0.03262539925300611,0.49316408555933416,0.10266535704307314
EO3,0.07261621546891331,0.12138745885915296,0.4894609903607488,0.316535335311185
OA3,0,0.009282331585537982,0.2979307403357318,0.6927869280787302
OI3,0.051971769575137196,0.07127861972961928,0.47278167749806566,0.40396793319717794
OE3,0.4268093224652236,0.10033089832118038,0.3790732220854268,0.09378655712816922
OO3,0.12710763352465881,0.12895582329662275,0.4941248369798798,0.24981170619883863
AA4,0.005860596076613045,0,0.6226567177885679,0.37148268613481905
AI4,0.06525004677380229,0.03099491192717008,0.5364352956331124,0.36731974566591524
AE4,0,0.4331408341022416,0,0.5668591658977584
AO4,0.059839131320309866,0.10413672807694055,0.35560333353897083,0.4804208070637787
IA4,0.09182033454795066,0,0.7734102000900501,0.13476946536199927
II4,0.21467882198575236,0.005303141188986859,0.6470829425664714,0.1329350942587894
IE4,0.5766561150705184,0.04423119450006858,0.29792689415824036,0.08118579627117278
IO4,0.3398305830106511,0.015341498845134862,0.5360834143770733,0.10874450376714084
EA4,0,0.03490527626068568,0.27287794883403615,0.6922167749052781
EI4,0,0.039389735484482796,0.23661675761619128,0.723993506899326
EE4,0.4982270956091125,0.01704647350336287,0.4124782240242354,0.07224820686328913
EO4,0.1183780133147779,0.053698784139386474,0.5519610267829776,0.275962175762858
OA4,0.04697309374893068,0.005078445725451114,0.6929466490793916,0.2550018114462265
OI4,0.17620679855883967,0.0064801781255616605,0.6447350287444542,0.17257799457114434
OE4,0.5788452699966686,0.013489949640698775,0.35678463581387815,0.05088014454875444
OO4,0.3549928922681951,0.00875289591328506,0.5465318367202492,0.08972237509827062
