AA1,0.5441820159158538,0,0.4558179840841462,0
AI1,0.27133811187303686,0,0.686576413681539,0.04208547444542423
AE1,0.07159962592446001,0.39451587932683024,0.10872761210708941,0.42515688264162027
AO1,0.07037703841998474,0.2099662398515707,0.30692727116560586,0.4127294505628387
IA1,0.173384050630661,0.29032046084461594,0.21666209475901893,0.3196333937657042
II1,0.07232438456725948,0.27638297983741184,0.26739524263361913,0.38389739296170966
IE1,0.07486826998208333,0.40657871523875744,0.10491914691810512,0.4136338678610541
IO1,0.03601340030919495,0.21509538121687852,0.2946695315389021,0.4542216869350244
EA1,0,0.5401533850920623,0,0.45984661490793766
EI1,0,0.31542375212090507,0.05783521108577377,0.6267410367933212
EE1,0.14784126603373268,0.2688277180891255,0.29072948175265334,0.2926015341244886
EO1,0.04238726842194951,0.20910513102148062,0.25859821717052356,0.48990938338604634
OA1,0.08447114697671422,0.4055540819767002,0.0903686948540413,0.4196060761925443
OI1,0.04848879446075768,0.285109221630659,0.14062728560231524,0.5257746983062682
OE1,0.12307637959175984,0.32187526961846474,0.22064027339174605,0.3344080773980294
OO1,0.030119355823888395,0.1991687345262908,0.2381633811178529,0.532548528531968
AA2,0.22103709879986821,0.22476216411749744,0.2644912946920892,0.2897094423905451
AI2,0.07219464970120743,0.2490225495260346,0.3183589268560939,0.3604238739166641
AE2,0,0.5112396840750987,0,0.4887603159249014
AO2,0,0.2908645134550712,0.13412723089334833,0.5750082556515803
IA2,0.29360019579238794,0.19871516270109624,0.26767795685026197,0.24000668465625385
II2,0.13767837855619186,0.20440898377013902,0.3547160590017374,0.3031965786719317
IE2,0.15318808462891711,0.340580066229711,0.14969950703284113,0.3565323421085309
IO2,0.06723949312924746,0.180459237515692,0.3575515183293518,0.39474975102570875
EA2,0,0.5112396840750987,0,0.4887603159249014
EI2,0,0.313835048710893,0.09160907990301415,0.594555871386093
EE2,0.274010195331401,0.18950235592284273,0.32942022811787114,0.2070672206278852
EO2,0.06499867753108766,0.18260675187798373,0.3694293916166325,0.3829651789742961
OA2,0.16767785305891583,0.3649224814763956,0.10897133806025723,0.35842832740443126
OI2,0.10553356351638277,0.22188138366633725,0.23753384948781917,0.4350512033294609
OE2,0.2991297686078182,0.17449720953918402,0.33800069993443504,0.1883723219185627
OO2,0.1057658938522303,0.13394755875950592,0.44502203258982914,0.3152645147984346
AA3,0.3110421979513296,0,0.6254352429853457,0.06352255906332463
AI3,0.3657125579838347,0,0.596133862048934,0.038153579967231246
AE3,0.0726350085062052,0.4230417287675192,0.10152988262895721,0.40279338009731847
AO3,0.22175644922374463,0.2798325707539692,0.22549796393818983,0.27291301608409635
IA3,0.1213324940054777,0,0.6660095323900826,0.21265797360443972
II3,0.12034503852410201,0.3402858721912061,0.21681989769251112,0.3225491915921808
IE3,0.07640994724284687,0.4411711891522333,0.09662354256068825,0.3857953210442317
IO3,0.14935587450448043,0.3792566859432031,0.1681885541458666,0.30319888540644996
EA3,0,0.3454711553020898,0.049759463468658345,0.6047693812292518
EI3,0,0.3571760222313484,0.047622800380887745,0.5952011773877637
EE3,0.20716163615955885,0.25078843920464144,0.2565491980874907,0.28550072654830894
EO3,0.0641076220611662,0.37055921492390925,0.12801994706857592,0.4373132159463487
OA3,0,0.25302714108588475,0.10223656049831319,0.6447362984158019
OI3,0.09786371229813175,0.31480824760553505,0.11725780658842354,0.4700702335079096
OE3,0.1665146817485625,0.31370766953550605,0.198579496883208,0.3211981518327235
OO3,0.1129565698054638,0.38929162043892057,0.12876085507459648,0.36899095468101906
AA4,0.05677175492642453,0,0.6040313690073406,0.3391968760662349
AI4,0.08978310214841166,0.3133772314937446,0.24121772786985113,0.3556219384879928
AE4,0,0.57178888575468,0,0.42821111424532005
AO4,0.09488462223497277,0.4003294046952147,0.14178726720210894,0.36299870586770366
IA4,0.1902250834708375,0,0.6561280490483392,0.15364686748082335
II4,0.1723205805114959,0.25484788801642866,0.2644510133127536,0.3083805181593219
IE4,0.1430859990021242,0.3627663570014634,0.12301237329510065,0.3711352707013118
IO4,0.22016785594472554,0.29762568515378507,0.1913289011742749,0.2908775577272145
EA4,0,0.32012863160724614,0.06412156834452305,0.6157498000482307
EI4,0,0.32643779824011143,0.0618171969554362,0.6117450048044524
EE4,0.28031810508803123,0.211881767213527,0.2633629064534235,0.24443722124501815
EO4,0.07830119985597063,0.34591185804844804,0.14972527157108645,0.4260616705244949
OA4,0.09294988227044602,0.23279785628726962,0.19570885853119455,0.47854340291108977
OI4,0.16504349449085604,0.23213969568220938,0.17591271141187204,0.42690409841506255
OE4,0.309647783414502,0.19774231257193833,0.2657614705591351,0.22684843345442451
OO4,0.22518276888860617,0.2672853608746291,0.2094505888270661,0.2980812814096986
