AA1,0.6833907873541244,0,0.31660921264587555,0
AI1,0.258126514685067,0,0.7218312099011209,0.020042275413812063
AE1,0.1632359677326691,0.12938145052432307,0.3563792473255503,0.35100333441745757
AO1,0.09982077154243796,0.008059091614271069,0.734603345790875,0.1575167910524159
IA1,0.3880011772608037,0.024666395360562622,0.5151645033322254,0.0721679240464083
II1,0.12387885327714336,0.010446582242119008,0.7344681292591483,0.13120643522158937
IE1,0.19102789951691843,0.1465462416368718,0.3364714861281585,0.3259543727180513
IO1,0.04728875516827525,0.01062528439531684,0.7130989098388472,0.22898705059756064
EA1,0,0.4145422002752313,0,0.5854577997247686
EI1,0,0.05393341289761777,0.11985261297725618,0.8262139741251261
EE1,0.20857682807473946,0.038589718247387494,0.6002005900434546,0.1526328636344185
EO1,0.010580735156183818,0.02685633648258026,0.4635406570758578,0.4990222712853782
OA1,0.09717483161881914,0.10502410108093797,0.4818744303730094,0.3159266369272335
OI1,0.02392422660803955,0.02718742561166797,0.5259077470297396,0.4229806007505528
OE1,0.24613828744313523,0.09163224267981705,0.4478457921196539,0.21438367775739378
OO1,0.010351238226598926,0.013266962649051523,0.5280749945737568,0.4483068045505927
AA2,0.447552725257781,0.01453731715532742,0.4770808136459625,0.06082914394092919
AI2,0.08910098462879053,0.019688950864437296,0.7103725122461444,0.1808375522606277
AE2,0,0.3586355184437463,0,0.6413644815562537
AO2,0,0.04512371871461646,0.2927021968941111,0.6621740843912725
IA2,0.5108321782851569,0.010911931890618934,0.43596107881222684,0.04229481101199733
II2,0.1795354353166033,0.005760828313554895,0.7226754873502579,0.09202824901958392
IE2,0.3458256864378005,0.09408687259074208,0.3341236358150161,0.22596380515644138
IO2,0.07993459687402132,0.007400153699134365,0.7359817769218719,0.1766834725049722
EA2,0,0.3586355184437463,0,0.6413644815562537
EI2,0,0.05060949604859276,0.1760098957626592,0.773380608188748
EE2,0.34159766342025105,0.025449590713131392,0.5308634880519372,0.10208925781468045
EO2,0.017788029991698796,0.024142320472939727,0.5583988630549734,0.39967078648038795
OA2,0.5738697979762273,0.033781294152437503,0.32954611770272074,0.06280279016861443
OI2,0.22314424979973996,0.009259071579546712,0.6522188259344572,0.11537785268625599
OE2,0.40952230888255237,0.020888014575040817,0.49909055037377725,0.07049912616862941
OO2,0.16625677233063474,0.004030010254251483,0.7258718581728768,0.10384135924223692
AA3,0.3500816334871689,0,0.619228696220233,0.03068967029259801
AI3,0.45247492868620787,0,0.5329741727885764,0.014550898525215733
AE3,0.19848450604359508,0.29859698823999253,0.2541745425039232,0.24874396321248915
AO3,0.5474209155173951,0.01703004498530384,0.40312579281264876,0.03242324668465215
IA3,0.12407167580923165,0,0.7665834604225922,0.1093448637681761
II3,0.23941951607921222,0.040657046312111214,0.6111994553582598,0.10872398225041681
IE3,0.22214752621570785,0.34560368324808804,0.2196068942786388,0.21264189625756527
IO3,0.3529953958171362,0.06761619164565452,0.48419834050355487,0.09519007203365441
EA3,0,0.11887854319701399,0.12174138714780244,0.7593800696551836
EI3,0,0.14595822390925853,0.10917903382729131,0.7448627422634502
EE3,0.3394611929207029,0.048025625389902765,0.4862321264128195,0.12628105527657482
EO3,0.09912972059510565,0.13990198060536954,0.41940757542642254,0.3415607233731021
OA3,0,0.018743526306461797,0.33657296561951183,0.6446835080740264
OI3,0.07286295502782271,0.07226707799216191,0.4797124220581866,0.37515754492182884
OE3,0.35255295296170885,0.16226434130262712,0.3273618222325747,0.15782088350308926
OO3,0.16469017460241092,0.11504541469852977,0.5048589688598216,0.21540544183923746
AA4,0.03614044942512298,0,0.7491723807310051,0.21468716984387193
AI4,0.14729708925429436,0.03159963556583125,0.6359467409127032,0.18515653426717113
AE4,0,0.4473412720900289,0,0.5526587279099712
AO4,0.21378118451565878,0.1064762759558408,0.45337041262505934,0.2263721269034409
IA4,0.159615230557719,0,0.7501259153520596,0.0902588540902215
II4,0.2976893753574211,0.007462452816647635,0.6050985242158657,0.0897496476100655
IE4,0.38377959040693976,0.11999632545098927,0.2641155167851792,0.23210856735689184
IO4,0.43499113616369905,0.019043597028439968,0.4660881143821732,0.07987715242568784
EA4,0,0.05031195777153957,0.13775058268834384,0.8119374595401165
EI4,0,0.056070830254441165,0.12641607739463173,0.8175130923509272
EE4,0.42678922571386607,0.028625521977086302,0.43808392092360365,0.10650133138544403
EO4,0.1311612647595544,0.07871237076298399,0.45232174673262093,0.33780461774484066
OA4,0.21047065798665962,0.009441689702560757,0.6178059570564824,0.16228169525429725
OI4,0.36428575532153906,0.010781701035265307,0.5183540462299809,0.10657849741321485
OE4,0.512842987253596,0.022344113059775763,0.39399934803443515,0.07081355165219318
OO4,0.5474160105520853,0.009998078730780463,0.3967245935747417,0.04586131714239254
