AA1,0.5877008528982455,0,0.41229914710175447,0
AI1,0.29980805648575193,0,0.6295315812114332,0.07066036230281483
AE1,0.2629025480271037,0.05892328107076975,0.38102467576475146,0.2971494951373751
AO1,0.1977045010280326,0.0046556822409373234,0.6150203374811778,0.18261947924985228
IA1,0.4538378875330691,0.00036144196477501346,0.4752915786052453,0.07050909189691078
II1,0.1862111775784235,0.0002593854847365795,0.6557687538817979,0.15776068305504187
IE1,0.27156214055098227,0.06142995076545158,0.3772633103778891,0.2897445983056771
IO1,0.11951723940390704,0.005465218959155638,0.6223083200258269,0.25270922161111026
EA1,0,0.2868708981450501,0,0.7131291018549498
EI1,0,0.03028530219778777,0.2699703100851368,0.6997443877170755
EE1,0.24631203660463988,0.017382880380073885,0.5074324419518089,0.22887264106347746
EO1,0.050169539777241014,0.016216314738558748,0.4720681452530557,0.4615460002311445
OA1,0.2623192564974386,0.006646125186729863,0.4889841976418054,0.24205042067402618
OI1,0.09407407392252763,0.00419313431590215,0.5719638762636161,0.3297689154979541
OE1,0.2716098751568796,0.05396517292820289,0.4149380147544089,0.25948693716050864
OO1,0.0544336436412351,0.006047834015981487,0.553399515511605,0.3861190068311784
AA2,0.44150780263353956,0.0001942008848552979,0.49451702195045755,0.06378097453114762
AI2,0.16392084794629747,0.00029142148903640045,0.6517792244443352,0.18400850612033084
AE2,0,0.23894695609951666,0,0.7610530439004832
AO2,0,0.015285271163971331,0.46336690135512343,0.5213478274809052
IA2,0.45942245075546223,0.0002339075060781069,0.48302025028875195,0.05732339144970759
II2,0.20741851752911292,0.00020213860594223582,0.6551509292580393,0.13722841460690552
IE2,0.3595677168952096,0.04871049852933319,0.35118610562651953,0.24053567894893774
IO2,0.13885656239993271,0.004436553841819474,0.6268103718808072,0.22989651187744062
EA2,0,0.23894695609951666,0,0.7610530439004832
EI2,0,0.02740672631010066,0.3205882714320229,0.6520050022578765
EE2,0.3292739404608269,0.013607694363949083,0.46416604044782467,0.19295232472739934
EO2,0.05940033223409635,0.014549253443598158,0.49471064021130756,0.4313397741109979
OA2,0.49552787010530236,0.0013394785935002377,0.44823090584546593,0.05490174545573148
OI2,0.22212559828629025,0.0002836850566679164,0.6471800323158273,0.13041068434121458
OE2,0.3679541982940865,0.012378852762945593,0.45597547059482374,0.16369147834814418
OO2,0.1744004818516389,0.002318507138806291,0.6512143886392024,0.17206662237035236
AA3,0.33653686009731965,0,0.5873913153294851,0.07607182457319533
AI3,0.41357702185884204,0,0.5306396305949848,0.055783347546173145
AE3,0.27225773543747106,0.10547954341322231,0.350701736714479,0.2715609844348276
AO3,0.4519934060587294,0.005058054896161645,0.47859753194903926,0.06435100709606979
IA3,0.19070514174900527,0,0.6502253447051699,0.15906951354582485
II3,0.2937524884271139,0.002354221500459467,0.568710141933306,0.13518314813912055
IE3,0.2808347916796922,0.11818032179765067,0.34047065284069367,0.2605142336819633
IO3,0.3319288394838777,0.014923110526182098,0.517496909896789,0.1356511400931513
EA3,0,0.05926035267276973,0.2698017342496389,0.6709379130775914
EI3,0,0.06714444374850044,0.26104833752481055,0.671807218726689
EE3,0.28385188518689314,0.02033366813948923,0.47924129440697816,0.21657315226663948
EO3,0.1302200743050003,0.04836120021437683,0.41532134811018534,0.40609737737043766
OA3,0,0.005608662286088762,0.49292592534213203,0.5014654123717792
OI3,0.18953267570123444,0.011440947463948812,0.49814353750841367,0.300882839326403
OE3,0.2922547487009415,0.09353157949910625,0.3793874501257897,0.23482622167416262
OO3,0.20722748452299228,0.027605550485735392,0.4787273607582109,0.2864396042330614
AA4,0.11459430458935606,0,0.673155309719428,0.2122503856912159
AI4,0.221963126178711,0.0004580748501173252,0.6002019358100408,0.17737686316113094
AE4,0,0.31284360960491975,0,0.6871563903950803
AO4,0.24901113667344987,0.016678700078721714,0.5357847603389201,0.19852540290890827
IA4,0.19500942088300316,0,0.6574758994802585,0.14751467963673828
II4,0.30334277928918263,0.00023987291669468397,0.5731840763175889,0.12323327147653372
IE4,0.36607016439082435,0.06716577785322765,0.3230132188144149,0.24375083894153315
IO4,0.34816481364627233,0.004330574337194646,0.5229559299713828,0.12454868204515017
EA4,0,0.02836243657573709,0.27472013244070675,0.6969174309835562
EI4,0,0.030381627418792072,0.2674704469249261,0.7021479256562818
EE4,0.35366695307939966,0.015117572109677407,0.434867595442658,0.1963478793682649
EO4,0.13625225198071386,0.02647610398597597,0.42615820514590197,0.41111343888740814
OA4,0.2314544300061639,0.00008602754613522936,0.6127330871008848,0.15572645534681595
OI4,0.34838050656497777,0.0003222346336977379,0.5380245679449076,0.11327269085641688
OE4,0.4108371883068612,0.013177312689360031,0.4140182132224194,0.16196728578135944
OO4,0.4112907036950831,0.0021609686294919643,0.49055811589770826,0.09599021177771663
