AA1,0.5685731966364873,0,0.4314268033635128,0
AI1,0.27365884643072896,0,0.6228904745537025,0.10345067901556862
AE1,0.22692771647560375,0.07714929586658131,0.4606654258997502,0.2352575617580648
AO1,0.22285307718465525,0.014224717484720326,0.5699215025151231,0.1930007028155013
IA1,0.22967200736880689,0.06627454295916581,0.45419707465719583,0.24985637501483146
II1,0.11783884582338534,0.023366145843063933,0.5432348897427796,0.3155601185907712
IE1,0.2732223784850609,0.08538733675681207,0.4326286004750242,0.20876168428310266
IO1,0.12928444842628964,0.01885107660978928,0.547703253261432,0.3041612217024891
EA1,0,0.4033587982363396,0,0.5966412017636605
EI1,0,0.06358866731439272,0.2694117524773131,0.6669995802082941
EE1,0.24479236736924959,0.049885214250427176,0.5059856889945502,0.19933672938577304
EO1,0.052685649715000116,0.0446211629187277,0.46549015456743503,0.43720303279883727
OA1,0.11706139435696408,0.13427033189812362,0.3395025313748762,0.4091657423700361
OI1,0.03855549176725278,0.03984628122407109,0.4427432669447898,0.47885496006388634
OE1,0.2786806622215116,0.0701656672378013,0.45803450494804004,0.19311916559264697
OO1,0.07317751726198302,0.028091649744553852,0.496333504076019,0.4023973289174441
AA2,0.26979382536267477,0.03680817088145639,0.48707472664249696,0.20632327711337187
AI2,0.07597538336487282,0.038498237061957076,0.5088366168780842,0.3766897626950859
AE2,0,0.3539751032389705,0,0.6460248967610295
AO2,0,0.0680268050599008,0.2909542111713961,0.6410189837687031
IA2,0.3268114527272899,0.03473603851582391,0.46940227015634556,0.16905023860054066
II2,0.17347264111062669,0.01374238613849487,0.5877650460069487,0.22501992674392984
IE2,0.3836225186322424,0.055939149077935055,0.41804338384194645,0.1423949484478761
IO2,0.19310682756946984,0.01306738625688563,0.5774070904336684,0.21641869573997619
EA2,0,0.3539751032389705,0,0.6460248967610295
EI2,0,0.05865508380748961,0.3715343614330269,0.5698105547594834
EE2,0.34300957797963966,0.03481684183351219,0.4871760399351617,0.13499754025168653
EO2,0.08455753185721665,0.03795365760217985,0.5454758381327299,0.3320129724078736
OA2,0.33133389138748265,0.08056087606318833,0.36876529243923484,0.2193399401100941
OI2,0.13415944295996865,0.019182599334340012,0.581043577599699,0.2656143801059923
OE2,0.3843714267122069,0.03320744630117012,0.4688040112936325,0.11361711569299035
OO2,0.19027099089421987,0.014832161972012186,0.5830998094112326,0.21179703772253544
AA3,0.2930858561547595,0,0.581320309167266,0.12559383467797458
AI3,0.3601717687602796,0,0.5501515141130715,0.08967671712664903
AE3,0.27250875168457167,0.12642959112992036,0.3967635342837153,0.2042981229017926
AO3,0.36798092002170585,0.03362751649478651,0.475032275504252,0.12335928797925566
IA3,0.11154326106364634,0,0.5964880284590599,0.29196871047729367
II3,0.16304164994967324,0.05756596653179107,0.493883586266716,0.2855087972518196
IE3,0.3127196096965146,0.16252172157125558,0.35221706611289016,0.17254160261933976
IO3,0.21989716619233912,0.08681928720985746,0.44900505065022756,0.24427849594757592
EA3,0,0.09709262103212615,0.2802361047280304,0.6226712742398434
EI3,0,0.1342996209825302,0.25214900903132337,0.6135513699861465
EE3,0.30610687495042616,0.06476869730464851,0.4497345496611145,0.179389878083811
EO3,0.1150236681355866,0.12514298923695819,0.39877019307819594,0.3610631495492592
OA3,0,0.03483936131798763,0.35368121400207797,0.6114794246799344
OI3,0.05994132569829491,0.09554281898326564,0.4071921802854466,0.4373236750329928
OE3,0.3309761755727417,0.11986236184516735,0.38483445168576785,0.16432701089632312
OO3,0.14995899106024352,0.12155478710319041,0.4116096360764203,0.3168765857601457
AA4,0.017266785508364968,0,0.5781678590863781,0.4045653554052569
AI4,0.09574737112721313,0.06552136721937794,0.45696796438165577,0.3817632972717532
AE4,0,0.4825054159596303,0,0.5174945840403697
AO4,0.09122097098577168,0.12674476845881077,0.35236765734687897,0.42966660320853867
IA4,0.1556322793282093,0,0.6163854927530158,0.22798222791877495
II4,0.22523198299660502,0.02116960207924728,0.5235334548670024,0.23006496005714513
IE4,0.4345376216560023,0.07018256294205269,0.355310514475443,0.13996930092650195
IO4,0.30370057814828055,0.033597972657252,0.4671052221764074,0.19559622701806015
EA4,0,0.0658628591756354,0.35308757623093084,0.5810495645934337
EI4,0,0.07409703364011865,0.3303224642504072,0.5955805021094741
EE4,0.3987900750395906,0.04075038203709593,0.42429655868575444,0.13616298423755896
EO4,0.1723590442478251,0.07372093120441892,0.4454690234703733,0.30845100107738255
OA4,0.09531005896637121,0.019235436281175102,0.5459508169816616,0.3395036877707921
OI4,0.1835122360013427,0.025552385425443313,0.5169796608052386,0.27395571776797545
OE4,0.44552351605925694,0.038327725448262656,0.40294775726309007,0.1132010012293903
OO4,0.31338526910100506,0.030163806245853547,0.47224119611859267,0.1842097285345487
