AA1,0.5414473716751864,0,0.4585526283248135,0
AI1,0.2846642575377968,0,0.5897011157484164,0.12563462671378675
AE1,0.23886236879652106,0.06072333121638281,0.4637846003993487,0.2366296995877474
AO1,0.2341534822787321,0.013943533364172124,0.5538422679957924,0.19806071636130348
IA1,0.24713043930444117,0.048099808094937496,0.46247856676833776,0.24229118583228354
II1,0.1435117806521608,0.020692707605401893,0.5295274744614942,0.30626803728094304
IE1,0.2773316671110762,0.06758487864926671,0.443205941991174,0.211877512248483
IO1,0.15222971076152877,0.017806658773653533,0.5311320464841662,0.2988315839806515
EA1,0,0.3911819204787703,0,0.6088180795212297
EI1,0,0.060537364411551275,0.30766494380768716,0.6317976917807616
EE1,0.25932432482742945,0.037487775613486186,0.5018816316464518,0.20130626791263248
EO1,0.08214234731341377,0.03440412870687533,0.4676860500148206,0.4157674739648904
OA1,0.15402860241558788,0.09990871373479443,0.3765432117682173,0.36951947208140035
OI1,0.06740281723915259,0.037103913557696835,0.45900823572326505,0.4364850334798856
OE1,0.28232447704794555,0.05602220832323096,0.4649420399417628,0.19671127468706062
OO1,0.1002844130298354,0.025820749221075464,0.4955103231476082,0.3783845146014809
AA2,0.2785360142002315,0.02873862525520189,0.4888845522101452,0.20384080833442136
AI2,0.10418428335009816,0.030002554691061237,0.5109184120967228,0.35489474986211783
AE2,0,0.33397780407484123,0,0.6660221959251588
AO2,0,0.05854730034937827,0.3458569261213814,0.5955957735292403
IA2,0.32405935746884507,0.02757865224349288,0.4783014277019817,0.17006056258568042
II2,0.19430881472306655,0.013651904620420565,0.5664029478349221,0.22563633282159087
IE2,0.36376574756425106,0.04796759954389759,0.43628056618891614,0.15198608670293517
IO2,0.20751162960286426,0.014009647053953442,0.5576696551051765,0.2208090682380056
EA2,0,0.33397780407484123,0,0.6660221959251588
EI2,0,0.05274201887665425,0.4032388258516036,0.5440191552717422
EE2,0.33940025078584274,0.027707346690183248,0.48981900052897065,0.1430734019950034
EO2,0.11662538797472612,0.029653370622919128,0.531805587974361,0.3219156534279937
OA2,0.32882453388245303,0.06543577812526283,0.3993102260785999,0.2064294619136844
OI2,0.1621693168811333,0.017358211796019617,0.5622534834733469,0.25821898784950015
OE2,0.3668320917579068,0.026881142895949887,0.4798970786013274,0.12638968674481596
OO2,0.20560190808366938,0.01393269193824977,0.5622712387801666,0.21819416119791432
AA3,0.3026960617814698,0,0.5552965305781086,0.14200740764042175
AI3,0.3503831406493102,0,0.538168159253764,0.11144870009692585
AE3,0.27650569111559303,0.09922915552695626,0.4143422226146214,0.2099229307428293
AO3,0.35585607509248113,0.02974196494516077,0.4833546375493974,0.13104732241296072
IA3,0.1373590543507019,0,0.5582294859163169,0.3044114597329811
II3,0.18354676460357086,0.04435315029540812,0.4912541235127952,0.28084596158822583
IE3,0.31085043094450937,0.12712977553121874,0.3805334165275185,0.18148637699675338
IO3,0.23153529745332474,0.07282493805159752,0.4525580643964798,0.24308170009859806
EA3,0,0.09051745528498575,0.3161482217327277,0.5933343229822865
EI3,0,0.12251132948941298,0.29019844581628723,0.5872902246942999
EE3,0.30901621319405714,0.05163454374840038,0.4570498992306136,0.18229934382692892
EO3,0.14278864169351957,0.10408674566997556,0.4027309659731317,0.35039364666337314
OA3,0,0.03268372236441027,0.39403703576209453,0.5732792418734953
OI3,0.08946539955005561,0.07769006985171911,0.42908541860631483,0.4037591119919106
OE3,0.3242165306547267,0.09636988494471642,0.40784237157835795,0.17157121282219892
OO3,0.17650721310642972,0.09479483933345584,0.4284315844555646,0.30026636310454974
AA4,0.03341566042511384,0,0.565395436096134,0.4011889034787523
AI4,0.12533757857855143,0.049638174366728266,0.46890178062891735,0.3561224664258029
AE4,0,0.4597747660755108,0,0.5402252339244891
AO4,0.12393826580567054,0.09451207310724562,0.39033242518181593,0.3912172359052679
IA4,0.1782192535600754,0,0.5784904527146729,0.24329029372525168
II4,0.23723959373701656,0.020170734001901433,0.5154064151477907,0.22718325711329126
IE4,0.4070251604415163,0.061117610070322057,0.38336262153135836,0.1484946079568032
IO4,0.300798741839701,0.033679114293873706,0.46962633364015155,0.19589581022627364
EA4,0,0.05865692909697415,0.388905981368363,0.5524370895346628
EI4,0,0.06715431897947599,0.3683893478977812,0.5644563331227428
EE4,0.38679758038390316,0.03218801034378915,0.4387752569079431,0.1422391523643645
EO4,0.19664397228126823,0.05950073312977853,0.4447831626486328,0.29907213194032045
OA4,0.1254060952076168,0.017060020344570413,0.5382495625077177,0.31928432194009504
OI4,0.20398379784095838,0.02127002943587237,0.5121354433832536,0.26261072933991547
OE4,0.41752509171616675,0.03097627539132553,0.4267919542143711,0.12470667867813656
OO4,0.310659945557772,0.0273011519021007,0.4742163604730818,0.18782254206704538
