AA1,0.6019227509898523,0,0.3980772490101478,0
AI1,0.38045595050411984,0,0.5784974351866342,0.04104661430924582
AE1,0.31175148745226855,0.06534179859153803,0.36226712673057226,0.26063958722562114
AO1,0.2342315535508703,0.0020552750248140766,0.6100207801855718,0.15369239123874387
IA1,0.4848203221544833,0.0005182833973883579,0.46824653771922403,0.0464148567289042
II1,0.27150455512330923,0.00040813315308417276,0.6289388968270789,0.09914841489652777
IE1,0.3197987581161702,0.06779509223923655,0.3581198338591327,0.25428631578546057
IO1,0.1599734639954576,0.002562613262182444,0.6334663544797177,0.20399756826264231
EA1,0,0.2974123588073767,0,0.7025876411926234
EI1,0,0.04959210521862642,0.28569661596350265,0.6647112788178708
EE1,0.3263669768532064,0.026835102178428473,0.4762401425887901,0.17055777837957503
EO1,0.06115684399989149,0.02807212394841344,0.503227064271664,0.4075439677800311
OA1,0.2825942931869001,0.008696852533258038,0.5057938663476108,0.20291498793223112
OI1,0.1241366409615589,0.007848762050181906,0.6020381694407121,0.2659764275475472
OE1,0.34291538353314643,0.05607881493851338,0.3878789464383661,0.213126855089974
OO1,0.04581238653540244,0.006439634055006369,0.5853196299146181,0.36242834949497316
AA2,0.46683260701588775,0.000294891499789602,0.48657279069759596,0.04629971078672657
AI2,0.2248599629844462,0.00045305484556663455,0.6385473459133898,0.1361396362565974
AE2,0,0.2518362134138126,0,0.7481637865861873
AO2,0,0.010950481492255366,0.48058562715266,0.5084638913550845
IA2,0.47854978174105606,0.0003314219808358527,0.4816891915803448,0.039429604697763146
II2,0.2679677630985958,0.00024778049859813545,0.6407227314879412,0.09106172491486499
IE2,0.395001895555422,0.05580517993511169,0.3366644795248881,0.21252844498457815
IO2,0.17807346731397544,0.002386031504758901,0.6314560133050876,0.18808448787617812
EA2,0,0.2518362134138126,0,0.7481637865861873
EI2,0,0.04690046408977896,0.3401301078193536,0.6129694280908674
EE2,0.3955200897356597,0.022654953377060607,0.4363957336359185,0.1454292232513611
EO2,0.06179056547106503,0.027015600418085386,0.526973288856727,0.3842205452541226
OA2,0.5231810978164693,0.0015748940628809319,0.43815286437987594,0.03709114374077388
OI2,0.28487989977230405,0.0008276256678196952,0.6322455442858662,0.08204693027401007
OE2,0.44342729772525297,0.0209769201446113,0.4170000307598471,0.1185957513702887
OO2,0.24701422409766385,0.003262228932871711,0.6334328703930596,0.11629067657640475
AA3,0.3852797364103879,0,0.5637297612350094,0.05099050235460272
AI3,0.4363184817310125,0,0.5270211167668029,0.03666040150218463
AE3,0.31558723186540666,0.09353911579151179,0.337041413552893,0.2538322387901885
AO3,0.5006171172655214,0.004277128059719228,0.45764851734992157,0.03745723732483766
IA3,0.2505440605392702,0,0.6329796112925894,0.11647632816814037
II3,0.33182418219424026,0.004368946843804672,0.5725970882437567,0.09120978271819834
IE3,0.32328843053416384,0.09795100431389066,0.33182126316411364,0.2469393019878318
IO3,0.4007372912084816,0.013275772814562763,0.5021191865801348,0.08386774939682079
EA3,0,0.07730037406713265,0.28162945848012544,0.6410701674527419
EI3,0,0.08761604465695105,0.273634085655319,0.63874986968773
EE3,0.3347499786767586,0.029869731537043354,0.4620557467593734,0.1733245430268247
EO3,0.17787624519114043,0.05421573593670121,0.4426673127887973,0.32524070608336114
OA3,0,0.004430224366268902,0.5032384503377714,0.4923313252959597
OI3,0.2219336474632033,0.020568720834816753,0.5158304645887254,0.24166716711325453
OE3,0.34776278447719167,0.08084615879122346,0.3641696623009963,0.20722139443058857
OO3,0.24727107459439002,0.05273815910622448,0.4717668217290204,0.2282239445703651
AA4,0.16108139743211217,0,0.6601486932561909,0.17876990931169714
AI4,0.2521908582313883,0.0007848895073281438,0.6075709012298762,0.13945335103140724
AE4,0,0.3120746689560599,0,0.6879253310439402
AO4,0.3078815149269724,0.01023281816978513,0.5369852749518293,0.144900391951413
IA4,0.24960040129584501,0,0.6393858851690447,0.11101371353511036
II4,0.3290666649735064,0.00042619419537709516,0.5821367483980341,0.08837039243308249
IE4,0.39371193020405915,0.06910372091307794,0.30813532146342787,0.22904902741943517
IO4,0.4021214406429334,0.007090714892921377,0.5095099010179766,0.08127794344616851
EA4,0,0.04472921069266818,0.2862132289938047,0.6690575603135271
EI4,0,0.046725904592579505,0.28043761833007885,0.6728364770773417
EE4,0.40065978597788293,0.024164968125288983,0.4154524241759224,0.1597228217209057
EO4,0.1820279147717301,0.040730604599877575,0.44456844702275844,0.33267303360563394
OA4,0.2869405035834781,0.0007744149997004742,0.60014389538275,0.11214118603407151
OI4,0.3838483226267815,0.0008085531239097937,0.5396753477808006,0.07566777646850811
OE4,0.4555414097758651,0.02213714562214076,0.39365140685038813,0.1286700377516061
OO4,0.4732887859577201,0.005271061780053834,0.4676400254244763,0.05380012683774991
