AA1,0.4848617426938899,0,0.5151382573061101,0
AI1,0.21361305317850215,0,0.6520798234071444,0.1343071234143534
AE1,0.07277457218743676,0.37599000294882406,0.122632886139235,0.42860253872450416
AO1,0.07201270672831502,0.2084303523212239,0.29912854022739194,0.42042840072306914
IA1,0.13108900184023756,0.30021599376804614,0.21476338995878513,0.35393161443293103
II1,0.0733054190980837,0.23967890876375164,0.258287077710667,0.42872859442749756
IE1,0.07562053524730268,0.3880613921834612,0.11723441357591471,0.4190836589933214
IO1,0.045483394159040076,0.21439540406326843,0.2740324150550605,0.466088786722631
EA1,0,0.5366053583243416,0,0.46339464167565847
EI1,0,0.3525238784127843,0.06943085911983671,0.5780452624673789
EE1,0.1127264739555839,0.2931153366409652,0.22095965657126113,0.3731985328321898
EO1,0.033438949539488144,0.2560367016906275,0.2048754867462619,0.5056488620236225
OA1,0.054868138894460156,0.4135108116620471,0.09452564824246201,0.43709540120103074
OI1,0.035008863235187634,0.2936212663836426,0.14671534219041948,0.5246545281907503
OE1,0.0951333782966886,0.34131409142060504,0.16606142395927262,0.3974911063234338
OO1,0.032219933378689516,0.22530912787824317,0.20998497317953171,0.5324859655635356
AA2,0.16115856227689032,0.23741801023662507,0.26366161496640667,0.3377618125200779
AI2,0.06816386819856537,0.23861284970375465,0.27990246305515964,0.4133208190425204
AE2,0,0.5115775503170635,0,0.4884224496829364
AO2,0,0.29801309643742857,0.16671998109851607,0.5352669224640554
IA2,0.21363750189860403,0.2231912223313911,0.2661978109240383,0.29697346484596654
II2,0.10980067112403978,0.18950256143753094,0.33230854786152125,0.36838821957690804
IE2,0.1466018558749605,0.32423674517333456,0.16816103523747358,0.3610003637142312
IO2,0.08179119504721157,0.17634583734118944,0.3439897424968793,0.3978732251147197
EA2,0,0.5115775503170635,0,0.4884224496829364
EI2,0,0.333552266142006,0.11602809721651489,0.5504196366414791
EE2,0.2018861717378611,0.22515801160424018,0.28301101908691373,0.28994479757098496
EO2,0.05512473979513458,0.22340244221527156,0.30079161299533014,0.4206812049942638
OA2,0.12341290284655013,0.3743761128680935,0.11346162215755387,0.3887493621278024
OI2,0.0720266010722267,0.22865901281738676,0.25092836670170965,0.4483860194086769
OE2,0.2260034101152912,0.2168062414960238,0.2830643512766726,0.2741259971120124
OO2,0.1014493138291492,0.1713047391516528,0.3521096728215931,0.3751362741976048
AA3,0.24190677813974487,0,0.5960538347844092,0.16203938707584592
AI3,0.2944820656419478,0,0.5801528727127481,0.12536506164530406
AE3,0.07823322658278067,0.40577941887349167,0.11028842645304997,0.40569892809067765
AO3,0.17254703355028608,0.2834207211098416,0.23489483020808757,0.30913741513178483
IA3,0.10351742356557053,0,0.554438366204654,0.34204421022977544
II3,0.09608042526642098,0.29439580489877826,0.23144959529081108,0.37807417454398967
IE3,0.08364266349627392,0.420250211140057,0.10430994797567925,0.3917971773879898
IO3,0.11954278403511312,0.3226223576414218,0.19150419208297936,0.36633066624048577
EA3,0,0.3736587051530307,0.06433762071992243,0.5620036741270468
EI3,0,0.38800582403720263,0.056820129694986427,0.5551740462678109
EE3,0.15272368719660043,0.2964164358204896,0.1916192271358974,0.3592406498470127
EO3,0.043753923980829286,0.38558128681569226,0.10198590711683149,0.468678882086647
OA3,0,0.26892514406467005,0.14334528838621502,0.5877295675491149
OI3,0.05136574845713315,0.33504200475486723,0.13342834349622382,0.48016390329177583
OE3,0.12037566190228502,0.35470689776202985,0.14709867150483893,0.3778187688308463
OO3,0.07859873335001344,0.368202951075198,0.12376751040253806,0.4294308051722505
AA4,0.04555506843611107,0,0.5585866430488339,0.395858288515055
AI4,0.07384956176070809,0.3057841804839903,0.228425978131917,0.39194027962338457
AE4,0,0.569556580817738,0,0.430443419182262
AO4,0.06354016793169785,0.3824071791735232,0.1546921713241051,0.3993604815706738
IA4,0.14149721899938414,0,0.5857370045008481,0.2727657764997678
II4,0.13349403229546838,0.23573756634750104,0.2692890445149185,0.361479356842112
IE4,0.1405369685155483,0.36978130381886415,0.1288364920031623,0.36084523566242527
IO4,0.17011694498046936,0.2767364295760354,0.21155107212097424,0.34159555332252106
EA4,0,0.3551151890157272,0.08353008198475409,0.5613547289995185
EI4,0,0.364498637456827,0.07427214783258869,0.5612292147105843
EE4,0.21226827706963247,0.25893394031972183,0.21458057387825358,0.31421720873239206
EO4,0.06537975103576343,0.3568632562916923,0.1257917906411532,0.45196520203139107
OA4,0.06224373157934049,0.2443558263541646,0.21508430819893815,0.47831613386755667
OI4,0.09725887463248274,0.25631494929924653,0.1943190024904492,0.45210717357782143
OE4,0.2388032303125825,0.24946256039943854,0.213821550980339,0.29791265830764
OO4,0.15877528922458312,0.2820090262159666,0.18443363485633307,0.37478204970311735
