AA1,0.5887079546447372,0,0.41129204535526287,0
AI1,0.35063815331139625,0,0.5957360994778047,0.0536257472107991
AE1,0.35666490376027665,0.007583426310641376,0.532241691809994,0.10350997811908788
AO1,0.3406517210124761,0.0002756370493228625,0.5795134418527006,0.07955920008550053
IA1,0.4036050031569947,0.039599309592863584,0.401698860478195,0.15509682677194692
II1,0.2460579622005037,0.005005478887874746,0.560759012018775,0.18817754689284646
IE1,0.3917903664938792,0.009630750056917088,0.5159459698140486,0.08263291363515521
IO1,0.2592303780873842,0.0006694265459751774,0.5959333988620168,0.14416679650462383
EA1,0,0.3260527305120771,0,0.6739472694879229
EI1,0,0.012937932995611181,0.3459516964140793,0.6411103705903095
EE1,0.3483228584142846,0.002259440045844319,0.5772990802391005,0.07211862130077061
EO1,0.1693182967554287,0.001997045205306289,0.575912061155691,0.252772596883574
OA1,0.31604472751178764,0.07606824912969246,0.343622167517961,0.2642648558405589
OI1,0.1506660797519619,0.0076064755433560465,0.5040029011003705,0.33772454360431176
OE1,0.3837046285612705,0.0032652897688828656,0.5432631677324797,0.06976691393736688
OO1,0.19402768823059233,0.0012565470808556507,0.5777600897306623,0.22695567495788976
AA2,0.44551199773936956,0.01730484785984103,0.42165536072841103,0.11552779367237835
AI2,0.2021911574863745,0.02177906603140767,0.5388952044782755,0.23713457200394236
AE2,0,0.2747250594234093,0,0.7252749405765908
AO2,0,0.04187157443187324,0.318332406116721,0.6397960194514059
IA2,0.4628735888799839,0.0169926192111491,0.4176458530164198,0.10248793889244723
II2,0.28018057244619077,0.0022924169409313656,0.5907048824323203,0.12682212818055763
IE2,0.47317607640483356,0.004948691223380336,0.46990362837210087,0.05197160399968513
IO2,0.29927291204389356,0.00030073600854293764,0.6052446662068927,0.09518168574067082
EA2,0,0.2747250594234093,0,0.7252749405765908
EI2,0,0.009992627184866707,0.49292071220803185,0.49708666060710144
EE2,0.4260556349923858,0.0012235671849508128,0.5273245222433668,0.04539627557929643
EO2,0.1946515823534354,0.0012977048602803817,0.6291887338591899,0.17486197892709424
OA2,0.458233387678139,0.04385027246322745,0.3524301259705928,0.1454862138880407
OI2,0.22168313093934247,0.003082700300247657,0.6151412084781523,0.1600929602822576
OE2,0.45022494904621413,0.001148363855923672,0.5090834334903801,0.0395432536074823
OO2,0.28476610344662556,0.0004891991976289423,0.6192143796185069,0.0955303177372386
AA3,0.38962338975666666,0,0.5534969030114433,0.05687970723188996
AI3,0.4262296113723423,0,0.5284680596614193,0.045302328966238474
AE3,0.4015493274721787,0.03749929809318612,0.4731833659469567,0.08776800848767856
AO3,0.45331567174779197,0.011039464197173035,0.48302257752563893,0.052622286529395955
IA3,0.25399844384683307,0,0.5773956905601746,0.1686058655929923
II3,0.2960943040806777,0.06472658678521379,0.47232690109347286,0.16685220804063555
IE3,0.4341371907434422,0.06862570666908349,0.43064640564029866,0.06659069694717566
IO3,0.3664578502245942,0.059959475305792494,0.4579668466848845,0.11561582778472877
EA3,0,0.0409296222992873,0.37087282885164596,0.5881975488490667
EI3,0,0.0715494880269298,0.34382866604327394,0.5846218459297962
EE3,0.4165959401593038,0.005316199424166595,0.5160498519114979,0.06203800850503171
EO3,0.27353369080981066,0.043567156980016154,0.5023533949519169,0.18054575725825625
OA3,0,0.01068464098838537,0.41147196250616164,0.577843396505453
OI3,0.1978228348078043,0.05468990169233539,0.44129327126607515,0.3061939922337852
OE3,0.45089688178030246,0.02115460927550139,0.4700121006992693,0.05793640824492679
OO3,0.31012545684381876,0.06420315864355124,0.45090771171443794,0.17476367279819205
AA4,0.11575597582456172,0,0.6027219804934154,0.2815220436820229
AI4,0.22610540120814732,0.046486547586990674,0.4858091268478437,0.24159892435701835
AE4,0,0.4023796436875341,0,0.5976203563124658
AO4,0.21457077621866408,0.0844481426793747,0.39873748538782,0.30224359571414117
IA4,0.2837895452395654,0,0.5926333225306467,0.12357713222978788
II4,0.35070829344970944,0.004167816432679934,0.5160487218531741,0.12907516826443646
IE4,0.5272595244027203,0.00785465731568687,0.41324245984524466,0.051643358436348485
IO4,0.42760142803683676,0.00494182791112871,0.47955453617326754,0.087902207878767
EA4,0,0.011588757900583738,0.44471785082397775,0.5436933912754385
EI4,0,0.013913251738122103,0.426469989769181,0.559616758492697
EE4,0.4840603965530939,0.0015287619113902938,0.46851429014051016,0.04589655139500574
EO4,0.3192189343259155,0.012049390566433336,0.5290371507681652,0.13969452433948595
OA4,0.22150438926984412,0.0032138086363137975,0.5731828031072185,0.20209899898662362
OI4,0.29360902353353624,0.004274537768883874,0.5359156196403938,0.16620081905718614
OE4,0.5128209235951626,0.0014130700311675982,0.44645720438785463,0.03930880198581519
OO4,0.41931327821213954,0.004341643499708748,0.49546102602706305,0.08088405226108862
