AA1,0.5706379985636506,0,0.42936200143634945,0
AI1,0.3958444702394918,0,0.5471186268939546,0.05703690286655344
AE1,0.2971160707436609,0.07409150259064082,0.3721009959392529,0.2566914307264453
AO1,0.24759704289215514,0.0068398325878573675,0.573497167113189,0.17206595740679836
IA1,0.450164190693729,0.004616227493960687,0.47338126076588083,0.0718383210464295
II1,0.30501450057576845,0.0029535626737501614,0.5570141361719465,0.135017800578535
IE1,0.3023352935384817,0.07589372320244496,0.3689663324003016,0.25280465085877174
IO1,0.19594781209841022,0.008485564965411153,0.566791530573178,0.22877509236300056
EA1,0,0.2736977768906234,0,0.7263022231093765
EI1,0,0.06340709823764182,0.3833125803232083,0.55328032143915
EE1,0.2954727125427279,0.03377179922528086,0.4712116498719584,0.19954383836003284
EO1,0.09650442150272553,0.033362190122518474,0.47141410872037753,0.3987192796543785
OA1,0.2435505155558209,0.019398275256450277,0.5037486692468706,0.2333025399408583
OI1,0.14619263687496822,0.013412250298788644,0.5540130137808518,0.2863820990453914
OE1,0.311649729393667,0.07032707864489716,0.3853018626751948,0.23272132928624104
OO1,0.09014672874357615,0.012235743514671304,0.5485134762898131,0.34910405145193957
AA2,0.435630217325064,0.0034155601105030835,0.4902077106694841,0.07074651189494871
AI2,0.27148325485015506,0.004353430547722877,0.5685928665107621,0.15557044809135984
AE2,0,0.2465935461127025,0,0.7534064538872974
AO2,0,0.01567650095550745,0.5435845677899674,0.4407389312545252
IA2,0.45167955579255276,0.003542116514085628,0.48304281163037804,0.06173551606298352
II2,0.3090605624209418,0.0026400495542296025,0.5654900771622876,0.12280931086254086
IE2,0.33829201977237533,0.06716971095504355,0.36380687354486047,0.23073139572772058
IO2,0.2076653019244335,0.007990760311607264,0.5710153527191096,0.21332858504484967
EA2,0,0.2465935461127025,0,0.7534064538872974
EI2,0,0.06149692616709544,0.4202356581691156,0.5182674156637889
EE2,0.32838009318283906,0.030142343490743757,0.45830750697258554,0.18317005635383163
EO2,0.10610183069253264,0.03157063463497785,0.4864949556120524,0.37583257906043704
OA2,0.46833583453686795,0.009335695171305457,0.4570231539574107,0.06530531633441584
OI2,0.31693754433752447,0.004423037844962274,0.5562703918007548,0.1223690260167583
OE2,0.3669999154941093,0.02816833868913356,0.44846581076556574,0.15636593505119145
OO2,0.2715703392325608,0.00624807877417467,0.5592379376417994,0.16294364435146522
AA3,0.39914688252916175,0,0.5335969524215238,0.06725616504931439
AI3,0.43970523070171935,0,0.5082426398630048,0.05205212943527602
AE3,0.30154206900297625,0.09692358012428516,0.34873987713883653,0.25279447373390207
AO3,0.4632694294213374,0.006884109791099264,0.4750452137181173,0.054801247069446064
IA3,0.2890233591014845,0,0.5629513193866674,0.148025321511848
II3,0.3437680907329747,0.0057249676603497186,0.5205795573669052,0.12992738423977035
IE3,0.30693084218028793,0.10050813243855801,0.3442671841599774,0.24829384122117676
IO3,0.37214960210633025,0.015600490865034972,0.48472889832733684,0.12752100870129798
EA3,0,0.07197318147542141,0.37173159042032416,0.5562952281042545
EI3,0,0.07631622716465616,0.36613060442911516,0.5575531684062287
EE3,0.3067254054943084,0.03750788711337276,0.45472659195990556,0.20104011543241343
EO3,0.19240727429270954,0.062407367331605,0.4105628050146714,0.33462255336101404
OA3,0,0.00863317337465594,0.5530896119020934,0.43827721472325065
OI3,0.18686470136352365,0.02014996927467487,0.5088897979862446,0.2840955313755569
OE3,0.31783359313550574,0.09246572293250427,0.3610171652802044,0.2286835186517855
OO3,0.2286893084309611,0.0329699324083865,0.48017702465784684,0.2581637345028056
AA4,0.21925830853232967,0,0.5942112241500151,0.18653046731765516
AI4,0.2919629255767393,0.006505053027992312,0.5431711471242662,0.15836087427100223
AE4,0,0.29269050704841587,0,0.7073094929515841
AO4,0.314691857175616,0.016357076191834553,0.5014139588333135,0.167537107799236
IA4,0.2871975261678041,0,0.5727031736863224,0.1400993001458734
II4,0.3406655633550177,0.0036947246343871755,0.5328438903832552,0.12279582162733987
IE4,0.33215459847981516,0.08222732855717654,0.34166358108736844,0.24395449187563994
IO4,0.37105123251548744,0.012030345631229135,0.49677684465664357,0.12014157719663983
EA4,0,0.060431345702448624,0.3787274949819947,0.5608411593155567
EI4,0,0.06211288762318744,0.3741494874762303,0.5637376249005822
EE4,0.3291837718006215,0.0329326101979277,0.44187448037772475,0.19600913762372588
EO4,0.19433640978600236,0.05334424674862651,0.4200932579727308,0.33222608549264027
OA4,0.30066877842305717,0.003825583185593246,0.5451265399423426,0.1503790984490069
OI4,0.3586243588403983,0.004461568150273403,0.5141654944424553,0.12274857856687303
OE4,0.37593535013665885,0.030350562317515567,0.42830899778993153,0.16540508975589419
OO4,0.40345862522463805,0.009029682222376522,0.4862725491952005,0.10123914335778486
