AA1,0.4821019508894272,0,0.5178980491105728,0
AI1,0.16151786731135062,0,0.6988071643781881,0.1396749683104612
AE1,0.06348292060362308,0.3624763301248995,0.17135430183562764,0.40268644743584975
AO1,0.06350476511207319,0.1893455168480976,0.3584591905700408,0.3886905274697885
IA1,0.14065802461574825,0.26567590300902766,0.228835223157805,0.36483084921741915
II1,0.06430372927143979,0.19756199492954313,0.2939688881522548,0.4441653876467624
IE1,0.06930737480497681,0.3785764509826462,0.16075531905015136,0.3913608551622257
IO1,0.03169804851561728,0.18919203747148855,0.30897746874431287,0.47013244526858133
EA1,0,0.5209642894279966,0,0.47903571057200356
EI1,0,0.282691373408587,0.08359392528439173,0.6337147013070213
EE1,0.0871060960480316,0.28896957519739713,0.2444346927874935,0.37948963596707774
EO1,0.025853758930609292,0.23328109385721463,0.20289237699004137,0.5379727702221347
OA1,0.05576610016303353,0.38409484326606436,0.11107979255819458,0.4490592640127075
OI1,0.025422080703993603,0.2344956448211828,0.18090206182106966,0.559180212653754
OE1,0.08189504063113354,0.33173803344166736,0.20156109972924702,0.384805826197952
OO1,0.02528881283232452,0.20162818595578447,0.23089227862487524,0.5421907225870157
AA2,0.1644839351968209,0.206770485097551,0.29461236668530233,0.33413321302032584
AI2,0.043352108452486694,0.21150290693440904,0.31834330563051483,0.4268016789825895
AE2,0,0.4915666726106431,0,0.508433327389357
AO2,0,0.2513750146710743,0.1827537120780126,0.565871273250913
IA2,0.23972910773648623,0.18837322026884668,0.2817116323639594,0.2901860396307076
II2,0.09665228443502868,0.15644744971356167,0.38333097625179596,0.3635692895996137
IE2,0.1517747996476393,0.309216716729632,0.21009409455506986,0.32891438906765874
IO2,0.0537257472299757,0.1608442900253857,0.38675445794671526,0.3986755047979234
EA2,0,0.4915666726106431,0,0.508433327389357
EI2,0,0.2748634123860325,0.142623883191054,0.5825127044229136
EE2,0.16990151385786786,0.22009714378875522,0.31833550208458167,0.29166584026879533
EO2,0.04474869955101925,0.20494063326318834,0.31156709572453295,0.4387435714612593
OA2,0.15026951789506798,0.34628068801496587,0.12393008207084501,0.3795197120191212
OI2,0.06110383066864514,0.19293976733684262,0.2989779067672913,0.446978495227221
OE2,0.20161764012649905,0.21221184843500043,0.31068579028238863,0.275484721156112
OO2,0.06618593820120049,0.15770026210929955,0.38271401153043666,0.39339978815906335
AA3,0.20914493165925,0,0.618176656525321,0.17267841181542892
AI3,0.2652310248960814,0,0.6084913021334164,0.12627767297050216
AE3,0.07619892608576921,0.3928714177391981,0.15625123466928714,0.3746784215057456
AO3,0.17365428252380563,0.26627113706028377,0.268266557449024,0.2918080229668865
IA3,0.08903707721620925,0,0.5543476627764053,0.3566152600073855
II3,0.09854415100427731,0.2722730258657848,0.25481757940584177,0.3743652437240961
IE3,0.08711606736583742,0.4174904711018256,0.1420307712036717,0.35336269032866535
IO3,0.1079330304679816,0.3283368307329566,0.1960037419432303,0.36772639685583147
EA3,0,0.30790245883407097,0.08613370510181874,0.6059638360641102
EI3,0,0.3366896342985927,0.07215220081242144,0.5911581648889859
EE3,0.1326457318808073,0.29287034040577975,0.21761720010106667,0.3568667276123462
EO3,0.04359272002371955,0.35377418864851645,0.1219210413420713,0.4807120499856927
OA3,0,0.21083116474968816,0.16753512231381754,0.6216337129364944
OI3,0.05488502543790066,0.2826327046726534,0.15940714102172843,0.5030751288677175
OE3,0.11619565617593228,0.3474949113884429,0.18117724591967374,0.3551321865159511
OO3,0.06493824781217623,0.348836906943213,0.14423804538881754,0.4419867998557932
AA4,0.02953650412977675,0,0.5766610277775308,0.39380246809269254
AI4,0.058766045328743376,0.27569747811350337,0.25803577277309664,0.4075007037846566
AE4,0,0.5725179235369606,0,0.4274820764630394
AO4,0.03732617554818964,0.3765853835777262,0.1528270206162478,0.43326142025783626
IA4,0.13864180338297874,0,0.5877979829445741,0.27356021367244726
II4,0.1391574864113928,0.18997682177655578,0.31005198467497525,0.3608137071370761
IE4,0.15462269200101192,0.3523643370697759,0.16708412833052,0.32592884259869215
IO4,0.162685500242246,0.2590449801904437,0.2266211291508396,0.3516483904164707
EA4,0,0.2918721388661489,0.1152611259686052,0.5928667351652459
EI4,0,0.3053716598977123,0.09873692087872421,0.5958914192235635
EE4,0.1921522305708551,0.2549374970818676,0.2384623999867858,0.3144478723604915
EO4,0.06329826508984708,0.3187928570311066,0.15326296847867568,0.4646459094003707
OA4,0.05455746309972582,0.19884173831323126,0.2636878601182258,0.48291293846881705
OI4,0.1012058076375889,0.2144323161667614,0.23193060082025108,0.4524312753753987
OE4,0.2265467002270882,0.24544849832100954,0.23112329987734354,0.29688150157455867
OO4,0.14701122603005884,0.2465526312382837,0.2202372615118091,0.3861988812198483
