AA1,0.39340979266999027,0,0.6065902073300097,0
AI1,0.16237497027802617,0,0.5007748753511502,0.3368501543708238
AE1,0.06611215975461944,0.30817373462921754,0.1780714685444136,0.44764263707174956
AO1,0.06404080026357313,0.20861995515100915,0.3075168028378801,0.41982244174753774
IA1,0.14619687925832983,0.2292421489058492,0.27789619169538277,0.3466647801404381
II1,0.09289851548811627,0.18251283930117734,0.3183758081938709,0.40621283701683547
IE1,0.07155028311260586,0.31607834734945484,0.1701588091734787,0.44221256036446066
IO1,0.052312250591436564,0.21756774003609,0.2905774345582332,0.4395425748142403
EA1,0,0.4513733041796435,0,0.5486266958203565
EI1,0,0.23902052802478957,0.24045816384533436,0.5205213081298761
EE1,0.09658998502553177,0.20829414076724878,0.28937241324916757,0.40574346095805186
EO1,0.04238804001004126,0.19805658779249924,0.28537428437051815,0.4741810878269414
OA1,0.08840938285396933,0.2857002363857157,0.2099184803237798,0.41597190043653515
OI1,0.055649961610250195,0.20897338258800338,0.2904898411522873,0.4448868146494591
OE1,0.08779574302584658,0.26410933508711243,0.23441903681918308,0.4136758850678579
OO1,0.036380984194610624,0.21295627883834276,0.28748117541473556,0.46318156155231105
AA2,0.1580388893102879,0.2000664611139488,0.30626500063153506,0.3356296489442283
AI2,0.08468672478667665,0.18852402682264385,0.3154074446358811,0.41138180375479827
AE2,0,0.43482138556414046,0,0.5651786144358596
AO2,0,0.2671626052755747,0.23867539920786146,0.49416199551656387
IA2,0.1713542682394714,0.19677925964494875,0.3097830634777197,0.32208340863786017
II2,0.10697285768742892,0.15650020726487168,0.3609402047202521,0.37558673032744727
IE2,0.10486052278741669,0.27923298015982373,0.20673961290515414,0.4091668841476054
IO2,0.07346318568255766,0.19045305401407564,0.3323610682007897,0.403722692102577
EA2,0,0.43482138556414046,0,0.5651786144358596
EI2,0,0.21662513551234663,0.2936678726751528,0.4897069918125005
EE2,0.1315124658431686,0.1775932308350149,0.33071141289728057,0.3601828904245359
EO2,0.057055171340066026,0.17474711330589102,0.3371362261407559,0.4310614892132871
OA2,0.1423142192151549,0.2688570288061302,0.21040029847605246,0.37842845350266247
OI2,0.08906651289044894,0.1423271900103522,0.3776634718385933,0.3909428252606056
OE2,0.14616036217438827,0.17415119034992213,0.3335528176092376,0.3461356298664521
OO2,0.09481762337147381,0.14833250064630213,0.37079727203921464,0.3860526039430095
AA3,0.15959678521828907,0,0.47467830457069293,0.3657249102110179
AI3,0.1917759422377516,0,0.47825301103607665,0.3299710467261718
AE3,0.07328618653766142,0.3484083847130144,0.15857215457142726,0.4197332741778969
AO3,0.12266780916251163,0.27731464860696314,0.23711616211461398,0.36290138011591144
IA3,0.11084846355180625,0,0.46327055153172964,0.42588098491646403
II3,0.10574157762114694,0.21778637545425533,0.2963225015315624,0.3801495453930354
IE3,0.0802066916844053,0.35674389230044995,0.15071195644800184,0.4123374595671429
IO3,0.11114981063811806,0.27702530575391243,0.23967678561893443,0.37214809798903503
EA3,0,0.26634836495415287,0.22496310814003642,0.5086885269058108
EI3,0,0.2703837881851113,0.2213065289070337,0.508309682907855
EE3,0.11410610757776453,0.2315699361300676,0.26500512340199045,0.38931883289017744
EO3,0.07657899315142812,0.2488780834052627,0.2422687033099343,0.4322742201333748
OA3,0,0.2069598815491173,0.29993390058934194,0.4931062178615408
OI3,0.06508227273367259,0.243932008289306,0.2697122267329902,0.4212734922440311
OE3,0.10247944537304263,0.29790521405606735,0.21075118103520657,0.3888641595356836
OO3,0.08775969132912818,0.2783204550221337,0.23545048606451083,0.3984693675842272
AA4,0.060936375101053986,0,0.4856598516063895,0.45340377329255643
AI4,0.08602385552211446,0.23931105186308832,0.2767100805710512,0.39795501204374606
AE4,0,0.49399557330181104,0,0.5060044266981889
AO4,0.07589565587065195,0.3268294714992645,0.18958427779076462,0.4076905948393189
IA4,0.12168504760136596,0,0.47919746255050377,0.3991174898481303
II4,0.11353492462518032,0.1997151540675239,0.31439991950032503,0.3723500018069707
IE4,0.10158856630653565,0.3359061881803639,0.16368614530156228,0.39881910021153816
IO4,0.12449024761918324,0.25848649965173376,0.25433302287135845,0.3626902298577246
EA4,0,0.25547431653578623,0.24576189531351414,0.4987637881506997
EI4,0,0.25908637048246574,0.24195142887861973,0.49896220063891444
EE4,0.13631237719389894,0.2147996803724246,0.27795633417793464,0.3709316082557419
EO4,0.08992845914177898,0.23373095581571485,0.25893637345762544,0.41740421158488084
OA4,0.07291840460388943,0.16866233951364024,0.3355790556830054,0.4228402001994649
OI4,0.09909828314528178,0.17409678781464175,0.32617430825728627,0.4006306207827902
OE4,0.15249242433194868,0.21052911434258678,0.28041150936908915,0.3565669519563754
OO4,0.14250024587988303,0.19742121310282013,0.2965666330673926,0.3635119079499042
