AA1,0.46500261882072963,0,0.5349973811792703,0
AI1,0.15488123164666892,0,0.6510507154867612,0.19406805286656995
AE1,0.091653815507832,0.23351615820600405,0.25023794474578337,0.4245920815403805
AO1,0.08955283960077585,0.0701505763952977,0.46044873027573097,0.3798478537281955
IA1,0.12116722565367365,0.15906032548181837,0.3465605198128704,0.3732119290516376
II1,0.055545227765595874,0.08524495221594704,0.4147384013930513,0.4444714186254058
IE1,0.10437295292549076,0.2668692824370222,0.2283324182316336,0.40042534640585326
IO1,0.049706698043400534,0.0908147579671851,0.4001343661647907,0.4593441778246238
EA1,0,0.5281035036320756,0,0.47189649636792436
EI1,0,0.23774610333871574,0.16137931174609568,0.6008745849151886
EE1,0.11047059571718287,0.17513130736111496,0.3279464477391368,0.38645164918256536
EO1,0.02962807711700857,0.14815433945327663,0.2963453567389844,0.5258722266907304
OA1,0.06263359397417556,0.27304158282279783,0.2151420447702109,0.4491827784328156
OI1,0.027339013754717634,0.1479393335367406,0.30570535095733575,0.519016301751206
OE1,0.11343192560229709,0.22799826546225344,0.2695653580491622,0.3890044508862871
OO1,0.03336958533878652,0.11662422835209259,0.3476537396530336,0.5023524466560872
AA2,0.14814098460829983,0.1144253961881956,0.3980957225940128,0.33933789660949165
AI2,0.047417305685158465,0.11058348007373162,0.40095530314225536,0.44104391109885466
AE2,0,0.49282096187244,0,0.5071790381275599
AO2,0,0.18163296651350108,0.2663878735848649,0.551979159901634
IA2,0.19680668002134383,0.10843632308519822,0.40112197815440115,0.29363501873905673
II2,0.08943253245384218,0.05981136399756648,0.4944607375098714,0.35629536603872
IE2,0.2136570459022992,0.19176868672824657,0.2709572397741066,0.3236170275953476
IO2,0.08364943427849943,0.06582757995372496,0.4793051602695057,0.37121782549826987
EA2,0,0.49282096187244,0,0.5071790381275599
EI2,0,0.20596848278269234,0.2280670128835801,0.5659645043337276
EE2,0.21523625219685522,0.120649419775768,0.3682624312804073,0.29585189674696943
EO2,0.04833080545060838,0.11742447684344857,0.38329814062219697,0.45094657708374614
OA2,0.16597275648056614,0.2313340142668115,0.2500983642869694,0.35259486496565307
OI2,0.0718980167692914,0.0947104627332456,0.4339155866175429,0.3994759338799202
OE2,0.24606623208448336,0.11612898169128874,0.36710476057247743,0.2707000256517505
OO2,0.09255464395676427,0.06672521696495817,0.4788019705658407,0.36191816851243686
AA3,0.18533869014312412,0,0.591441462150184,0.22321984770669204
AI3,0.24547953162930453,0,0.5779141522200599,0.17660631615063543
AE3,0.11795668283410832,0.2824002378018544,0.21799052964802357,0.38165254971601376
AO3,0.21491878826488467,0.12126099987933368,0.3849064363186214,0.27891377553716024
IA3,0.05368440807854074,0,0.5671605027081653,0.37915508921329394
II3,0.08640166777871801,0.11756841536181183,0.3802464991897945,0.41578341766967575
IE3,0.13760903711957612,0.31891385261164745,0.1935575879123077,0.3499195223564687
IO3,0.10507134648012842,0.18571311460634732,0.3108090197913756,0.3984065191221486
EA3,0,0.2661838780027333,0.16559508451616875,0.568221037481098
EI3,0,0.29851544975832217,0.14459674774840178,0.5568878024932761
EE3,0.15367309346033486,0.2053121865847066,0.28908663489853703,0.3519280850564215
EO3,0.04691568492505568,0.2887719085412925,0.19183873021944045,0.47247367631421144
OA3,0,0.12378621636647602,0.3055262312949004,0.5706875523386237
OI3,0.04388672916019665,0.19299104368709258,0.2794190075846015,0.4837032195681093
OE3,0.15527606143357814,0.2705432327258083,0.23095997182039896,0.3432207340202146
OO3,0.07597331119677155,0.22572660413119638,0.2647595356038802,0.4335405490681519
AA4,0.01660196556375583,0,0.5918200483132435,0.3915779861230006
AI4,0.0606703755919075,0.1512559779682971,0.34408272082690683,0.4439909256128885
AE4,0,0.5672831386547803,0,0.43271686134521975
AO4,0.05418283457360916,0.24692542600458622,0.245551214057113,0.45334052536469166
IA4,0.07614348188652019,0,0.608006424755526,0.3158500933579538
II4,0.12117494720104355,0.08239245442904233,0.42613765443987245,0.37029494393004164
IE4,0.23595816715346263,0.23738060163322292,0.21519270377500332,0.31146852743831116
IO4,0.1556011791527702,0.13650519465303335,0.3497795950530247,0.35811403114117174
EA4,0,0.22962179785078135,0.20819062807197553,0.5621875740772432
EI4,0,0.25640888753854024,0.18401749488268318,0.5595736175787765
EE4,0.2485936625779953,0.1521829452850346,0.30263815567458413,0.29658523646238594
EO4,0.07240832890830756,0.24124206566027148,0.23166313944937222,0.45468646598204876
OA4,0.05210517131731066,0.09174055713044392,0.40692829117724066,0.44922598037500466
OI4,0.10257362710466476,0.12278794433053833,0.36781636750792773,0.4068220610568692
OE4,0.2858256773168148,0.1454040224403538,0.29922289304547106,0.2695474071973603
OO4,0.17090163170637246,0.14023990848008303,0.3390790558887235,0.3497794039248209
