AA1,0.3908162840022685,0,0.6091837159977315,0
AI1,0.175341779143971,0,0.5273686301953796,0.29728959066064947
AE1,0.10522338616575799,0.2271792053532462,0.27087067445340873,0.396726734027587
AO1,0.10713938170904576,0.11818514436316405,0.39298858605097864,0.3816868878768116
IA1,0.12642923792579652,0.17660617013040947,0.32231330295544613,0.3746512889883478
II1,0.08688590355311698,0.12779305237019964,0.36805504810722056,0.41726599596946284
IE1,0.11450681928312456,0.24189371831420572,0.2584626258650171,0.38513683653765257
IO1,0.07497446174200419,0.13537890558940438,0.3618651880575495,0.42778144461104184
EA1,0,0.44283925650654177,0,0.5571607434934582
EI1,0,0.24545478029565695,0.23119966536616848,0.5233455543381745
EE1,0.11959651904375322,0.19271377265434442,0.3121426870380852,0.37554702126381717
EO1,0.05192173165509023,0.18099157877171318,0.30222915409239604,0.46485753548080055
OA1,0.08329714418449684,0.24649924201639553,0.24261157878724546,0.4275920350118622
OI1,0.054944521202820666,0.17850157618925172,0.31126389534816934,0.4552900072597584
OE1,0.12192632543029033,0.2236804850271026,0.280096627773826,0.3742965617687811
OO1,0.05542828575786474,0.16010766707017038,0.33133890854435344,0.4531251386276114
AA2,0.1421424552691082,0.14337210168665424,0.36192268801644906,0.3525627550277885
AI2,0.08277712505081622,0.14279046536669068,0.365121166191109,0.409311243391384
AE2,0,0.42317121902059773,0,0.5768287809794023
AO2,0,0.19695429351548177,0.31195025393195747,0.4910954525525607
IA2,0.16797557245138017,0.14072504852383114,0.3639978303737687,0.32730154865101985
II2,0.11464595472197046,0.10287739402084424,0.41825373943192656,0.3642229118252586
IE2,0.16620120624484813,0.19897899972177555,0.2962253300795217,0.3385944639538546
IO2,0.1030467212973248,0.11117218878361526,0.41161608450307124,0.3741650054159887
EA2,0,0.42317121902059773,0,0.5768287809794023
EI2,0,0.21848440973210598,0.28793830173353235,0.49357728853436167
EE2,0.16942544005779941,0.15577862943111528,0.35020685798679696,0.32458907252428826
EO2,0.0709315266978971,0.15413910807014516,0.35734228657123956,0.41758707866071826
OA2,0.14976018508380007,0.21370918084181711,0.27495039508636687,0.3615802389880159
OI2,0.09916265023500923,0.1331933783753183,0.38453891747130614,0.38310505391836636
OE2,0.1840793191766451,0.1541503389843439,0.351595744544026,0.310174597294985
OO2,0.11110691340695913,0.1135953915377556,0.40637165902111594,0.3689260360341694
AA3,0.18189948494208902,0,0.4990303273366932,0.3190701877212178
AI3,0.21082682558798377,0,0.5026231180861059,0.2865500563259103
AE3,0.11994338352523227,0.25455183371226325,0.25065750476341525,0.3748472779990893
AO3,0.1705703878852235,0.16102465771990276,0.350775133664202,0.31762982073067175
IA3,0.09373872962823603,0,0.4797528993624991,0.4265083710092648
II3,0.1026244916954995,0.14980311988269424,0.3474506792889096,0.40012170913289663
IE3,0.1307200676422076,0.27010193910833935,0.2375628028352333,0.36161519041421986
IO3,0.11393734880802688,0.19630955246051893,0.30675386636936713,0.38299923236208705
EA3,0,0.2634152739940588,0.230753516000415,0.5058312100055261
EI3,0,0.27827983925672894,0.21696992138886426,0.5047502393544065
EE3,0.1383249875095765,0.2137741619156436,0.2907719733516727,0.35712887722310727
EO3,0.07187406593219355,0.25836800994025066,0.23598081772729934,0.4337771064002564
OA3,0,0.1738989739152011,0.3247160737953646,0.5013849522894341
OI3,0.06517359023284759,0.2050487575952472,0.2930903971401944,0.43668725503171074
OE3,0.13990555644302563,0.24961177533610276,0.2583368726634447,0.3521457955574269
OO3,0.08973854713136385,0.22434042187608147,0.27692827393880237,0.4089927570537522
AA4,0.04840578194745714,0,0.5143848585157834,0.43720935953675943
AI4,0.08850290660246768,0.1747745882125868,0.3281759048319563,0.4085466003529893
AE4,0,0.4719937081731763,0,0.5280062918268236
AO4,0.08429103608220684,0.2288965802686511,0.27376825775975944,0.4130441258893825
IA4,0.112700982339842,0,0.5058467741787102,0.3814522434814478
II4,0.12672878349948186,0.12580048933500465,0.37746626216182116,0.3700044650036924
IE4,0.17454936008201366,0.2338915304082851,0.25725100587625854,0.3343081036334427
IO4,0.1438156936721204,0.16820364965716197,0.3330150320932024,0.35496562457751524
EA4,0,0.24218497087375254,0.26604991880414397,0.4917651103221034
EI4,0,0.2560505177111496,0.25114056205073704,0.49280892023811323
EE4,0.18082428459211186,0.18355981365089527,0.309735294540484,0.32588060721650886
EO4,0.09224230784335397,0.2310359201755449,0.2643682279636853,0.41235354401741586
OA4,0.079586767911379,0.13938152961320419,0.3684043678110706,0.41262733466434626
OI4,0.10972391556778248,0.15862011191496164,0.344189592987413,0.387466379529843
OE4,0.19757368102718073,0.18127553769471508,0.3103262536406499,0.3108245276374544
OO4,0.1474280865294081,0.1717672926284595,0.32558990011844136,0.355214720723691
