AA1,0.4714727642349668,0,0.5285272357650332,0
AI1,0.3556033874938497,0,0.5195996553430884,0.1247969571630618
AE1,0.32011448679650323,0.039997807220870985,0.41805325598780957,0.22183444999481614
AO1,0.29009569670416385,0.011179066657446536,0.5202761477700938,0.17844908886829566
IA1,0.3690113242162297,0.01547482961077714,0.4813052347292598,0.13420861144373342
II1,0.29540855659026255,0.011616186590253475,0.4886723857964636,0.20430287102302033
IE1,0.32450532015478506,0.04055514547198031,0.4157980347428322,0.21914149963040255
IO1,0.251640273975777,0.011981606675964979,0.5047730881389105,0.23160503120934745
EA1,0,0.20594049835820574,0,0.7940595016417943
EI1,0,0.04521295763230331,0.4947734972177222,0.4600135451499745
EE1,0.310762864255794,0.023394036506244956,0.46749128043042654,0.1983518188075344
EO1,0.1605309108039033,0.023807509836919045,0.4820969839954407,0.33356459536373684
OA1,0.20988347614946298,0.02890110987042056,0.5019877266115309,0.2592276873685857
OI1,0.18006752650828273,0.02193541444164164,0.5128573544912685,0.2851397045588072
OE1,0.327225901169541,0.03707697757344301,0.4301099582594023,0.20558716299761387
OO1,0.154361823080051,0.01604708763875594,0.5294223028048595,0.30016878647633366
AA2,0.3694708130296237,0.01073222639203049,0.5016755002814414,0.11812146029690453
AI2,0.28322607703013075,0.010957104069722008,0.5039162291609226,0.20190058973922473
AE2,0,0.18629249403025924,0,0.8137075059697407
AO2,0,0.028678309918216315,0.6006605372870788,0.37066115279470485
IA2,0.3738074734949132,0.011108094770663273,0.5010074415734649,0.11407699016095865
II2,0.30465975885785335,0.008619797484847784,0.5031499200520655,0.1835705236052334
IE2,0.342151424854732,0.036657933496465483,0.4200732238380219,0.20111741781078066
IO2,0.2649980448448433,0.0108536037325172,0.5153809253062067,0.20876742611643292
EA2,0,0.18629249403025924,0,0.8137075059697407
EI2,0,0.040823709393247753,0.5360375367299075,0.4231387538768447
EE2,0.32754408796868795,0.021108690350593175,0.46858184854389034,0.1827653731368287
EO2,0.17743073835378625,0.022236458699385873,0.4995650441742226,0.30076775877260536
OA2,0.3815615450615532,0.01800875892385393,0.48805933700436693,0.11237035901022609
OI2,0.30978516443788273,0.008545371164953247,0.5017348778389605,0.17993458655820352
OE2,0.3441848128037873,0.020291356783761354,0.46532987684202687,0.1701939535704245
OO2,0.29248081508153784,0.009136530873213117,0.5073003579269381,0.19108229611831093
AA3,0.3612980371475292,0,0.5102026899657784,0.12849927288669227
AI3,0.3765008285228016,0,0.5061631578050033,0.1173360136721952
AE3,0.3352441503727234,0.04847502394051236,0.4034232671284178,0.21285755855834643
AO3,0.38235038432685814,0.011916826309153361,0.48785843001233015,0.11787435935165831
IA3,0.2969706970527974,0,0.4928740544227637,0.21015524852443887
II3,0.3122579766183351,0.01621298184719961,0.473152292717788,0.19837674881667736
IE3,0.3398383116848414,0.049278763632696364,0.40075837522365326,0.2101245494588089
IO3,0.32281935535811657,0.028019196105733127,0.45574873778305264,0.19341271075309763
EA3,0,0.051011555687477644,0.4917547753911128,0.45723366892140954
EI3,0,0.05332306108771354,0.48797205322491327,0.45870488568737317
EE3,0.3270118423685387,0.026232102494899403,0.4553153906641667,0.19144066447239538
EO3,0.255541883672795,0.037383786726874424,0.42517931209866894,0.28189501750166174
OA3,0,0.015244793348611589,0.589692739513251,0.3950624671381375
OI3,0.19564259753308205,0.028451515765113237,0.4955512010896569,0.2803546856121478
OE3,0.3431436614274249,0.044615441549244905,0.41527709840022864,0.1969637986231015
OO3,0.23098532302145486,0.03575443166705879,0.47768033134829563,0.2555799139631908
AA4,0.2539559966141628,0,0.5249561827019679,0.22108782068386942
AI4,0.2822090266173074,0.015468371007807694,0.498833026175052,0.20348957619983288
AE4,0,0.230112394261526,0,0.769887605738474
AO4,0.2911181151297382,0.03013740949466038,0.47487084777795735,0.2038736275976442
IA4,0.28967933951102626,0,0.5156921032111496,0.19462855727782413
II4,0.3060854992848915,0.011687999919878638,0.4977451267220662,0.18448137407316356
IE4,0.34037566292184535,0.045256352018496974,0.4135402218381899,0.20082776322146784
IO4,0.3171704267281497,0.02215302669949276,0.4804260958792902,0.18025045069306728
EA4,0,0.04513913846585936,0.5204300345910382,0.4344308269431025
EI4,0,0.04683227622185552,0.5169120485360227,0.43625567524212183
EE4,0.3273935268764552,0.02423362983595365,0.4651746415846384,0.18319820170295273
EO4,0.25368031604969565,0.0332643764063235,0.44896840375536873,0.26408690378861205
OA4,0.2920811765691051,0.008574033369305735,0.5031073202562693,0.19623746980531998
OI4,0.3135570714319799,0.009878019803037921,0.49551078972226903,0.18105411904271307
OE4,0.3461141223738623,0.023171756770612673,0.4608713183122066,0.16984280254331846
OO4,0.33009970767699964,0.013461072316135173,0.48674037460450825,0.16969884540235686
