AA1,0.6116836535470078,0,0.38831634645299223,0
AI1,0.29523103763702907,0,0.6074678327499234,0.09730112961304757
AE1,0.17595126671096864,0.09387370354979202,0.3911244899813087,0.3390505397579306
AO1,0.164642865352995,0.021984149230615698,0.5871133462632345,0.2262596391531547
IA1,0.34721052949630227,0.052393937860743575,0.469782795182235,0.13061273746071916
II1,0.15837846109855014,0.028665222450064542,0.5667638750880628,0.24619244136332252
IE1,0.20143992214303988,0.10470647541999885,0.3738257663646593,0.32002783607230195
IO1,0.09190924616773255,0.026383280681625394,0.5626751626528547,0.3190323104977875
EA1,0,0.39890560874190306,0,0.6010943912580968
EI1,0,0.06585283806350531,0.25934476750945445,0.6748023944270402
EE1,0.19804212588292242,0.044835707883211326,0.49823862391629364,0.25888354231757266
EO1,0.02815599310821212,0.03778879312466658,0.4254666309105781,0.5085885828565431
OA1,0.12039450915521846,0.10559866917992164,0.4475223966942434,0.3264844249706166
OI1,0.047983497817123744,0.04142721363586217,0.4917824818199436,0.41880680672707055
OE1,0.22507681186612338,0.08150175644281506,0.4157249144946094,0.2776965171964523
OO1,0.0332826452402195,0.03011433328126379,0.4935630671985836,0.44303995427993315
AA2,0.3668468086764723,0.03221599247719721,0.481686209280658,0.11925098956567257
AI2,0.11713059013731342,0.03728855376129986,0.5615320041800455,0.2840488519213412
AE2,0,0.33068959090373234,0,0.6693104090962676
AO2,0,0.06053208032848003,0.3847512717171066,0.5547166479544134
IA2,0.4086110475835648,0.030673762673021493,0.4628518293757416,0.09786336036767226
II2,0.19234315470263558,0.01901857277353665,0.5875907578824401,0.2010475146413877
IE2,0.277564727099427,0.07652243007333907,0.382713921458778,0.2631989213684558
IO2,0.12039660733669702,0.021183893395710925,0.5901052954848087,0.2683142037827834
EA2,0,0.33068959090373234,0,0.6693104090962676
EI2,0,0.05523034973664075,0.31362959390562767,0.6311400563577316
EE2,0.2649023498989919,0.03393823083861865,0.4929713788442301,0.20818804041815936
EO2,0.03903356464491351,0.0325736608305854,0.479185181271054,0.4492075932534471
OA2,0.4314770337501569,0.05637195396936029,0.4019973946377189,0.11015361764276385
OI2,0.20618273347647642,0.01646617865582641,0.5750147414210026,0.20233634644669463
OE2,0.3089288432355749,0.03250230865025941,0.4832673195988204,0.17530152851534536
OO2,0.17529342196320533,0.01619832601690065,0.5929172982768401,0.21559095374305387
AA3,0.32323561076083795,0,0.5636302208707498,0.11313416836841216
AI3,0.38325234022409316,0,0.533110301645285,0.08363735813062195
AE3,0.2110587054926919,0.15443656456834073,0.3408947208705361,0.29361000906843127
AO3,0.41127646852076255,0.03611851829759435,0.44945108543263834,0.10315392774900481
IA3,0.14534762666494103,0,0.6009993725025669,0.2536530008324921
II3,0.2131834391262843,0.056042902303385135,0.5099760641417188,0.22079759442861185
IE3,0.2382228682671791,0.1768632328633582,0.31577798307026694,0.2691359157991957
IO3,0.25871245467089826,0.07955171344653791,0.4579884514314691,0.20374738045109458
EA3,0,0.10096231641730993,0.25970670484834596,0.6393309787343442
EI3,0,0.11807932947483168,0.2435036493967474,0.6384170211284208
EE3,0.2555166956077078,0.0619189977540051,0.4496324966644705,0.2329318099738165
EO3,0.08776128639864508,0.10828629558840208,0.3776336681932464,0.4263187498197064
OA3,0,0.029543784299326536,0.4124611193460841,0.5579950963545893
OI3,0.0727697544905669,0.07553189095269593,0.45923935476666433,0.3924589997900727
OE3,0.2761291170076088,0.13073149673567355,0.35633758346429667,0.23680180279242088
OO3,0.1449859773182354,0.1005060982586471,0.4468255665431829,0.3076823578799346
AA4,0.0655521441094679,0,0.6035737273314304,0.33087412855910153
AI4,0.15152329770388348,0.05995812275018383,0.5088238702829844,0.2796947092629483
AE4,0,0.43493061716901504,0,0.5650693828309851
AO4,0.1746614837223905,0.10783984325101156,0.43030460300791445,0.28719407001868347
IA4,0.1711891869022543,0,0.607213637627474,0.22159717547027177
II4,0.25215788415139007,0.029036463162699845,0.5226212979243874,0.1961843547615226
IE4,0.31764294582510394,0.09845754250112114,0.3297697756301965,0.2541297360435785
IO4,0.30783609788182487,0.044622873476428064,0.46634615885767666,0.18119486978407043
EA4,0,0.062019400777570746,0.2946579537079699,0.6433226455144594
EI4,0,0.06988601103392832,0.27960163475495825,0.6505123542111134
EE4,0.3149985881643435,0.04001031199497569,0.43792161550432124,0.2070694843363595
EO4,0.11304002857591744,0.06635544679929387,0.40976846275349654,0.41083606187129224
OA4,0.18092051225027897,0.016608133174055458,0.5474846354750453,0.25498671910062026
OI4,0.27388263709040306,0.019580106675670353,0.5098755460009556,0.19666171023297102
OE4,0.3685725990252511,0.03765995677622888,0.42267112494343634,0.17109631925508362
OO4,0.35725669964638584,0.026215432471797997,0.4650808941614303,0.15144697372038585
