AA1,0.6065674451646245,0,0.3934325548353756,0
AI1,0.2943770350306017,0,0.6509793819586323,0.054643583010766196
AE1,0.27455379559250065,0.08515705134894619,0.44977921760333833,0.19050993545521475
AO1,0.24917802455001783,0.014665995412844683,0.5856825602787914,0.15047341975834616
IA1,0.2747469297333902,0.060323686352459105,0.47230208436622056,0.19262729954793015
II1,0.14199314201135263,0.01849091028684163,0.5996765754376242,0.23983937226418164
IE1,0.3213559648849518,0.09492847909713342,0.4139572058132577,0.16975835020465702
IO1,0.1576143989571386,0.019835026937272373,0.5904606949951695,0.23208987911041948
EA1,0,0.41625458918013225,0,0.5837454108198676
EI1,0,0.046762288594377976,0.22694751669745183,0.7262901947081702
EE1,0.30869729857150174,0.03493393089222219,0.5391152953628768,0.11725347517339921
EO1,0.058923868476278486,0.032037561522317834,0.5425137510315122,0.3665248189698915
OA1,0.11764581003392997,0.14061988155840516,0.31815665392127734,0.4235776544863875
OI1,0.03360046719744639,0.03378254948376468,0.4442645791070232,0.4883524042117658
OE1,0.3418522408754044,0.05788130042596433,0.46886349234697083,0.13140296635166065
OO1,0.07238378580864654,0.025151872835657067,0.5435192788243032,0.35894506253139324
AA2,0.3231757760325841,0.03216847867612478,0.4891017571631081,0.15555398812818302
AI2,0.09053202612525084,0.034037138504453876,0.5591459586231915,0.3162848767471038
AE2,0,0.3732966583912866,0,0.6267033416087134
AO2,0,0.06263212862492938,0.2107341607687295,0.7266337106063412
IA2,0.38845291460226483,0.028582763369010365,0.46316985564816665,0.1197944663805581
II2,0.2058365250808543,0.011051354740849716,0.6223698264850529,0.1607422936932431
IE2,0.4410015849962033,0.05796159298833122,0.3866457108367837,0.11439111117868173
IO2,0.2284473846853769,0.013345511692782527,0.596324162020658,0.16188294160118258
EA2,0,0.3732966583912866,0,0.6267033416087134
EI2,0,0.04559125921314065,0.3419630031823408,0.6124457376045185
EE2,0.4175872489842916,0.0227319520891602,0.48348677545241225,0.07619402347413587
EO2,0.09284189882449695,0.026471185387444772,0.6158570695583967,0.2648298462296615
OA2,0.38307738272412517,0.09471725397729375,0.32367728789964595,0.1985280753989352
OI2,0.13423294895700982,0.017553035810895692,0.6412868356936111,0.20692717953848336
OE2,0.45328240826974237,0.020268062460772403,0.46396499530234564,0.062484533967139405
OO2,0.21516735944289536,0.011582703297108641,0.6342920825846472,0.13895785467534882
AA3,0.3279997442193882,0,0.6035964687595811,0.06840378702103081
AI3,0.3923621399950717,0,0.5613705868147332,0.04626727319019532
AE3,0.3074412710907357,0.15756739100664727,0.3726244703116228,0.1623668675909941
AO3,0.42484133066473273,0.039736914978631376,0.45529245614079894,0.08012929821583702
IA3,0.13090810074166773,0,0.6693639165064098,0.1997279827519224
II3,0.1900112248008816,0.07275405609306776,0.5230959540300566,0.21413876507599408
IE3,0.3394088258605124,0.2069884052442553,0.31800155549282133,0.13560121340241096
IO3,0.27965940735369954,0.12108395602705493,0.4315976210981166,0.167659015521129
EA3,0,0.09341097507986443,0.2421327578234584,0.6644562670966772
EI3,0,0.13806463659775275,0.21298715688872738,0.6489482065135199
EE3,0.3870214988782961,0.04175224589984036,0.4656884550550038,0.10553780016685974
EO3,0.1715846460061635,0.10674494171959947,0.4601196178255639,0.26155079444867313
OA3,0,0.024825814613684077,0.32433257584326025,0.6508416095430557
OI3,0.052193539346880764,0.10156823431959744,0.4047228186294236,0.4415154077040982
OE3,0.40274180619038047,0.09372473752469906,0.3897037137166956,0.11382974256822481
OO3,0.18947322420069798,0.15493421320765646,0.4047657295857779,0.25082683300586756
AA4,0.019491410607741032,0,0.6256626469696588,0.35484594242260004
AI4,0.10899510069769353,0.060745611121402546,0.4929585530940932,0.33730073508681074
AE4,0,0.4948350811229945,0,0.5051649188770055
AO4,0.11397743820725974,0.15780706145595064,0.3231815994060285,0.40503390093076114
IA4,0.17248682159559073,0,0.6708485465775313,0.15666463182687793
II4,0.25642881725477,0.016930166968513967,0.5522305202290041,0.1744104955477119
IE4,0.4776015409738662,0.07814030125815025,0.3260062903585245,0.11825186740945902
IO4,0.3769528356747962,0.03665754672556891,0.44831361073419407,0.13807600686544083
EA4,0,0.04991532448549957,0.30287513370069025,0.6472095418138102
EI4,0,0.054429051770726,0.2800911105568269,0.6654798376724471
EE4,0.47501177185841703,0.02670040258627403,0.4176348940321349,0.08065293152317417
EO4,0.23744657513739748,0.059727296229974934,0.4830119589403648,0.2198141696922629
OA4,0.0967942282281643,0.018152506915578414,0.5949044691667492,0.2901487956895082
OI4,0.18325008180683833,0.02154057378518557,0.5654716999683084,0.22973764443966768
OE4,0.5150808735540534,0.0234454732660993,0.3958457168848199,0.06562793629502763
OO4,0.4023067673660988,0.02351872169694021,0.4716255998612494,0.1025489110757116
