AA1,0.3471878395662024,0,0.6528121604337976,0
AI1,0.16513772051754436,0,0.47471887426416465,0.36014340521829097
AE1,0.06555170401143974,0.3585483507936559,0.15081680059553806,0.42508314459936636
AO1,0.06572571451066915,0.2616516193733179,0.2525808028649453,0.42004186325106774
IA1,0.07973270793894921,0.30748900750228353,0.18992226338372803,0.4228560211750393
II1,0.06250138762912426,0.27304833539090745,0.216429718270689,0.4480205587092794
IE1,0.06808240415312716,0.3642625636917055,0.14577276356218904,0.4218822685929784
IO1,0.050772091530012144,0.2551342032687869,0.22874954144901546,0.46534416375218546
EA1,0,0.4780376382594107,0,0.5219623617405893
EI1,0,0.3725057974803523,0.11330143162343682,0.514192770896211
EE1,0.07692657279730833,0.32496473217774696,0.18840348191331066,0.40970521311163394
EO1,0.0435735115510923,0.29327575915875503,0.17422680301771698,0.48892392627243586
OA1,0.044918303808620184,0.37745673066293195,0.1226864254611229,0.4549385400673251
OI1,0.03522533693410666,0.32614369038582913,0.1723838568614425,0.46624711581862177
OE1,0.07252579730509234,0.3442895386141459,0.16983205122729533,0.4133526128534664
OO1,0.0419617251432116,0.2821284780143602,0.20010270709368508,0.47580708974874325
AA2,0.09570115583475149,0.2692250395143048,0.22548173874054214,0.4095920659104014
AI2,0.07045262109640094,0.26370263364488766,0.22543561037878118,0.4404091348799301
AE2,0,0.4668463195554192,0,0.5331536804445809
AO2,0,0.31031519297596355,0.1869076686478292,0.5027771383762072
IA2,0.10930369246384984,0.2687363205244554,0.22970322492046513,0.39225676209122984
II2,0.08321093914640541,0.2374273585234667,0.26723423201441693,0.41212747031571095
IE2,0.10170273632139985,0.32368115851363444,0.18767620162911808,0.3869399035358477
IO2,0.07308175358100857,0.2253465691083497,0.28122916708091605,0.42034251022972574
EA2,0,0.4668463195554192,0,0.5331536804445809
EI2,0,0.3494662510298373,0.1590212678795995,0.49151248109056317
EE2,0.11271297956206631,0.28250840087636486,0.23710368312112987,0.36767493644043897
EO2,0.06216207144415848,0.2666704699170996,0.22914206626577877,0.4420253923729632
OA2,0.07925992546940637,0.35410573451452937,0.14207193522674594,0.42456240478931817
OI2,0.060349424205725234,0.27850675577834094,0.23533364122043604,0.4258101787954979
OE2,0.1155885811595975,0.28105474209171416,0.23865538275474887,0.36470129399393947
OO2,0.07465018900539482,0.24083900838020866,0.2646955010771196,0.4198153015372769
AA3,0.1699436050551988,0,0.4597844862282022,0.37027190871659904
AI3,0.1799232127270221,0,0.4631752656850102,0.3569015215879677
AE3,0.06933473962626652,0.3811878662670591,0.14047757711908773,0.4089998169875866
AO3,0.1018484131159746,0.32191098838261106,0.21100415507821232,0.36523644342320205
IA3,0.09583354651861378,0,0.39190990747388815,0.512256546007498
II3,0.0662994799752549,0.29757327894679625,0.20712780898040511,0.42899943209754376
IE3,0.07263939760661452,0.38692436781948514,0.13559656970808331,0.4048396648658169
IO3,0.07422298432154352,0.32672223781007237,0.18404754563337092,0.41500723223501323
EA3,0,0.38751262115799984,0.1080375774481489,0.5044498013938512
EI3,0,0.392650876102435,0.10318935831744214,0.5041597655801229
EE3,0.08362878532702296,0.3435094324559988,0.17550027836803903,0.3973615038489392
EO3,0.046573014920194084,0.37320308612193354,0.12199887190019269,0.45822502705767965
OA3,0,0.3289891791553859,0.1746667307882838,0.49634409005633034
OI3,0.03821306759047112,0.3471633622838942,0.16262826465798252,0.45199530546765215
OE3,0.07847074546257071,0.3651526369860805,0.15787091281481638,0.39850570473653246
OO3,0.05897483332582217,0.35613395888884847,0.15607804635034755,0.42881316143498177
AA4,0.07023715818004637,0,0.42685615275921945,0.5029066890607342
AI4,0.06405051594149795,0.30379365654128615,0.2007639288687977,0.4313918986484181
AE4,0,0.498813204049497,0,0.501186795950503
AO4,0.05703761304234866,0.34235740172913903,0.1657769051056947,0.4348280801228176
IA4,0.11672182630939461,0,0.4263494814430343,0.4569286922475711
II4,0.08020119955743635,0.27591887597675435,0.23298361094199166,0.4108963135238175
IE4,0.09702046312894315,0.3633561186466896,0.15496302833035427,0.384660389894013
IO4,0.09362553443707061,0.30396056135374216,0.20681994834517012,0.39559395586401713
EA4,0,0.37847267930659234,0.1302885417815904,0.49123877891181716
EI4,0,0.3835463697678188,0.12473434107501981,0.49171928915716134
EE4,0.11011512756228324,0.3184737410091199,0.19684365276758325,0.3745674786610137
EO4,0.060239983779381175,0.3572554020023183,0.14347423296841663,0.43903038124988386
OA4,0.048042020265017076,0.30430098376182296,0.20820032976012315,0.4394566662130368
OI4,0.05948291231577141,0.31118803330859635,0.1992501708373336,0.4300788835382986
OE4,0.11309694011265166,0.3169895848143728,0.19818976364256433,0.3717237114304113
OO4,0.08762877413381702,0.31682017342116464,0.18920590587121547,0.40634514657380283
