AA1,0.47696177840891113,0,0.5230382215910889,0
AI1,0.16664128323374305,0,0.7355661275108867,0.09779258925537031
AE1,0.07121571951410706,0.3315807035593098,0.16638765271268766,0.4308159242138956
AO1,0.06794032164462027,0.1417875702120453,0.39595944601089555,0.39431266213243893
IA1,0.11329413791242039,0.25388652125659533,0.28390240048021886,0.34891694035076554
II1,0.044928475025287316,0.15942292938191274,0.34465911343828837,0.45098948215451157
IE1,0.0776459030981521,0.3444393766317082,0.15481304481945427,0.42310167545068555
IO1,0.023735266980690953,0.14702872327990152,0.3289262390133444,0.5003097707260631
EA1,0,0.5346016492531314,0,0.4653983507468687
EI1,0,0.27937906647726946,0.08200658381826349,0.6386143497044671
EE1,0.08594131520827437,0.2768138261491424,0.24902051757622337,0.38822434106635995
EO1,0.0181860169765974,0.21189388843652157,0.20599915111780093,0.5639209434690802
OA1,0.06366503300214527,0.34778809534890065,0.15029850857635582,0.43824836307259835
OI1,0.032142627099830276,0.20357366205758476,0.2098332785960305,0.5544504322465544
OE1,0.08833612007667285,0.30977189090680246,0.19961846748915302,0.40227352152737167
OO1,0.01841453452625269,0.17235940894353086,0.2414553995221498,0.5677706570080667
AA2,0.15847996863105188,0.17566020829446294,0.35045732804384605,0.31540249503063916
AI2,0.03638243802842041,0.17827356548834122,0.3728915748238216,0.41245242165941676
AE2,0,0.4902300010968192,0,0.5097699989031809
AO2,0,0.20710867027884655,0.21257701812815702,0.5803143115929965
IA2,0.24201193286804784,0.16121669931501412,0.33339135908914047,0.26338000872779754
II2,0.07802492436955473,0.12155144396283175,0.438171009006342,0.3622526226612716
IE2,0.18809860400986964,0.2673230295485072,0.20689987319955833,0.33767849324206495
IO2,0.043278760409585296,0.11708443469586553,0.43111088674952874,0.4085259181450205
EA2,0,0.4902300010968192,0,0.5097699989031809
EI2,0,0.272554040202984,0.13146909752898728,0.5959768622680288
EE2,0.20133577466904487,0.20044011249328336,0.315571891779708,0.28265222105796384
EO2,0.030005004059923884,0.18540498122882176,0.3267243713789544,0.4578656433322999
OA2,0.17935025420724499,0.2951792605564995,0.17069169468146242,0.3547787905547931
OI2,0.06406479142579849,0.17815924137491143,0.3251888645325486,0.4325871026667415
OE2,0.2590952292045479,0.18154449274775564,0.308957025618099,0.25040325242959743
OO2,0.0486942806729661,0.13433474838636555,0.44397241892347855,0.37299855201718973
AA3,0.21704568801749669,0,0.6548714991746019,0.1280828128079016
AI3,0.2895187920338669,0,0.6223849032929368,0.08809630467319625
AE3,0.08463318153973023,0.3587254556934523,0.14907149619365312,0.40756986657316435
AO3,0.22068172403921887,0.21141477479756335,0.31972469299108996,0.24817880817212776
IA3,0.04802507277714018,0,0.6260512693426394,0.3259236578802203
II3,0.08512711893874642,0.26399732583118485,0.2798160109567197,0.37105954427334903
IE3,0.09966495506718623,0.3763158853425431,0.1355110080433218,0.3885081515469489
IO3,0.09767793555146327,0.3044135231165916,0.225654575381274,0.3722539659506712
EA3,0,0.31208774775526216,0.07668258060749283,0.6112296716372451
EI3,0,0.3346997849089818,0.06745493259049795,0.5978452825005202
EE3,0.12702217609078684,0.2762250525053556,0.22147745674043537,0.3752753146634222
EO3,0.03133879561808561,0.3569683186828159,0.10676016483288667,0.5049327208662119
OA3,0,0.17301465364452565,0.19388115534256845,0.633104191012906
OI3,0.0703355167610645,0.2634743786391795,0.17793535267699578,0.4882547519227602
OE3,0.1264792506739616,0.3119899818138006,0.17935666829522104,0.3821740992170167
OO3,0.06785061535196264,0.3277273731802666,0.1595350033047929,0.44488700816297777
AA4,0.018856152418124286,0,0.6300151547631307,0.35112869281874487
AI4,0.05671098305708502,0.24955846059667047,0.30087484999361147,0.39285570635263306
AE4,0,0.5615400743078612,0,0.43845992569213876
AO4,0.04306289181579391,0.3448952831664871,0.20027147126027386,0.41177035375744503
IA4,0.09029700642363514,0,0.6665464164073728,0.24315657716899206
II4,0.13834674174891629,0.15064048451065087,0.35274243021088225,0.35827034352955045
IE4,0.1950555459941618,0.29677398065142635,0.15750079467751923,0.35066967867689264
IO4,0.15369935068758445,0.21542498366977678,0.2745549143992252,0.35632075124341356
EA4,0,0.2832529578206202,0.09969814611027794,0.6170488960691018
EI4,0,0.2919442809876834,0.08891630209620012,0.6191394169161165
EE4,0.22806518282308796,0.22871995728342984,0.23123587737963414,0.3119789825138481
EO4,0.04203079483894688,0.3181862878826912,0.1344689748181888,0.5053139424601731
OA4,0.05734126291627085,0.1778361697128964,0.29075054531780914,0.4740720220530236
OI4,0.140147974654796,0.19015252579280426,0.24889298837040838,0.42080651118199136
OE4,0.29194189198655196,0.20804432848646984,0.22179390417957395,0.27821987534740433
OO4,0.17385266618243464,0.22940466922581726,0.22251433490406453,0.37422832968768344
