AA1,0.6952831561015058,0,0.3047168438984942,0
AI1,0.18866147145457055,0,0.776894405568475,0.03444412297695428
AE1,0.13039847385291922,0.11377216564240127,0.3992712035572069,0.3565581569474726
AO1,0.08388007793184345,0.006073360497554355,0.752504640642087,0.15754192092851513
IA1,0.27656166522681064,0.03653888084588947,0.5891783328423279,0.09772112108497197
II1,0.0569851729003274,0.015255880648480696,0.7586204350623588,0.16913851138883307
IE1,0.16056961769392641,0.1379551383647018,0.3746373532129913,0.3268378907283805
IO1,0.031824632127103514,0.008687741861834672,0.6987131158802068,0.26077451013085495
EA1,0,0.35752140688857337,0,0.6424785931114265
EI1,0,0.0442011022300324,0.11816499016669181,0.8376339076032757
EE1,0.13647008901180122,0.04708893130150553,0.5985821497891404,0.21785882989755298
EO1,0.009456265909008395,0.028623874351717014,0.38657396646967285,0.5753458932696017
OA1,0.058807938881860145,0.09053029028320679,0.5476550810559908,0.3030066897789423
OI1,0.010435755956069995,0.024464824247333143,0.5568379689202856,0.40826145087631127
OE1,0.18211127527064735,0.09810815957385075,0.45327389985710714,0.26650666529839473
OO1,0.010993111040078152,0.012051730363023315,0.5297880266321086,0.4471671319647899
AA2,0.41343541975036696,0.01591606098243639,0.49919970391535423,0.07144881535184247
AI2,0.04530243731802951,0.023163385288976275,0.7216207152989543,0.20991346209404
AE2,0,0.30796965823017264,0,0.6920303417698273
AO2,0,0.030138175729924315,0.3120741599708524,0.6577876642992232
IA2,0.48836775298754515,0.014143401193780054,0.4461246844470112,0.051364161371663664
II2,0.11495835096180446,0.008373818519106842,0.7580013391440845,0.11866649137500422
IE2,0.3448490595604766,0.08641838737132744,0.35383083087736533,0.21490172219083048
IO2,0.06439863843251725,0.005932867762063198,0.7329426954010544,0.1967257984043651
EA2,0,0.30796965823017264,0,0.6920303417698273
EI2,0,0.04376276393314185,0.177190334848806,0.7790469012180522
EE2,0.29464489831914603,0.030969959859643372,0.5357245646465721,0.1386605771746384
EO2,0.019391225578549175,0.026657506447716264,0.4905210233923765,0.46343024458135806
OA2,0.5674995200116343,0.03224137507992834,0.33763649790875805,0.06262260699967949
OI2,0.13818350445179461,0.012267733388482957,0.7153899352187684,0.134158826940954
OE2,0.3712169473493449,0.02723711349724515,0.5000115978367549,0.1015343413166551
OO2,0.10586569429350157,0.005547164669860667,0.7505187904855896,0.13806835055104824
AA3,0.33150186610001803,0,0.6271700426864986,0.04132809121348346
AI3,0.44952645595862295,0,0.5277995271788406,0.022674016862536412
AE3,0.1915478861079671,0.24053627225711144,0.302300724794257,0.2656151168406644
AO3,0.5438189364956262,0.0103471981977938,0.40829849878110225,0.037535366525477586
IA3,0.07430715041714461,0,0.7653311178397385,0.16036173174311688
II3,0.17248084565811803,0.04523875734353737,0.6418530072526678,0.14042738974567673
IE3,0.2265146965304278,0.3062816784965994,0.250773881904175,0.21642974306879775
IO3,0.25968549357574355,0.05639020602554334,0.5575587141990503,0.12636558619966287
EA3,0,0.08480097021059876,0.13081775650339486,0.7843812732860064
EI3,0,0.12527034095435774,0.11203158007077037,0.762698078974872
EE3,0.2703731295139523,0.058165979498878105,0.4936912543776588,0.17776963660951073
EO3,0.048244760647496124,0.14490801507060713,0.34805596588622345,0.4587912583956732
OA3,0,0.014168615284475982,0.3471606950216991,0.638670689693825
OI3,0.04295432277912661,0.07060108646495884,0.5193865535420693,0.36705803721384533
OE3,0.3052230023559421,0.17741172993598275,0.3270197548425465,0.1903455128655287
OO3,0.09261948216267214,0.08799945883640255,0.5604007547459836,0.2589803042549418
AA4,0.021154919733134634,0,0.7232389047279849,0.25560617553888043
AI4,0.10171063426820759,0.03866386837782386,0.6424642645408649,0.21716123281310376
AE4,0,0.4002699449053964,0,0.5997300550946035
AO4,0.15034716564393216,0.07527459045884063,0.528493844640208,0.24588439925701921
IA4,0.11832581190892413,0,0.7520932056759241,0.12958098241515184
II4,0.259873362723456,0.011305521474628998,0.6163135521462546,0.11250756365566032
IE4,0.4163100254572439,0.10554742426833466,0.2703196222371933,0.2078229280372282
IO4,0.3842253817598292,0.016751296608238257,0.5024204133647113,0.09660290826722107
EA4,0,0.040530407942732015,0.1492713072129457,0.8101982848443223
EI4,0,0.04751989037211707,0.13254259439341648,0.8199375152344665
EE4,0.39625698167076573,0.03381885220606789,0.4290165270289291,0.14090763909423734
EO4,0.07575614144449035,0.07564666656719327,0.3911705331437279,0.4574266588445884
OA4,0.14368207091301238,0.010981276146130193,0.6565987419654736,0.1887379109753837
OI4,0.3250088710963949,0.012489189737491158,0.5451901879122016,0.11731175125391231
OE4,0.5030944904792987,0.02774235203980126,0.3734813483090097,0.09568180917189036
OO4,0.49186764821307966,0.013236356222591165,0.42527105202508053,0.06962494353924871
