AA1,0.46090034212482045,0,0.5390996578751797,0
AI1,0.08564951375464772,0,0.8172276278320204,0.0971228584133319
AE1,0.07926878997244115,0.20527257648593936,0.23848297311642944,0.47697566042518996
AO1,0.07165433493856395,0.015947847734190303,0.5389784452001761,0.37341937212706955
IA1,0.14714714457695674,0.09957707088427563,0.365526372150417,0.38774941238835064
II1,0.03663829453044958,0.026629144420053538,0.4508943928978347,0.4858381681516621
IE1,0.09695806012176848,0.26992966355773956,0.20939304033702139,0.42371923598347055
IO1,0.026625218981595644,0.028748782683459425,0.43121442368906865,0.5134115746458763
EA1,0,0.6204998056795902,0,0.3795001943204098
EI1,0,0.17779551834042173,0.10557822893241799,0.7166262527271604
EE1,0.10254989709948022,0.12579524245741752,0.36890132299303763,0.40275353745006454
EO1,0.014558220671167481,0.08317839682323963,0.27120280804612984,0.631060574459463
OA1,0.0647464704162032,0.2648046260529495,0.17031033265922324,0.5001385708716239
OI1,0.016525351621578376,0.07905234957039961,0.27158623256969733,0.6328360662383247
OE1,0.11343530496948599,0.20159140302581124,0.278892849323501,0.4060804426812017
OO1,0.01707573838624982,0.05035442476736603,0.331077275715872,0.6014925611305122
AA2,0.17457048111362197,0.0554288867978242,0.4407071217891292,0.32929351029942466
AI2,0.028191803423618184,0.05058274759922668,0.4332456846603313,0.48797976431682377
AE2,0,0.5666670101759693,0,0.43333298982403057
AO2,0,0.1044457667419707,0.20506764603262714,0.6904865872254021
IA2,0.2558989208296844,0.04972541598768387,0.4442636836885515,0.2501119794940802
II2,0.05331937017354206,0.013846420511910516,0.616161221985873,0.3166729873286745
IE2,0.29985666282414564,0.14788547314726433,0.26052028742181293,0.29173757660677724
IO2,0.04605508236771184,0.015336497641495193,0.5991389947420696,0.3394694252487235
EA2,0,0.5666670101759693,0,0.43333298982403057
EI2,0,0.14321635896737603,0.1760550340507826,0.6807286069818413
EE2,0.2905933411560625,0.06043828240932703,0.41021180548000125,0.23875657095460934
EO2,0.023139473709900212,0.055468309697794295,0.42381828414800327,0.49757393244430215
OA2,0.19630512624180374,0.22911443622209454,0.21042441895024855,0.3641560185858532
OI2,0.042563597515521474,0.040084735908606596,0.49601601813904767,0.42133564843682425
OE2,0.3623730334720167,0.0535140549336154,0.3891493691024891,0.1949635424918788
OO2,0.05600847516296342,0.018055128674590488,0.5972178812121537,0.3287185149502922
AA3,0.16736417498598832,0,0.7060910248866678,0.12654480012734406
AI3,0.27338888624265467,0,0.6439282670313784,0.08268284672596697
AE3,0.10675347269787913,0.3364914305917005,0.18065659281415145,0.3760985038962689
AO3,0.2853246846773056,0.0691134815656147,0.4036381050203996,0.24192372873667994
IA3,0.023606011723467,0,0.665775575791719,0.310618412484814
II3,0.08578490517890688,0.07607500576677148,0.39657099650640404,0.44156909254791754
IE3,0.13673018860369945,0.4211668952645161,0.14251438064549934,0.299588535486285
IO3,0.11508790791236055,0.1606256855683096,0.3026810207532036,0.42160538576612633
EA3,0,0.257640407201488,0.1060237110731883,0.6363358817253237
EI3,0,0.3221697115681404,0.0844473350698006,0.593382953362059
EE3,0.1847180338239385,0.193911142433874,0.2897063770562817,0.3316644466859058
EO3,0.0285067706408268,0.33296362835430654,0.14421883224942839,0.4943107687554382
OA3,0,0.06654634606579592,0.24089543809557312,0.692558215838631
OI3,0.048697201163392094,0.16437171947340817,0.23285085788651547,0.5540802214766842
OE3,0.18657372829389912,0.30467927535225375,0.20249156894131248,0.3062554274125347
OO3,0.06536957092990266,0.2277798028663433,0.22028204246380498,0.486568583739949
AA4,0.005773015521635524,0,0.6726456372259639,0.3215813472524007
AI4,0.049280395934357894,0.09010237771637644,0.3351747056937845,0.5254425206554811
AE4,0,0.6759329858715362,0,0.3240670141284637
AO4,0.0424660251589812,0.2034325277900787,0.2029910569882711,0.5511103900626689
IA4,0.03237053879845734,0,0.7384396079709331,0.22918985323060967
II4,0.11718896755036116,0.02631789848180076,0.4718900703064294,0.3846030636614086
IE4,0.3338146256237053,0.2142557132392631,0.17634443751159468,0.27558522362543686
IO4,0.17946005756910408,0.07293096649205554,0.36690095509358245,0.38070802084525784
EA4,0,0.16905965704042175,0.1510728544187682,0.67986748854081
EI4,0,0.20841544081180174,0.12543935901538178,0.6661452001728165
EE4,0.3670071917327455,0.09397473041370466,0.28946797850233946,0.2495500993512105
EO4,0.04786089437099162,0.21995943405148988,0.2041865719643732,0.5279930996131453
OA4,0.0313214955622679,0.03586087072721137,0.41356171523638585,0.5192559184741348
OI4,0.10756246567759034,0.06616392148315728,0.3721169666453606,0.4541566461938918
OE4,0.4527249791028372,0.08142145717693816,0.26677881584579494,0.1990747478744298
OO4,0.19840155669648893,0.08841366869493249,0.34818862988779775,0.36499614472078074
