AA1,0.46367463865692055,0,0.5363253613430794,0
AI1,0.15311799462056286,0,0.5854480026330217,0.2614340027464154
AE1,0.08261564912684707,0.2799712567761719,0.20972973152937305,0.42768336256760797
AO1,0.08584832868562393,0.12201784040522874,0.38530187402877586,0.40683195688037144
IA1,0.17638112891858998,0.14460254011571688,0.37056217125594243,0.3084541597097507
II1,0.08870076453804901,0.08837300983835844,0.42149657612579144,0.401429649497801
IE1,0.09262629521210639,0.29958896861567536,0.1946469851853414,0.41313775098687683
IO1,0.062428034950591904,0.13963101306106837,0.3536336113351406,0.44430734065319916
EA1,0,0.4943739027396364,0,0.5056260972603637
EI1,0,0.19703828729294698,0.23829069937017652,0.5646710133368765
EE1,0.12009406537615211,0.15269418380153996,0.35550897894429034,0.37170277187801765
EO1,0.043239784061694264,0.1349589795420266,0.33927424550083285,0.4825269908954463
OA1,0.09002824162954971,0.24340263232346493,0.2502691167678974,0.416300009279088
OI1,0.04575009245395659,0.14927005830816847,0.3252078648666996,0.4797719843711752
OE1,0.11578878147508426,0.23088324717051337,0.27155175607932514,0.3817762152750773
OO1,0.043652543460588944,0.14427648523779377,0.33367413075816843,0.47839684054344883
AA2,0.205706100710564,0.11810576714715368,0.38926496770976493,0.2869231644325173
AI2,0.07679746998466594,0.10499244397779618,0.41185630317698396,0.4063537828605539
AE2,0,0.47117395596976763,0,0.5288260440302323
AO2,0,0.20836895202007427,0.26264426864373375,0.5289867793361919
IA2,0.23608961482042468,0.11134296293144184,0.3938800156340635,0.25868740661407
II2,0.11607034727723507,0.07042400964185466,0.46306089931887556,0.3504447437620347
IE2,0.1384098810079837,0.25631275248061913,0.22402533987861759,0.3812520266327796
IO2,0.08612034256539922,0.11767876752054979,0.3971649459208743,0.3990359439931766
EA2,0,0.47117395596976763,0,0.5288260440302323
EI2,0,0.17678347080002557,0.2899205548105134,0.5332959743894611
EE2,0.17154337886161752,0.12365016000871577,0.383262061324404,0.3215443998052626
EO2,0.05891889301746916,0.11662056987511422,0.3900271946644058,0.43443334244301085
OA2,0.2017143468092246,0.21949102439385096,0.26237980938613836,0.31641481941078603
OI2,0.10166557014108361,0.08310364716380063,0.43991668275604484,0.37531409993907094
OE2,0.19626411213593356,0.11634003511461341,0.39063147562490685,0.2967643771245461
OO2,0.11273082705701605,0.0753976521359492,0.45448016314850603,0.35739135765852864
AA3,0.16731329959488167,0,0.5439395639646465,0.28874713644047173
AI3,0.22260705968553962,0,0.5355528393651294,0.24184010094933092
AE3,0.1013930290405332,0.3245262263994187,0.1882469489186366,0.3858337956414115
AO3,0.17932654405154894,0.1993193340137288,0.30282042112565133,0.31853370080907095
IA3,0.08732484063727952,0,0.5348351725301373,0.3778399868325832
II3,0.12696082469369413,0.10985829264646806,0.38799990851546046,0.3751809741443774
IE3,0.11621205189742835,0.34426110905022916,0.1722373402181009,0.3672894988342416
IO3,0.13309451326197758,0.22891551903383048,0.26905027248166336,0.3689396952225286
EA3,0,0.2282064381304099,0.23257737695108172,0.5392161849185085
EI3,0,0.24040929299449335,0.22150629044908887,0.5380844165564178
EE3,0.16485243311882183,0.17524461793003174,0.3208436134060519,0.33905933554509454
EO3,0.08854590130499634,0.21382198266791738,0.27359669121424285,0.42403542481284345
OA3,0,0.11944442213713705,0.34736619629194093,0.5331893815709219
OI3,0.0643113862449247,0.18297953530253547,0.3003791505969453,0.4523299278555945
OE3,0.15394079161511035,0.2635315854713446,0.24135283052388884,0.34117479238965626
OO3,0.10531607254703741,0.2334592383711922,0.26010206092703636,0.40112262815473393
AA4,0.039111729727331485,0,0.5506654693572859,0.41022280091538277
AI4,0.09314233064144278,0.13850981356702963,0.36245427668094793,0.4058935791105796
AE4,0,0.5377559145326614,0,0.46224408546733864
AO4,0.08241345521588815,0.2918666612747896,0.21089254908802457,0.4148273344212977
IA4,0.10019049807708019,0,0.5523786975151189,0.34743080440780083
II4,0.14699728920117858,0.09265753470385274,0.40786646631019263,0.35247870978477613
IE4,0.14961058446559525,0.30765149825519167,0.1863182226198792,0.3564196946593338
IO4,0.1586523491105534,0.20044570782763738,0.28762030523532955,0.3532816378264797
EA4,0,0.20966205674127736,0.2595175582788766,0.530820384979846
EI4,0,0.22005328396188892,0.2481015815521133,0.5318451344859978
EE4,0.2012965166673161,0.15312657742145988,0.32993310063475834,0.3156438052764657
EO4,0.10696683574069579,0.19093129344593937,0.2949549302186133,0.40714694059475154
OA4,0.08053234268974191,0.09352823088667878,0.4051212127362571,0.4208182136873222
OI4,0.13040525266573133,0.10600108664013609,0.38555887767629593,0.3780347830178366
OE4,0.23332470355225507,0.14311625235546419,0.3339165026419133,0.28964254145036744
OO4,0.20263436582084213,0.13092134928350602,0.34985279228586197,0.31659149260978997
