AA1,0.38088049656852724,0,0.6191195034314727,0
AI1,0.1396365236827956,0,0.5230785687631645,0.33728490755403995
AE1,0.09305631110796782,0.20739508870364973,0.2885734583896255,0.41097514179875694
AO1,0.09523876716637093,0.11082227877003113,0.40052442609876715,0.39341452796483084
IA1,0.1358873489478105,0.15229115999654377,0.352880522709346,0.35894096834629974
II1,0.08253349213110285,0.10013032786721521,0.3962066842830961,0.42112949571858604
IE1,0.10233536930017405,0.22288487253579872,0.27432143600743486,0.40045832215659244
IO1,0.07067181386118652,0.12612884616795028,0.37082991704167223,0.43236942292919095
EA1,0,0.4315690750330825,0,0.5684309249669174
EI1,0,0.17996532304822338,0.2961850570517396,0.5238496199000369
EE1,0.104530755371811,0.14808374688393416,0.3574817018174824,0.3899037959267725
EO1,0.047893581816296,0.14008996071705232,0.34434550347778986,0.46767095398886177
OA1,0.09115725170774266,0.2035865805589669,0.2880191693721198,0.41723699836117073
OI1,0.0522195268050577,0.13681055180056098,0.35214762236274133,0.4588222990316401
OE1,0.10809197125576686,0.19724704647939212,0.30480743967367063,0.3898535425911704
OO1,0.0532847961794836,0.1371020706878978,0.35407691455283025,0.45553621857978827
AA2,0.15500790676970316,0.12293397700661135,0.3858078723377955,0.3362502438858898
AI2,0.07407579677572212,0.11787698461057806,0.391775146082905,0.4162720725307949
AE2,0,0.40828089421622643,0,0.5917191057837735
AO2,0,0.1856944803202025,0.3159824618727136,0.49832305780708386
IA2,0.17513614710530837,0.1217546511728256,0.38695710090571944,0.31615210081614653
II2,0.10409852364349395,0.08146666453184156,0.43934043313503396,0.3750943786896305
IE2,0.14070835710014745,0.18775657303495585,0.3075285206573492,0.36400654920754755
IO2,0.09284154350467157,0.10644185362016731,0.41290128699224676,0.38781531588291435
EA2,0,0.40828089421622643,0,0.5917191057837735
EI2,0,0.15753913749495668,0.3513557897797476,0.4911050727252957
EE2,0.14078094478118366,0.12179546409785745,0.39079466288573017,0.34662892823522873
EO2,0.06295782732600642,0.12014989932271351,0.392438348670996,0.4244539246802841
OA2,0.16576997753027492,0.1768564121636088,0.31436401471823855,0.3430095955878777
OI2,0.0958597133381407,0.0862693601259645,0.4336863451710472,0.3841845813648477
OE2,0.155513400515243,0.12037573846197056,0.3924694120213483,0.3316414490014381
OO2,0.10232373184689111,0.08616998454673755,0.43493680127855106,0.37656948232782017
AA3,0.1479824633050794,0,0.49866684653022664,0.35335069016469395
AI3,0.17971077180047676,0,0.497528253772755,0.3227609744267683
AE3,0.1106665036677702,0.24296685504872562,0.26541007800963196,0.38095656327387223
AO3,0.15407981122770126,0.1607949601243912,0.3511198551850461,0.3340053734628615
IA3,0.0859764297795604,0,0.48341572255174664,0.43060784766869303
II3,0.10446240089846434,0.12375801059101475,0.37192524683805617,0.3998543416724647
IE3,0.12317219143822132,0.25972017318345186,0.24978022353401746,0.3673274118443095
IO3,0.11266298727888928,0.18592817648452897,0.315400349091344,0.38600848714523767
EA3,0,0.2046743062277245,0.2908586369139083,0.5044670568583672
EI3,0,0.21693785265681664,0.2793620102815082,0.5037001370616752
EE3,0.12925912313459723,0.1733702866446374,0.3319699469670954,0.36540064325366994
EO3,0.07514763427543722,0.2002191477509602,0.2920971780886805,0.432536039884922
OA3,0,0.12520218021054713,0.3738575226026097,0.5009402971868432
OI3,0.06636063325655364,0.16675033391192814,0.33041597948935914,0.43647305334215913
OE3,0.1322850544366849,0.23002706154954955,0.2786087409375043,0.3590791430762612
OO3,0.09381816183643872,0.19585225700428688,0.30390459452820917,0.4064249866310653
AA4,0.0425578979632013,0,0.5141701979057494,0.44327190413104933
AI4,0.08420865985343377,0.15127327005093663,0.35239155026180136,0.4121265198338283
AE4,0,0.47088776818590533,0,0.5291122318140947
AO4,0.07721043358967901,0.2333974943817107,0.2693367259624702,0.42005534606614015
IA4,0.0994062959006123,0,0.5047268361276306,0.3958668679717571
II4,0.1226413814399073,0.1045411617466588,0.3967354703835154,0.3760819864299186
IE4,0.15505355176589736,0.2283608381570127,0.26662010670531167,0.3499655033717783
IO4,0.1351535030969152,0.16132632510828165,0.33806874366393325,0.36545142813086984
EA4,0,0.18537019853501768,0.324142516741503,0.49048728472347924
EI4,0,0.19581975469687607,0.3124998331986665,0.4916804121044574
EE4,0.15990166440478978,0.15038020574812416,0.34709886543073204,0.3426192644163539
EO4,0.09158964588233857,0.17711243343219432,0.3179196668950474,0.41337825379041965
OA4,0.07851289119411801,0.09583518557898202,0.4100448673427341,0.41560705588416574
OI4,0.11366484936650428,0.10867352426007754,0.39109866452575615,0.3865629618476621
OE4,0.17889382452445465,0.14789996353459797,0.3468548144228505,0.3263513975180968
OO4,0.1475560348221125,0.1298610505781398,0.3649418079581223,0.3576411066416254
