AA1,0.4779786274073709,0,0.5220213725926292,0
AI1,0.09580172049262502,0,0.8264301589155207,0.07776812059185424
AE1,0.09014318205439698,0.27337601204593814,0.16175222862485664,0.4747285772748082
AO1,0.09509987827196752,0.02394291315149843,0.4285003493952935,0.4524568591812406
IA1,0.18893425599515676,0.07967715839984159,0.48405722103070353,0.247331364574298
II1,0.04348635948509994,0.01627407521364729,0.546019481621517,0.39422008367973577
IE1,0.09753947642023379,0.32929273989580365,0.149205067030454,0.42396271665350854
IO1,0.04799233588922498,0.03711038567763819,0.3730646816010507,0.5418325968320862
EA1,0,0.6438939286026455,0,0.35610607139735445
EI1,0,0.08679478898993527,0.10328301827739135,0.8099221927326733
EE1,0.15174761624069852,0.05559755289196099,0.41989888467432307,0.3727559461930174
EO1,0.020168040671729816,0.03608895336139255,0.31902599649170016,0.6247170094751775
OA1,0.05827759773369112,0.22754712114949505,0.168094692440111,0.5460805886767028
OI1,0.014569962204902248,0.04526620078946256,0.2480420025650005,0.6921218344406347
OE1,0.1504631852281332,0.18063104598123744,0.25509571811922055,0.41381005067140886
OO1,0.0205745869389682,0.03926549427434319,0.2954443256957459,0.6447155930909426
AA2,0.32313539022422033,0.0329941403808308,0.4652040470025412,0.1786664223924077
AI2,0.03011240126903265,0.025317621786185844,0.517648618840652,0.4269213581041294
AE2,0,0.5751045753026993,0,0.42489542469730074
AO2,0,0.10676225210863556,0.1233364138968838,0.7699013339944806
IA2,0.46124013922979995,0.02414122148778748,0.4058536817128732,0.10876495756953931
II2,0.06173239880930314,0.0067758216793674525,0.690360352691528,0.24113142681980154
IE2,0.23023714373925083,0.20977723106159965,0.19321369909944267,0.36677192609970694
IO2,0.07949235872247173,0.021601274515900774,0.48469655553256574,0.4142098112290618
EA2,0,0.5751045753026993,0,0.42489542469730074
EI2,0,0.06873002306288878,0.1764821443557442,0.754787832581367
EE2,0.2737428054772416,0.028139161567461043,0.4653732952716526,0.2327447376836447
EO2,0.027453171564844427,0.023769611894257237,0.4630476695564293,0.48572954698446913
OA2,0.35950862983665166,0.1638934565222316,0.21656713908377068,0.26003077455734613
OI2,0.05299713593870813,0.010842654854278478,0.6103828673492446,0.3257773418577688
OE2,0.34895479022921705,0.022843922455042076,0.4537913650003437,0.17440992231539704
OO2,0.08277073256614617,0.006697716749875709,0.6503261043413219,0.2602054463426563
AA3,0.16011776307872108,0,0.7182395029930094,0.12164273392826959
AI3,0.3260753614873493,0,0.6088468099039551,0.06507782860869568
AE3,0.08801911832976796,0.49728517245492093,0.10582636560951733,0.3088693436057938
AO3,0.3114749189562781,0.15674161098593492,0.27752471181087995,0.25425875824690697
IA3,0.03742952985696028,0,0.7330063886304282,0.22956408151261148
II3,0.1247071664295835,0.06532002497439329,0.45721735326801094,0.3527554553280123
IE3,0.09523744277929475,0.56162964408635,0.08969219271402892,0.25344072042032645
IO3,0.15036547897564034,0.2561362165091909,0.23345597059987105,0.36004233391529783
EA3,0,0.16859675356060702,0.09722758422741787,0.734175662211975
EI3,0,0.2043443673654887,0.08502926190152887,0.7106263707329824
EE3,0.2787296651754741,0.10290459256462453,0.3188961689935725,0.29946957326632895
EO3,0.06860858743182464,0.19604542968276434,0.21753180769679045,0.5178141751886205
OA3,0,0.031494118750860146,0.22539212390982166,0.7431137573393182
OI3,0.04762867526789344,0.1492285287905605,0.20556290136493663,0.5975798945766094
OE3,0.21738673296398778,0.32984084639269823,0.17207871554876142,0.28069370509455266
OO3,0.0815765193334675,0.2865690102474304,0.17753004973319841,0.45432442068590373
AA4,0.008785826689494649,0,0.6995323164290635,0.2916818568814419
AI4,0.06192008371400804,0.056087923768313216,0.38264942742526725,0.4993425650924115
AE4,0,0.6971476165182723,0,0.30285238348172777
AO4,0.04187865210154924,0.2964816627779597,0.13427366215879946,0.5273660229616915
IA4,0.05300640125973306,0,0.7662106542226301,0.18078294451763674
II4,0.17073283511638612,0.01533683755838481,0.5054062358785226,0.30852409144670645
IE4,0.23032946595581671,0.3096534640133071,0.13965790272681786,0.32035916730405833
IO4,0.25527440180261707,0.10085281038578688,0.283042001770603,0.3608307860409931
EA4,0,0.08728317994859855,0.1267640572937233,0.7859527627576781
EI4,0,0.09891084331586242,0.11405797989245121,0.7870311767916864
EE4,0.4066194370686777,0.04357068252067452,0.31114240136890126,0.23866747904174643
EO4,0.10765050121053636,0.10247876241344986,0.26648313054505823,0.5233876058309557
OA4,0.044490283015234826,0.012742888472424033,0.45219312413244134,0.4905737043798998
OI4,0.1584446373521088,0.01836544489711649,0.42996920196718036,0.3932207157835944
OE4,0.5373932845617269,0.031742881807493094,0.26941526087423934,0.1614485727565407
OO4,0.41924901725576375,0.027433478950109322,0.3299130725463478,0.22340443124777912
