AA1,0.5738804566103938,0,0.42611954338960634,0
AI1,0.3314034670282727,0,0.594186749972259,0.07440978299946827
AE1,0.2806359280913719,0.05611043656619171,0.396706850576385,0.2665467847660512
AO1,0.22682827020726018,0.0029788121455044904,0.595839386826483,0.17435353082075244
IA1,0.4543084787119981,0.00019040295527033988,0.4800592251566531,0.0654418931760785
II1,0.22564750038103557,0.000042851492840167724,0.6237655045544088,0.15054414357171536
IE1,0.28874929741969,0.05817287621011489,0.3929608002881892,0.26011702608200593
IO1,0.14950817591794957,0.003304816216546151,0.6092950351929209,0.2378919726725834
EA1,0,0.24534119328116982,0,0.7546588067188301
EI1,0,0.02549165412617122,0.33394464772413524,0.6405636981496935
EE1,0.2771942074737053,0.014893351052030466,0.48095317396740106,0.22695926750686307
EO1,0.07134975139035303,0.014235981852113336,0.46230023674251125,0.45211403001502243
OA1,0.2646594799582111,0.0017466947277570567,0.5055126220888163,0.22808120322521544
OI1,0.12660920701767198,0.0029129803758916996,0.5712345205732219,0.29924329203321437
OE1,0.3001123984488897,0.05281831077735786,0.4038933282796267,0.24317596249412562
OO1,0.06558131526627027,0.004830541846984844,0.5606083483290524,0.36897979455769253
AA2,0.4434260243444365,0.00009202467457658079,0.4993660446897448,0.057115906291242045
AI2,0.19444968375133265,0.0001263958647180108,0.6201992205559601,0.18522469982798936
AE2,0,0.2095468716332866,0,0.7904531283667133
AO2,0,0.005864759167420182,0.5094285813452649,0.48470665948731495
IA2,0.45480802706319146,0.00009843352769793378,0.4929955343462967,0.05209800506281388
II2,0.2398654770445746,0.00003010171008281228,0.6255887594808621,0.13451566176448054
IE2,0.3543361228072995,0.05006606837041887,0.36979321837951473,0.22580459044276707
IO2,0.1667006910303528,0.0033750433536673787,0.6105520378817152,0.2193722277342647
EA2,0,0.2095468716332866,0,0.7904531283667133
EI2,0,0.023722232605251685,0.37965293760328045,0.5966248297914678
EE2,0.34343876881828045,0.012937943647042885,0.446476094497648,0.19714719303702852
EO2,0.07921004597733568,0.0139763293844114,0.4849079031442989,0.42190572149395406
OA2,0.47744594270762947,0.0005477427790446444,0.47422832653257985,0.0477779879807459
OI2,0.25561620083837877,0.000019293760048009294,0.6209922075930207,0.12337229780855244
OE2,0.3748308380370508,0.012759996494733276,0.44394366044782435,0.16846550502039162
OO2,0.20785381080868467,0.0015516943530723758,0.6189893925893684,0.1716051022488747
AA3,0.35324583750986926,0,0.5640540837808824,0.08270007870924836
AI3,0.40858552635329887,0,0.5301331321318496,0.06128134151485151
AE3,0.2937989664862711,0.09162110045911512,0.367555358210431,0.24702457484418291
AO3,0.4462068952104429,0.004985704593708106,0.4835078867722146,0.06529951342363438
IA3,0.23109079871802712,0,0.6015237600538875,0.16738544122808546
II3,0.31015547842642716,0.0009114143860398117,0.5560879941853468,0.1328451130021861
IE3,0.3010995916349096,0.10098094554919528,0.35932307180479345,0.23859639101110164
IO3,0.345571517664211,0.010495420190645763,0.5145703445062095,0.12936271763893378
EA3,0,0.03908756730282667,0.335000098025942,0.6259123346712312
EI3,0,0.045170416250816386,0.3254488580100967,0.6293807257390869
EE3,0.3005796232655719,0.018479952795721878,0.4638635056851067,0.21707691825359945
EO3,0.15882814938273213,0.03516240865261423,0.4245154531646993,0.38149398879995433
OA3,0,0.0006816177757103765,0.5189010741291173,0.4804173080951722
OI3,0.19717934831246306,0.005000289239600148,0.514672959734674,0.2831474027132628
OE3,0.318662429569341,0.08896447629554265,0.36954234375795886,0.22283075037715747
OO3,0.22223605138654356,0.0182989575531087,0.4942393508320624,0.26522564022828526
AA4,0.14913634821858102,0,0.6190888808396413,0.23177477094177762
AI4,0.23326822102462286,0.00025088043344454033,0.5858445108802802,0.18063638766165235
AE4,0,0.2738927986200043,0,0.7261072013799957
AO4,0.26042543206160723,0.008897366712896457,0.5424948669686892,0.1881823342568071
IA4,0.23434069032661287,0,0.607939980549866,0.15771932912352102
II4,0.31560440933796025,0.0000470597982507005,0.5612661179955014,0.12308241286828754
IE4,0.3633719377651866,0.06713077488754396,0.3430211298788314,0.2264761574684381
IO4,0.35171748754940224,0.004810507346945263,0.5231494710102684,0.12032253409338399
EA4,0,0.025531932730940385,0.34322045873287527,0.6312476085361844
EI4,0,0.0263285946859924,0.3352858057448015,0.6383855995692062
EE4,0.3576562711700215,0.01520724280317184,0.4266814061345666,0.20045507989223996
EO4,0.16168963338005504,0.024020956342595517,0.43838681238162486,0.3759025978957245
OA4,0.25760752773471196,0.000014123064316675568,0.5895799824007327,0.15279836680023848
OI4,0.35232438968540347,0.000022567225535341877,0.5380546069848159,0.10959843610424524
OE4,0.40093496483827634,0.014738496409832654,0.41657900166188083,0.16774753709001017
OO4,0.40063773941241443,0.002179438896301852,0.5004463120707756,0.09673650962050817
