AA1,0.41929205251876606,0,0.580707947481234,0
AI1,0.19217713998460986,0,0.532129627967861,0.27569323204752916
AE1,0.05144157547838219,0.39998803071660066,0.11200632395040064,0.43656406985461654
AO1,0.0532924964481292,0.2822582506545879,0.21673823964456812,0.4477110132527148
IA1,0.087939086185085,0.33848285354059443,0.16336782864896585,0.41021023162535475
II1,0.056337262860236895,0.294937198723885,0.19323955953374372,0.45548597888213416
IE1,0.054782716066736466,0.40585327863258464,0.10741524662761606,0.4319487586730628
IO1,0.036150356716702164,0.2777596550216559,0.19893610510994236,0.48715388315169966
EA1,0,0.49841157792869595,0,0.5015884220713042
EI1,0,0.38420705515160014,0.08361857179556101,0.5321743730528387
EE1,0.07849936721558139,0.3462661142886411,0.16934896204324695,0.4058855564525305
EO1,0.02719823157259002,0.3068912316412157,0.15783532976572257,0.5080752070204718
OA1,0.03590727418337258,0.4201796826606772,0.08658289533998641,0.45733014781596387
OI1,0.0225632161910242,0.35671450411376027,0.13543645961386533,0.48528582008135007
OE1,0.06830927701432356,0.3772723149145163,0.1414668014871404,0.41295160658401975
OO1,0.024003478417739754,0.31128866258884125,0.16781765668488885,0.4968902023085303
AA2,0.10669357454529314,0.2983527908610378,0.19642686128866746,0.3985267733050016
AI2,0.06022544261055489,0.2884223677869162,0.20277141069845575,0.44858077890407316
AE2,0,0.4865365202484401,0,0.5134634797515599
AO2,0,0.3428853840491819,0.13575750612125984,0.5213571098295583
IA2,0.12592572526042736,0.2905029777674522,0.20443027353478938,0.379141023437331
II2,0.08027111869488673,0.2539509229008822,0.24711008302894955,0.41866787537528144
IE2,0.09620288995185963,0.3632687724842103,0.1490859329683954,0.39144240459553464
IO2,0.060121295389166725,0.2475670408738133,0.2545697233828339,0.43774194035418607
EA2,0,0.4865365202484401,0,0.5134634797515599
EI2,0,0.3677318269434846,0.1248265944388591,0.5074415786176562
EE2,0.12937597418844105,0.2976883309178262,0.22157347916839526,0.3513622157253375
EO2,0.044573231248645984,0.28310318323725675,0.22202596958317813,0.45029761593091905
OA2,0.07039002710661613,0.3990264845139305,0.09892561250192143,0.43165787587753196
OI2,0.045132257071967774,0.299662659069339,0.20626975695816477,0.44893532690052845
OE2,0.13862281508511948,0.2927654374399869,0.22611773796203988,0.3424940095128537
OO2,0.06617913788820849,0.257626982945736,0.2563705501050311,0.4198233290610243
AA3,0.19488852224513958,0,0.49413419934454145,0.3109772784103189
AI3,0.22884256473250655,0,0.5013111010277699,0.2698463342397234
AE3,0.05588339380368299,0.42090589034785253,0.10262709072340144,0.420583625125063
AO3,0.09747527106130915,0.3618236148239357,0.16897982372368345,0.3717212903910716
IA3,0.08790087165146902,0,0.42300287691744837,0.4890962514310826
II3,0.06704402406245395,0.3253649977178847,0.1796235403432276,0.42796743787643365
IE3,0.0601654583791726,0.42729970742242385,0.0982271911190796,0.4143076430793239
IO3,0.07027870785885776,0.37047361925466793,0.14430133207527707,0.41494634081119725
EA3,0,0.39644545306538886,0.07839088725229686,0.5251636596823143
EI3,0,0.4030504289744282,0.07402529496704066,0.5229242760585312
EE3,0.08982679026354985,0.35896064082636076,0.1552313637463145,0.3959812051637749
EO3,0.0338965552565049,0.3990065484616014,0.09410324253105648,0.47299365375083724
OA3,0,0.3358062891021608,0.1386460983230942,0.525547612574745
OI3,0.029675909421950412,0.3775322177520814,0.12513462220452087,0.4676572506214472
OE3,0.07754023573212007,0.3941392370718904,0.12969803654993195,0.3986224906460576
OO3,0.05145091184147304,0.39701848886264085,0.11862861464991664,0.4329019846459696
AA4,0.04763014070120219,0,0.4392074402098519,0.5131624190889459
AI4,0.05893520700048253,0.33659236195254216,0.17308038122188166,0.4313920498250936
AE4,0,0.5229113257297112,0,0.4770886742702889
AO4,0.05137051812189398,0.3979940867142355,0.11997451378873233,0.43066088137513814
IA4,0.11686228801912683,0,0.4605373722896211,0.42260033969125205
II4,0.08510892446040749,0.2974126533239742,0.20642754057065762,0.4110508816449606
IE4,0.09340865230109269,0.4029050860263802,0.11598672454936503,0.3876995371231621
IO4,0.09215589299639677,0.3463066815092687,0.16628134462152758,0.395256080872807
EA4,0,0.39444839172334384,0.09723953722296576,0.5083120710536905
EI4,0,0.3998971350214643,0.09196304344198575,0.5081398215365498
EE4,0.13069944285104884,0.33345122992467563,0.1744277383901113,0.3614215888341642
EO4,0.04798144600382631,0.3877461790839922,0.11332572724661247,0.45094664766556897
OA4,0.03616787827808546,0.3219002628030868,0.1766531126355842,0.46527874628324345
OI4,0.05211070658227729,0.33099305484737807,0.16640689920584775,0.4504893393644968
OE4,0.1405699774132371,0.32833297318509636,0.1778117241157489,0.3532853252859176
OO4,0.08675976288292674,0.3490743395181553,0.15516772223563421,0.40899817536328376
