AA1,0.518540112577163,0,0.4814598874228369,0
AI1,0.1679044451506607,0,0.6530364982941664,0.17905905655517296
AE1,0.04013407775867839,0.4038375380090548,0.07535364382108824,0.4806747404111786
AO1,0.040730615814876026,0.2056749095492899,0.28615702075666694,0.46743745387916713
IA1,0.24264764855803275,0.1899520659850426,0.3285427330198547,0.23885755243707
II1,0.09776964156867318,0.15542881628668773,0.3949730089684743,0.35182853317616475
IE1,0.046335808035164516,0.4164406880592605,0.06819022673643228,0.46903327716914267
IO1,0.03475182783493391,0.21454302005010814,0.2701001443960129,0.480605007718945
EA1,0,0.512657292086719,0,0.48734270791328105
EI1,0,0.23060440858127312,0.17166887090100594,0.597726720517721
EE1,0.15263496760880227,0.18409591476810333,0.33378021939098895,0.3294888982321055
EO1,0.058128477757941756,0.1557681894981309,0.31327412058688603,0.4728292121570412
OA1,0.10270279041950234,0.3214547268279289,0.1935870104439198,0.38225547230864887
OI1,0.0481481948203322,0.20417729166608176,0.26432367950930963,0.4833508340042764
OE1,0.11962200687705256,0.28434319037116224,0.22196577135169118,0.374069031400094
OO1,0.04183223520060522,0.18796605329164628,0.2659802476240252,0.5042214638837232
AA2,0.26271106759285573,0.15726207106583068,0.35076130003004513,0.22926556131126846
AI2,0.07978924445274013,0.15218860140102922,0.4036890254778883,0.3643331286683423
AE2,0,0.4854523452543764,0,0.5145476547456236
AO2,0,0.2718203632058351,0.18136174804976382,0.5468178887444012
IA2,0.2894224686034481,0.14836109910991638,0.3561820484745,0.20603438381213543
II2,0.11646225312695077,0.12601418473295084,0.44166153754626014,0.31586202459383833
IE2,0.08221562487691962,0.37881793486925097,0.08987141459992536,0.4490950256539041
IO2,0.05719531005181072,0.18953734646932008,0.30367854663657506,0.44958879684229414
EA2,0,0.4854523452543764,0,0.5145476547456236
EI2,0,0.21566569273141212,0.21298608519362103,0.5713482220749667
EE2,0.23046982352357154,0.14694911592918297,0.3522094179734374,0.2703716425738082
EO2,0.0841399118410325,0.13695815909613598,0.36632751650671874,0.41257441255611266
OA2,0.20718704423656842,0.2938459398237583,0.1945104419291713,0.30445657401050197
OI2,0.1055185714754948,0.12509844985118915,0.4080045212380221,0.36137845743529406
OE2,0.26065040810793494,0.13628826084757326,0.3582616164280707,0.244799714616421
OO2,0.14348147865765493,0.10010792025138508,0.43617443367668146,0.3202361674142786
AA3,0.18990141559063733,0,0.5993154317470507,0.2107831526623121
AI3,0.2632344998162483,0,0.57586849039978,0.1608970097839716
AE3,0.046660966967823576,0.4566957925262085,0.06282341126275279,0.43381982924321516
AO3,0.1366765741351336,0.3581503030473544,0.15311217347708544,0.3520609493404264
IA3,0.12127488880554992,0,0.5975910611596409,0.28113405003480924
II3,0.1466201750188873,0.20502533657418803,0.3457898918454743,0.3025645965614503
IE3,0.05560367568898909,0.46953126985916527,0.05634973197703013,0.4185153224748155
IO3,0.14546048115542567,0.340884201803487,0.1728290450629736,0.3408262719781137
EA3,0,0.24831644159711927,0.15468330807469968,0.597000250328181
EI3,0,0.2527146545605682,0.15173072740152782,0.5955546180379039
EE3,0.23457078705286255,0.1820090764818321,0.2797502723542914,0.303669864111014
EO3,0.1647318500632403,0.21861021643814313,0.24524637748721886,0.3714115560113978
OA3,0,0.1508768341116212,0.25713489203150247,0.5919882738568762
OI3,0.09017925361156501,0.23111053367429318,0.2373377486893162,0.44137246402482555
OE3,0.17426261811382643,0.29897677473934475,0.18852909640226898,0.3382315107445599
OO3,0.15417751257511184,0.3010847162780027,0.1916328202127405,0.3531049509341449
AA4,0.04897165090409746,0,0.5920279102350139,0.3590004388608887
AI4,0.10041815768174364,0.2087864617442742,0.3427468082148107,0.3480485723591715
AE4,0,0.5454367240103701,0,0.45456327598962987
AO4,0.06904994168258528,0.4124048419881694,0.12217753098157556,0.3963676853476697
IA4,0.13335857310232463,0,0.6046478569480443,0.26199356994963097
II4,0.15458997404196625,0.1698125700240745,0.37027469822944536,0.30532275770451384
IE4,0.07211760627392977,0.4374629677663677,0.06282192838014126,0.42759749757956134
IO4,0.15518388635123231,0.3124137191698411,0.18380305276280573,0.3485993417161209
EA4,0,0.24021436920077166,0.1628480518308961,0.5969375789683323
EI4,0,0.24395171768111032,0.15974453062587035,0.5963037516930194
EE4,0.25143738089773165,0.17329969206491086,0.27924838356997495,0.2960145434673826
EO4,0.17078595801226132,0.21037802270693737,0.251229158531152,0.3676068607496492
OA4,0.10932475187392582,0.13794836547211242,0.3455506299963309,0.4071762526576309
OI4,0.16539797392193775,0.13900521301118948,0.3314094410142505,0.3641873720526223
OE4,0.2864247366538588,0.16072361763175544,0.2831511262496958,0.26970051946469
OO4,0.299967139108148,0.1564745287359948,0.29058402496549657,0.2529743071903607
