AA1,0.5775811636224294,0,0.4224188363775706,0
AI1,0.39784689957529484,0,0.5633479466514831,0.038805153773221975
AE1,0.40336794097641576,0.023198232417875924,0.4895451180497456,0.08388870855596281
AO1,0.383826594343126,0.013435845439453888,0.5339871095130494,0.0687504507043706
IA1,0.42596219902031685,0.03871017387019206,0.4261550682505092,0.1091725588589819
II1,0.3081854336356247,0.009130967954133819,0.5482693244464284,0.13441427396381309
IE1,0.4266242761396674,0.02592345313295788,0.47366578073302373,0.073786489994351
IO1,0.3347949562585368,0.0161899220247997,0.5476809798426466,0.10133414187401694
EA1,0,0.38213691921445286,0,0.6178630807855471
EI1,0,0.017668168773219552,0.3745419152534548,0.6077899159733257
EE1,0.4074588600054801,0.0034045117098674676,0.5305529020361893,0.05858372624846325
EO1,0.2365588433434212,0.0035750471321887634,0.5639445818115966,0.1959215277127936
OA1,0.32212248013007805,0.07793248269892508,0.36949025434322064,0.23045478282777615
OI1,0.18733788032806087,0.010500365838087269,0.5069781607207441,0.2951835931131076
OE1,0.42759626210639184,0.016341275091576804,0.49793626318290657,0.058126199619124845
OO1,0.2506028450849457,0.013282350460406078,0.5541171880561223,0.18199761639852588
AA2,0.44769382195934493,0.020266160635487206,0.4469580823335738,0.08508193507159406
AI2,0.2665321781995196,0.021994135296386844,0.5265792661339672,0.18489442037012624
AE2,0,0.3276121043544729,0,0.672387895645527
AO2,0,0.10302631619987415,0.3064788267737873,0.5904948570263386
IA2,0.4705962938811495,0.018220502050246588,0.43986678206650365,0.07131642200210037
II2,0.34005754136749733,0.004642034155604763,0.5633851608748981,0.09191526360199982
IE2,0.4859456285093841,0.01676992257844311,0.44752176312536834,0.04976268578680426
IO2,0.3785615552810261,0.012309696568674346,0.5401949016199047,0.06893384653039487
EA2,0,0.3276121043544729,0,0.672387895645527
EI2,0,0.01280359434259968,0.5133112045611782,0.4738852010962221
EE2,0.46332167695673826,0.0025049948548652857,0.49447184637348957,0.03970148181490682
EO2,0.2686625994126181,0.0029612023243483815,0.5897470566367602,0.13862914162627335
OA2,0.4757143440662197,0.033884866107519264,0.3942021980532601,0.09619859177300102
OI2,0.28063714994877503,0.0008058722400753868,0.6044894238488444,0.11406755396230528
OE2,0.48002854805399076,0.0022154864593414603,0.4855653754568818,0.03219059002978599
OO2,0.3620686695485373,0.0020477021805649794,0.5743623923859864,0.061521235884911485
AA3,0.42442086816981217,0,0.5297018301663915,0.04587730166379642
AI3,0.4548585633907477,0,0.5124857613531064,0.03265567525614596
AE3,0.4261865249701239,0.05895478299144586,0.4438304425646261,0.07102824947380423
AO3,0.4692811469760128,0.031964873392816624,0.45465476647324543,0.0440992131579252
IA3,0.3257876283943642,0,0.5687726478111079,0.1054397237945279
II3,0.33937234042366826,0.06582043780402352,0.4738733840756696,0.12093383769663862
IE3,0.44602070957298307,0.07617074563530402,0.41717186994694816,0.06063667484476475
IO3,0.4137106250775032,0.07005322953643114,0.43925906564560957,0.076977079740456
EA3,0,0.05008843567714265,0.3869854578561836,0.5629261064666737
EI3,0,0.08266639622648853,0.3608209496144341,0.5565126541590774
EE3,0.4537065646365096,0.008338247224662611,0.4874684394800064,0.05048674865882133
EO3,0.3608508303755011,0.017944958248022978,0.502328862731873,0.1188753486446027
OA3,0,0.022666254145545895,0.43185260395835245,0.5454811418961016
OI3,0.23300084759414658,0.059437912550384886,0.43656922817866795,0.27099201167680054
OE3,0.46660137867168616,0.03746684346116933,0.4471600415499862,0.04877173631715827
OO3,0.3616511605959855,0.08136195110135278,0.4389354069987416,0.1180514813039201
AA4,0.1865062635484548,0,0.5939485120290707,0.2195452244224744
AI4,0.2755620768705188,0.04686342915761663,0.48589595777714495,0.19167853619471958
AE4,0,0.4439808880615666,0,0.5560191119384333
AO4,0.2714202302137332,0.1426905585666219,0.36795035097227335,0.21793886024737152
IA4,0.3531710277009976,0,0.5657281140072604,0.0811008582917418
II4,0.38567362782870707,0.009502242961702469,0.5090689520562298,0.09575517715336061
IE4,0.51339319591745,0.025367556916986535,0.41027199370027484,0.05096725346528865
IO4,0.4653428918345951,0.02145633037177106,0.4515415505079374,0.06165922728569649
EA4,0,0.0157332527949665,0.4571243561180717,0.5271423910869618
EI4,0,0.0207360605042396,0.44030814005422947,0.538955799441531
EE4,0.4993419372100913,0.003500500410039641,0.4565221107783951,0.04063545160147401
EO4,0.3971263410657238,0.005064549905652242,0.504220551139825,0.09358855788879908
OA4,0.2823803397790524,0.0009446294083114803,0.5674784194803397,0.14919661133229653
OI4,0.3452822857837912,0.0015912335288181232,0.5314617263806564,0.12166475430673425
OE4,0.5198525218712509,0.00306500885492707,0.44442058616724295,0.03266188310657904
OO4,0.47714448024239164,0.0030511232330206373,0.4752187716907859,0.04458562483380194
