AA1,0.5384021300375902,0,0.4615978699624097,0
AI1,0.3287859150539116,0,0.5813490139715143,0.08986507097457416
AE1,0.2776588097635169,0.08171262991660273,0.43283004204290315,0.20779851827697712
AO1,0.2642535067777772,0.024155759845615674,0.5336037453528348,0.17798698802377236
IA1,0.27555467191587374,0.07111198222744533,0.43419116743729175,0.21914217841938916
II1,0.18904968017106072,0.0366270679684013,0.5093077688180736,0.26501548304246453
IE1,0.3063929454096205,0.0899945311052017,0.41321339842100235,0.19039912506417542
IO1,0.19056973504808916,0.029537968898437555,0.5184382880472161,0.26145400800625707
EA1,0,0.4340207061316165,0,0.5659792938683835
EI1,0,0.0763286292484081,0.2893406685816061,0.6343307021699858
EE1,0.3087005926510434,0.040448906148254735,0.4967744631174151,0.15407603808328693
EO1,0.10782947267698757,0.03604058184090324,0.48025188069778474,0.3758780647843244
OA1,0.15373714619781487,0.1379610709774475,0.332300534856004,0.3760012479687336
OI1,0.07220244447291332,0.05830028348399245,0.4276417918496236,0.44185548019347065
OE1,0.3240876246447876,0.0633004320177573,0.45367412184331574,0.1589378214941394
OO1,0.11861604510201686,0.03301157091151387,0.4891193762818217,0.3592530077046475
AA2,0.3057142767859129,0.04482615344323379,0.4649000631635054,0.18455950660734785
AI2,0.1449427109589058,0.045875748573868155,0.5014205896751635,0.30776095079206256
AE2,0,0.3770384742808254,0,0.6229615257191747
AO2,0,0.09393267046377313,0.3045633720299965,0.6015039575062304
IA2,0.34181742425812484,0.042385451865946534,0.4577469842586716,0.1580501396172571
II2,0.23786399135793407,0.02362711000403816,0.5430804340118077,0.19542846462622013
IE2,0.38492072489673174,0.062081923207139636,0.41327940366261284,0.13971794823351588
IO2,0.24277841208135714,0.021403109813118312,0.541420551058503,0.19439792704702158
EA2,0,0.3770384742808254,0,0.6229615257191747
EI2,0,0.06619127969846142,0.38501279366387225,0.5487959266376664
EE2,0.3785603131790358,0.02914612541364667,0.48241634522402055,0.10987721618329696
EO2,0.14167238322438644,0.030229678881747917,0.5397484841890711,0.28834945370479464
OA2,0.33547505016509394,0.0974130995060488,0.358850494652447,0.2082613556764103
OI2,0.1921094672725678,0.026586196608195844,0.5485675784040355,0.23273675771520094
OE2,0.4039300092603842,0.026539994811408896,0.4750497695094897,0.09448022641871716
OO2,0.24487173340121318,0.015637854465044874,0.5614316582729519,0.17805875386078998
AA3,0.3370784159243839,0,0.5547238937647188,0.10819769031089727
AI3,0.380233766802693,0,0.537885362761107,0.0818808704362
AE3,0.2974171991625025,0.13136683663844603,0.38463414250929445,0.18658182168975695
AO3,0.3799250570593194,0.04972673301451941,0.45809777830671977,0.11225043161944145
IA3,0.17948599494803144,0,0.568327609651132,0.2521863954008364
II3,0.21771889346179613,0.06562242977646486,0.47055485327264057,0.24610382348909846
IE3,0.3206106144851643,0.15640922746640762,0.3563725783524523,0.16660757969597584
IO3,0.266511725001516,0.11280751989590683,0.4105124448467467,0.21016831025583055
EA3,0,0.1150800560057118,0.2910668086238543,0.5938531353704339
EI3,0,0.13986561684761037,0.27040064674260067,0.5897337364097889
EE3,0.34851168353762535,0.05328781602594897,0.45493127583818715,0.14326922459823854
EO3,0.19040625541313472,0.11071656803757138,0.40146487888978843,0.29741229765950544
OA3,0,0.04401155526567391,0.37628242757011376,0.5797060171642124
OI3,0.0881159219613344,0.10920686441501358,0.394834379001843,0.4078428346218091
OE3,0.3543240207637084,0.098060110619506,0.4040359738201341,0.14357989479665156
OO3,0.2074225263342899,0.1335491651069724,0.3888254893199845,0.27020281923875306
AA4,0.05477425419530489,0,0.5799163122964895,0.3653094335082055
AI4,0.1595175954974629,0.07044882833908872,0.4540124860466648,0.31602109011678353
AE4,0,0.49429880516678176,0,0.5057011948332183
AO4,0.16070853539074176,0.1435749741289282,0.3475598091796277,0.3481566813007023
IA4,0.21735502120698452,0,0.5801889158751837,0.2024560629178317
II4,0.26820888654257174,0.03356761230634434,0.4944454328912448,0.20377806825983905
IE4,0.4105247151909976,0.08124368897041914,0.36591135670257025,0.142320239136013
IO4,0.33405273640214606,0.055584638448340114,0.4339322059701021,0.17643041917941163
EA4,0,0.07571284229337198,0.3572158195576664,0.5670713381489615
EI4,0,0.08284899939666573,0.3400562123559546,0.5770947882473796
EE4,0.41533607959507185,0.03493086712758586,0.43539345279239355,0.11433960048494876
EO4,0.24377202790739863,0.06938707327505841,0.4321830696480934,0.2546578291694495
OA4,0.15640764125627593,0.028033285414026755,0.5222144251454726,0.2933446481842248
OI4,0.22289348831473496,0.03325493528243429,0.4987434528730438,0.24510812352978703
OE4,0.44342869157952824,0.031597270564987574,0.42697051749416626,0.09800352036131785
OO4,0.35958740290803226,0.035305490209553834,0.4565797467887785,0.14852736009363546
