AA1,0.5867528935879439,0,0.4132471064120561,0
AI1,0.3664100395600844,0,0.5745057274449064,0.05908423299500917
AE1,0.36999416816881636,0.011842764128412429,0.5116872204219652,0.10647584728080585
AO1,0.35314613679397483,0.0006580174776414307,0.5612803812231442,0.0849154645052394
IA1,0.3815714664551209,0.05094221205128711,0.4064423346705073,0.1610439868230846
II1,0.24491960247409286,0.015012070610360419,0.5481003535265873,0.19196797338895943
IE1,0.3998108888618701,0.016818507387618385,0.501153530771543,0.08221707297896834
IO1,0.26722523270274345,0.0022023101128010743,0.5987785471452148,0.13179391003924068
EA1,0,0.3535975800722374,0,0.6464024199277626
EI1,0,0.016829197328569474,0.3337823929418399,0.6493884097295906
EE1,0.36389276389103453,0.002236398038436182,0.5632226676242637,0.0706481704462657
EO1,0.1736480435938915,0.0022927142788263656,0.5765486850234522,0.24751055710382996
OA1,0.2799895826422757,0.12266556903552753,0.33219847814841924,0.2651463701737775
OI1,0.15319562861728686,0.02145487783285143,0.48258322927467723,0.3427662642751845
OE1,0.3922000815831494,0.011306309951061282,0.5250285975678463,0.07146501089794315
OO1,0.19052240849649243,0.002083013818757644,0.575036676449542,0.23235790123520791
AA2,0.4192766035822398,0.02537644186702362,0.4325766628404435,0.12277029171029301
AI2,0.2055033516254054,0.0306437889279504,0.5247642033950796,0.2390886560515647
AE2,0,0.3071769724021882,0,0.6928230275978118
AO2,0,0.05720797523541654,0.31654261765611813,0.6262494071084652
IA2,0.4394464723380116,0.023887624722294824,0.4296323425919541,0.10703356034773959
II2,0.280864654465263,0.007247390639986874,0.5800605845157738,0.13182737037897646
IE2,0.484155552641573,0.010235164223144728,0.4507646435314207,0.054844639603861545
IO2,0.3058943946427649,0.0015491484858029124,0.600635091413748,0.09192136545768417
EA2,0,0.3071769724021882,0,0.6928230275978118
EI2,0,0.013455170480541762,0.4664828189572187,0.5200620105622396
EE2,0.44304876650054936,0.001730929325193087,0.5079529168612681,0.04726738731298937
EO2,0.19821133394827634,0.0021306298037441405,0.6243708343028141,0.1752872019451654
OA2,0.432544250374577,0.06871553913033682,0.35825427263248283,0.14048593786260327
OI2,0.2363001998289916,0.006473316675775163,0.5938683720376294,0.1633581114576037
OE2,0.46540494739235266,0.001401283048858003,0.49534319908368535,0.03785057047510405
OO2,0.29127189196315656,0.000547326571993985,0.6225115763388271,0.08566920512602229
AA3,0.3933165831574259,0,0.542990072252733,0.06369334458984113
AI3,0.43522654627361745,0,0.5180905621517634,0.046682891574619245
AE3,0.40290877814721865,0.043401481577880804,0.4678325020794391,0.08585723819546141
AO3,0.45892702790401174,0.0056935269308370905,0.48261039698183844,0.05276904818331271
IA3,0.25672379401962814,0,0.5832186262739395,0.1600575797064323
II3,0.2984278038699257,0.08199208986653128,0.45259272973780496,0.16698737652573797
IE3,0.4192481206602063,0.09307225461474038,0.42525570684814396,0.0624239178769094
IO3,0.37553195535670214,0.051041899488352804,0.46415324126806384,0.10927290388688128
EA3,0,0.052959610194969635,0.3503496178901626,0.5966907719148679
EI3,0,0.08542653046414567,0.32059653873613897,0.5939769307997154
EE3,0.4183236828289594,0.003623162202609831,0.5195892746901198,0.05846388027831106
EO3,0.27867958659197234,0.02939546696205543,0.519785471032847,0.1721394754131251
OA3,0,0.028648871551989162,0.3962465002309414,0.5751046282170695
OI3,0.21029689906601542,0.09579306079867504,0.39443660000517217,0.2994734401301373
OE3,0.4400077045963699,0.034368302113808355,0.4685083443716119,0.05711564891820984
OO3,0.2963340577777742,0.07968582394861509,0.44611118974792024,0.17786892852569033
AA4,0.1253295799823323,0,0.5949189328282538,0.2797514871894138
AI4,0.22311052215567767,0.0631324506981539,0.47105706656258856,0.24269996058357982
AE4,0,0.4463979877107055,0,0.5536020122892945
AO4,0.22072126237674203,0.10074852012643995,0.39219900245954326,0.2863312150372746
IA4,0.2831373057130811,0,0.5936990652059501,0.12316362908096891
II4,0.34365112863974007,0.014418252530978727,0.5087175481548276,0.13321307067445365
IE4,0.5213474835239353,0.0160386761047273,0.41067021717977165,0.05194362319156581
IO4,0.4259315162006912,0.006270310374858647,0.4823449251912392,0.08545324823321088
EA4,0,0.017318929814443856,0.42460420650723774,0.5580768636783183
EI4,0,0.022353575587103967,0.40238724926581276,0.5752591751470834
EE4,0.48598649768973945,0.0024051306874162,0.4666016367784881,0.04500673484435633
EO4,0.3163443192124204,0.01049237586616484,0.5370482911998545,0.13611501372156015
OA4,0.2298727542174942,0.007892418450601043,0.5443795940694832,0.21785523326242143
OI4,0.3152408002003205,0.010984521095651713,0.5063590392319932,0.1674156394720347
OE4,0.5156039317051431,0.0019144159673833024,0.4472417950661054,0.03523985726136822
OO4,0.4178405072139622,0.005663374693341217,0.5063637385869262,0.07013237950577045
