0.49498031690316174,0.051202396309513044,0.29146775038259926,0.09688706024760334,0.09756333102786373,0.03647428005018915,0.1383731192090585,0.005228977052176445,0.2828030857209965,
1.125807091012801,0.13424940340808447,0.15532572843080797,0.3129220324045374,0.15028293333080078,0.15017884744412988,0.0899686213978668,0.001235662687097728,0.005836770896674806,
3.0121194680287573,0.13424940340808447,0.15532572843080797,0.3129220324045374,0.15028293333080078,0.15017884744412988,0.0899686213978668,0.001235662687097728,0.005836770896674806,
4.723027091873573,0.13424940340808447,0.15532572843080797,0.3129220324045374,0.15028293333080078,0.15017884744412988,0.0899686213978668,0.001235662687097728,0.005836770896674806,
4.710485705911529,0.13424940340808447,0.15532572843080797,0.3129220324045374,0.15028293333080078,0.15017884744412988,0.0899686213978668,0.001235662687097728,0.005836770896674806,
4.710485705911529,0.13424940340808447,0.15532572843080797,0.3129220324045374,0.15028293333080078,0.15017884744412988,0.0899686213978668,0.001235662687097728,0.005836770896674806,
5.156561546555323,0.13424940340808447,0.15532572843080797,0.3129220324045374,0.15028293333080078,0.15017884744412988,0.0899686213978668,0.001235662687097728,0.005836770896674806,
3.970207434754337,0.13424940340808447,0.15532572843080797,0.3129220324045374,0.15028293333080078,0.15017884744412988,0.0899686213978668,0.001235662687097728,0.005836770896674806,
3.541271463016907,0.13424940340808447,0.15532572843080797,0.3129220324045374,0.15028293333080078,0.15017884744412988,0.0899686213978668,0.001235662687097728,0.005836770896674806,
3.4291832533466837,0.13424940340808447,0.15532572843080797,0.3129220324045374,0.15028293333080078,0.15017884744412988,0.0899686213978668,0.001235662687097728,0.005836770896674806,
1.154936033612542,0.16113620254865288,0.01563655736612492,0.03689486582190408,0.2808379316912608,0.2121773122433174,0.264197416456037,0.012562412196355394,0.0165573016763475,
1.0475252342064285,0.3881482554139287,0.1133991105125318,0.1614855209011423,0.03770048354285079,0.047459125537805597,0.20277680541314264,0.014241611010304469,0.034789087668293604,
2.3686205373582605,0.17336403318477273,0.1880157973555178,0.06786547509016043,0.09076350571043225,0.09214788094108076,0.343377075533746,0.022448238091505424,0.022017994092784765,
2.0244743075842004,0.17336403318477273,0.1880157973555178,0.06786547509016043,0.09076350571043225,0.09214788094108076,0.343377075533746,0.022448238091505424,0.022017994092784765,
3.061651983049951,0.19111197513075526,0.25333709279440386,0.03135451498099959,0.06889299997270294,0.08846987614318307,0.3542868620511163,0.0019536791959948807,0.01059299973084407,
1.2594541856567225,0.19263680149480802,0.17705677363070657,0.0691905164100454,0.166717480410927,0.291496709795384,0.027538538768414323,0.032042788920484865,0.04332039056922971,
1.7294746679109396,0.050661758548384624,0.5071116026253787,0.026823428485289964,0.2001165959732289,0.10299073187353083,0.08002856505885923,0.008508133414195446,0.023759184021132196,
2.831038092257502,0.15458781538573677,0.35024853651464266,0.3202202741065475,0.011306356852344565,0.06194989745548817,0.0710565040651806,0.014225288202501506,0.016405327417558273,
2.8398466165329417,0.17635008322536944,0.24523261409144864,0.1504040730122262,0.20963053342541527,0.055475910216384684,0.07939934592784913,0.023852068071490096,0.059655372029816724,
2.628323829702362,0.08380494703863563,0.27767065239466765,0.1523128895469879,0.03996437784385238,0.14577366781270817,0.23642598454475386,0.016685671207859656,0.0473618096105348,
1.5378496128422436,0.08380494703863563,0.27767065239466765,0.1523128895469879,0.03996437784385238,0.14577366781270817,0.23642598454475386,0.016685671207859656,0.0473618096105348,
3.9937976948702354,0.23781925307656143,0.3050369704555743,0.021454209347828084,0.21493418418282773,0.06816165367669115,0.12209490378275474,0.008519626995322223,0.021979198482440333,
1.2793303184616256,0.3087686216441415,0.09310877087519001,0.047212644872344535,0.13218505801934088,0.29591455241860193,0.06531950661574165,0.007533271702110265,0.04995757385252937,
1.1961790221018038,0.3087686216441415,0.09310877087519001,0.047212644872344535,0.13218505801934088,0.29591455241860193,0.06531950661574165,0.007533271702110265,0.04995757385252937,
2.0458002332808483,0.3087686216441415,0.09310877087519001,0.047212644872344535,0.13218505801934088,0.29591455241860193,0.06531950661574165,0.007533271702110265,0.04995757385252937,
1.5402597404460416,0.3087686216441415,0.09310877087519001,0.047212644872344535,0.13218505801934088,0.29591455241860193,0.06531950661574165,0.007533271702110265,0.04995757385252937,
1.101299202467169,0.054569858106801004,0.34208373067313474,0.3076469575728203,0.03700749506837767,0.1340935333619268,0.0694220376105017,0.026325813811973353,0.0288505737944644,
1.9677670893330759,0.14044628533949077,0.09805982543671328,0.13907173884213053,0.2819640268134904,0.14414150893349617,0.15949663623687207,0.005657117420089637,0.031162860977717005,
2.296932276237688,0.14044628533949077,0.09805982543671328,0.13907173884213053,0.2819640268134904,0.14414150893349617,0.15949663623687207,0.005657117420089637,0.031162860977717005,
1.6151692031797056,0.14044628533949077,0.09805982543671328,0.13907173884213053,0.2819640268134904,0.14414150893349617,0.15949663623687207,0.005657117420089637,0.031162860977717005,
1.2603602222073995,0.14044628533949077,0.09805982543671328,0.13907173884213053,0.2819640268134904,0.14414150893349617,0.15949663623687207,0.005657117420089637,0.031162860977717005,
1.150959282274755,0.045526295209930644,0.06373319316134003,0.1590267992864223,0.21476994870264496,0.18217062242532886,0.2528187272847435,0.021279068596763734,0.06067534533282582,
1.1835366352516294,0.07071386564369118,0.2948892355059168,0.1789689094276926,0.028726202080103878,0.12135360014838303,0.2699792120115158,0.021315987723611658,0.014052987459085115,
1.8130027622929301,0.4209533477323135,0.07513208248917631,0.13550155280666265,0.16326466680141177,0.11567024247357108,0.07493660937474139,0.008525349092231323,0.006016149229891874,
3.047345536076915,0.4209533477323135,0.07513208248917631,0.13550155280666265,0.16326466680141177,0.11567024247357108,0.07493660937474139,0.008525349092231323,0.006016149229891874,
1.8718780637114716,0.4209533477323135,0.07513208248917631,0.13550155280666265,0.16326466680141177,0.11567024247357108,0.07493660937474139,0.008525349092231323,0.006016149229891874,
1.4951586846665819,0.4209533477323135,0.07513208248917631,0.13550155280666265,0.16326466680141177,0.11567024247357108,0.07493660937474139,0.008525349092231323,0.006016149229891874,
2.0822163519638055,0.4209533477323135,0.07513208248917631,0.13550155280666265,0.16326466680141177,0.11567024247357108,0.07493660937474139,0.008525349092231323,0.006016149229891874,
2.147519414059352,0.4209533477323135,0.07513208248917631,0.13550155280666265,0.16326466680141177,0.11567024247357108,0.07493660937474139,0.008525349092231323,0.006016149229891874,
1.7970466680692425,0.14712643445366716,0.29774225842072083,0.033476226667795324,0.021356422574488984,0.1376469705589993,0.3249097023644628,0.0117393819589819,0.02600260300088347,
3.315506597845936,0.14712643445366716,0.29774225842072083,0.033476226667795324,0.021356422574488984,0.1376469705589993,0.3249097023644628,0.0117393819589819,0.02600260300088347,
1.762164777550871,0.08734386942937857,0.12282290427160374,0.5012706426547554,0.11189004135047644,0.07104496602291215,0.04531659493750083,0.009780766442675976,0.05053021489069663,
2.055469839567533,0.15040284708968357,0.14840272320110162,0.2959532959849205,0.21693431584165382,0.04918657667375322,0.09858049198481444,0.023797200482663403,0.016742548741409256,
2.142080932135187,0.2865639203386243,0.18067168968982858,0.12029122504527565,0.1905967802471437,0.12257125386086563,0.07685268514155746,0.009127773128732688,0.013324672547971943,
3.159878034571395,0.2865639203386243,0.18067168968982858,0.12029122504527565,0.1905967802471437,0.12257125386086563,0.07685268514155746,0.009127773128732688,0.013324672547971943,
2.1920731442393957,0.2865639203386243,0.18067168968982858,0.12029122504527565,0.1905967802471437,0.12257125386086563,0.07685268514155746,0.009127773128732688,0.013324672547971943,
3.4458058973877725,0.2865639203386243,0.18067168968982858,0.12029122504527565,0.1905967802471437,0.12257125386086563,0.07685268514155746,0.009127773128732688,0.013324672547971943,
2.7811495267237136,0.15340092576781153,0.18756921828257192,0.24732433320197222,0.08665969475777277,0.13523596888410738,0.1685163973973754,0.001754696664861574,0.019538765043527192,
5.766440212475484,0.15340092576781153,0.18756921828257192,0.24732433320197222,0.08665969475777277,0.13523596888410738,0.1685163973973754,0.001754696664861574,0.019538765043527192,
5.766440212475484,0.15340092576781153,0.18756921828257192,0.24732433320197222,0.08665969475777277,0.13523596888410738,0.1685163973973754,0.001754696664861574,0.019538765043527192,
5.766440212475484,0.15340092576781153,0.18756921828257192,0.24732433320197222,0.08665969475777277,0.13523596888410738,0.1685163973973754,0.001754696664861574,0.019538765043527192,
3.741131325789458,0.15340092576781153,0.18756921828257192,0.24732433320197222,0.08665969475777277,0.13523596888410738,0.1685163973973754,0.001754696664861574,0.019538765043527192,
3.741131325789458,0.15340092576781153,0.18756921828257192,0.24732433320197222,0.08665969475777277,0.13523596888410738,0.1685163973973754,0.001754696664861574,0.019538765043527192,
3.741131325789458,0.15340092576781153,0.18756921828257192,0.24732433320197222,0.08665969475777277,0.13523596888410738,0.1685163973973754,0.001754696664861574,0.019538765043527192,
3.4819430975016794,0.15340092576781153,0.18756921828257192,0.24732433320197222,0.08665969475777277,0.13523596888410738,0.1685163973973754,0.001754696664861574,0.019538765043527192,
2.0556816238079856,0.15340092576781153,0.18756921828257192,0.24732433320197222,0.08665969475777277,0.13523596888410738,0.1685163973973754,0.001754696664861574,0.019538765043527192,
4.790781292569654,0.15340092576781153,0.18756921828257192,0.24732433320197222,0.08665969475777277,0.13523596888410738,0.1685163973973754,0.001754696664861574,0.019538765043527192,
6.274518697888535,0.15340092576781153,0.18756921828257192,0.24732433320197222,0.08665969475777277,0.13523596888410738,0.1685163973973754,0.001754696664861574,0.019538765043527192,
5.20723224479113,0.32709540356873584,0.04264221932382069,0.20883166850765963,0.010495321691190572,0.05131219060807731,0.27728660057934434,0.008647781413808474,0.07368881430736313,
1.255829655648838,0.12757809612686238,0.2193749355133738,0.1884226171119207,0.07176194339125996,0.08384475135042561,0.24303514791569283,0.011171413623655318,0.054811094966809394,
2.5292655814175333,0.12757809612686238,0.2193749355133738,0.1884226171119207,0.07176194339125996,0.08384475135042561,0.24303514791569283,0.011171413623655318,0.054811094966809394,
2.560087685047001,0.12757809612686238,0.2193749355133738,0.1884226171119207,0.07176194339125996,0.08384475135042561,0.24303514791569283,0.011171413623655318,0.054811094966809394,
1.1821339361444825,0.01315688324932461,0.38194496754238044,0.18174168368638866,0.07496340626854903,0.13275992683211016,0.09656199229227615,0.015427996045808814,0.1034431440831624,
3.4343336452403954,0.11574154397421481,0.09447655258613741,0.18832029916831267,0.12740145570928216,0.08306700812195472,0.07818144251074308,0.013571072078487439,0.29924062585086786,
2.29256721793784,0.11574154397421481,0.09447655258613741,0.18832029916831267,0.12740145570928216,0.08306700812195472,0.07818144251074308,0.013571072078487439,0.29924062585086786,
2.1795046437912444,0.14625561593732342,0.07171464130735476,0.02253247243882382,0.03869372528916233,0.09043798384055993,0.5502840634818126,0.004788574967943903,0.07529292273701914,
2.210091203879807,0.06708983867805829,0.1431281193200387,0.170418677830887,0.11833338005412757,0.37227345289359687,0.06076293850754322,0.01190249309773056,0.056091099618017726,
1.3387285640806503,0.3239675829184553,0.03135990868240091,0.16558355485663526,0.12571969725046472,0.07497031838355754,0.15667259044803306,0.04194433757491673,0.07978200988553652,
2.1436825726062185,0.24494085859849307,0.010773632122920923,0.3973613876154103,0.023684878085593067,0.15190448898050482,0.007991843467800129,0.009318461551321416,0.15402444957795625,
1.7927126631072356,0.12800438528885683,0.07403117576988397,0.03254311933562362,0.09648081268931595,0.3188859520567915,0.1795841263077556,0.028700360223611186,0.14177006832816133,
1.2352527205808066,0.06850678899313535,0.1578442377884947,0.03441307824476057,0.05493106743295643,0.18724334726963943,0.14767758739660525,0.0187349234128621,0.3306489694615462,
2.1401042732436992,0.2365691910048423,0.13071707706026642,0.058175417482145594,0.06114162219373074,0.07917833668215714,0.14819012077858212,0.01401703586942135,0.2720111989288545,
2.458244926617246,0.14859564013193013,0.03809353522870774,0.20861387437757437,0.04502066335373774,0.16896739997415872,0.2437579942633162,0.0059468540353504774,0.14100403863522454,
2.1720999712779836,0.14859564013193013,0.03809353522870774,0.20861387437757437,0.04502066335373774,0.16896739997415872,0.2437579942633162,0.0059468540353504774,0.14100403863522454,
2.1613005695014564,0.14859564013193013,0.03809353522870774,0.20861387437757437,0.04502066335373774,0.16896739997415872,0.2437579942633162,0.0059468540353504774,0.14100403863522454,
2.6557994916492866,0.14859564013193013,0.03809353522870774,0.20861387437757437,0.04502066335373774,0.16896739997415872,0.2437579942633162,0.0059468540353504774,0.14100403863522454,
1.9089526949112956,0.14859564013193013,0.03809353522870774,0.20861387437757437,0.04502066335373774,0.16896739997415872,0.2437579942633162,0.0059468540353504774,0.14100403863522454,
1.293727822740562,0.03438135377086771,0.06385877387690307,0.2450432082871608,0.032364329904140995,0.08137983771471197,0.12171250599849472,0.015735903829509602,0.4055240866182111,
2.023940571199142,0.036621685282742775,0.46239253910439265,0.16816603061625882,0.0100963390106621,0.12031599650219045,0.11717516124739803,0.02618471379882093,0.05904753443753424,
5.291613387010128,0.5285083145993592,0.21986605464110698,0.044047058402109276,0.016376575325289813,0.10461205265585224,0.07160826004623384,0.0038682206790412385,0.011113463651007356,
2.9503504496028974,0.5285083145993592,0.21986605464110698,0.044047058402109276,0.016376575325289813,0.10461205265585224,0.07160826004623384,0.0038682206790412385,0.011113463651007356,
1.6140015416104012,0.16332729978601726,0.2875014297794218,0.08840759117493369,0.022163637712782274,0.2562549727932382,0.13702137935242684,0.0019418672441552697,0.04338182215702468,
3.7354674933797067,0.42900251868558203,0.060573956820364705,0.1568008424484484,0.015349290148519205,0.02075534204029989,0.20696828945623788,0.003146212177595883,0.10740354822295191,
3.171915333656785,0.26304191891880724,0.06935402556689957,0.14955199646014247,0.037401994886324424,0.32547445000309283,0.04959537902776895,0.005115196356827858,0.10046503878013666,
4.801208244850973,0.26304191891880724,0.06935402556689957,0.14955199646014247,0.037401994886324424,0.32547445000309283,0.04959537902776895,0.005115196356827858,0.10046503878013666,
6.28472121558721,0.1440608494466065,0.07470499921961672,0.11689801405426757,0.032372947902964584,0.2520443909730975,0.30143903945556655,0.0014166740675446324,0.0770630848803358,
3.6107399238701574,0.028136528133312,0.08505825706346352,0.2874974470778761,0.05363214340271727,0.1277846967838429,0.2962345967658639,0.003943788889165114,0.11771254188375911,
3.853780188681619,0.028136528133312,0.08505825706346352,0.2874974470778761,0.05363214340271727,0.1277846967838429,0.2962345967658639,0.003943788889165114,0.11771254188375911,
4.055501990022941,0.16474904338591748,0.0754088396688623,0.41063814905866014,0.03452375030317107,0.08522265114562257,0.1703899318142426,0.0017788632421411902,0.05728877138138267,
8.990586822554219,0.16474904338591748,0.0754088396688623,0.41063814905866014,0.03452375030317107,0.08522265114562257,0.1703899318142426,0.0017788632421411902,0.05728877138138267,
8.990586822554219,0.16474904338591748,0.0754088396688623,0.41063814905866014,0.03452375030317107,0.08522265114562257,0.1703899318142426,0.0017788632421411902,0.05728877138138267,
3.3311137498127352,0.16474904338591748,0.0754088396688623,0.41063814905866014,0.03452375030317107,0.08522265114562257,0.1703899318142426,0.0017788632421411902,0.05728877138138267,
4.0922310549494725,0.16474904338591748,0.0754088396688623,0.41063814905866014,0.03452375030317107,0.08522265114562257,0.1703899318142426,0.0017788632421411902,0.05728877138138267,
4.5500682007265105,0.16474904338591748,0.0754088396688623,0.41063814905866014,0.03452375030317107,0.08522265114562257,0.1703899318142426,0.0017788632421411902,0.05728877138138267,
3.27024393573604,0.16474904338591748,0.0754088396688623,0.41063814905866014,0.03452375030317107,0.08522265114562257,0.1703899318142426,0.0017788632421411902,0.05728877138138267,
3.7383815408541845,0.16474904338591748,0.0754088396688623,0.41063814905866014,0.03452375030317107,0.08522265114562257,0.1703899318142426,0.0017788632421411902,0.05728877138138267,
3.8468042533883624,0.16474904338591748,0.0754088396688623,0.41063814905866014,0.03452375030317107,0.08522265114562257,0.1703899318142426,0.0017788632421411902,0.05728877138138267,
4.542116330336928,0.032141401367215654,0.16486426276441293,0.06050466554238133,0.06442732039956361,0.2262137997502475,0.274974173921076,0.003644693343754236,0.17322968291134885,
1.4185268979601295,0.032141401367215654,0.16486426276441293,0.06050466554238133,0.06442732039956361,0.2262137997502475,0.274974173921076,0.003644693343754236,0.17322968291134885,
2.075029722400667,0.18197707505020105,0.015596970555313481,0.2140888511702381,0.06754798228060244,0.06416667890883385,0.1313953269811809,0.014092318240089443,0.3111347968135408,
2.626670463396043,0.18197707505020105,0.015596970555313481,0.2140888511702381,0.06754798228060244,0.06416667890883385,0.1313953269811809,0.014092318240089443,0.3111347968135408,
1.5466068402811357,0.1312488960113131,0.3190768235691292,0.06692259627071301,0.08954062113798203,0.008079612297289323,0.10300479756596664,0.016657480424800607,0.26546917272280607,
1.0485137804311084,0.18509890168615603,0.09831643564954666,0.2070007075754837,0.17761867620928,0.08278865514590776,0.14869666991187666,0.04213205640953417,0.05834789741221497,
1.2270866179871276,0.16594780438979842,0.07166992321732758,0.280876262116111,0.11297870170621015,0.10945994132628674,0.11082428766236081,0.04497460859744622,0.10326847098445914,
2.055275712650222,0.21442743208666598,0.25169091356896234,0.21493152412217026,0.006244080666037515,0.13205145705076954,0.10945401182361707,0.00532152654202911,0.06587905413974832,
3.732111947534615,0.21442743208666598,0.25169091356896234,0.21493152412217026,0.006244080666037515,0.13205145705076954,0.10945401182361707,0.00532152654202911,0.06587905413974832,
1.228388718072424,0.21442743208666598,0.25169091356896234,0.21493152412217026,0.006244080666037515,0.13205145705076954,0.10945401182361707,0.00532152654202911,0.06587905413974832,
2.7404910858789946,0.21442743208666598,0.25169091356896234,0.21493152412217026,0.006244080666037515,0.13205145705076954,0.10945401182361707,0.00532152654202911,0.06587905413974832,
8.15366519920381,0.21442743208666598,0.25169091356896234,0.21493152412217026,0.006244080666037515,0.13205145705076954,0.10945401182361707,0.00532152654202911,0.06587905413974832,
7.314522360845022,0.0949857593551932,0.05798035364251874,0.3977972886671443,0.025980787674223228,0.20190514213448307,0.0689067068828147,0.003889850758522795,0.14855411088510007,
7.314522360845022,0.0949857593551932,0.05798035364251874,0.3977972886671443,0.025980787674223228,0.20190514213448307,0.0689067068828147,0.003889850758522795,0.14855411088510007,
1.3527152936007385,0.09323680005751879,0.04994345144165933,0.051953809634205136,0.13206043945673118,0.21406731470278798,0.3219209598909302,0.058066873546001596,0.07875035127016565,
3.8772365939901374,0.24306079488168988,0.12291615368156224,0.2838685943463501,0.023100556311033943,0.13656247137783586,0.05138158701725362,0.03061526651203826,0.10849457587223608,
5.3535190429363215,0.07251145526793533,0.13366922854030666,0.29782276634877736,0.1251397718108523,0.13798385308342856,0.15104528913114054,0.014196649205177892,0.06763098661238122,
5.3535190429363215,0.02507383233215048,0.19225356207972466,0.12776847722155735,0.13279659321618062,0.13514151257242696,0.11942042679056429,0.0674425235801133,0.20010307220728243,
3.842195946165214,0.08112211935444946,0.1913315929223242,0.13414906352318737,0.029946283779551604,0.14336675490179712,0.14863856238353354,0.06710899275569131,0.20433663037946542,
4.421497834933553,0.16560986423766033,0.016044357944563856,0.22829592216367794,0.06971269455681667,0.016212217200402206,0.22345828194452666,0.19283252799618472,0.08783413395616749,
2.618097915267213,0.10650418848838472,0.1529420066993735,0.07757589837534482,0.10087239988443863,0.039476445811467024,0.02616295751933707,0.3789819348336638,0.1174841683879903,
3.1757008594195697,0.2777798344310728,0.04161743473255441,0.12868642590826795,0.07117425188151959,0.18211902115242767,0.09219535925115564,0.14090781253393497,0.06551986010906706,
2.9017782874605187,0.037848081449068025,0.11714470663610954,0.11629239790720863,0.02042758211120826,0.16919251349932155,0.202732581672385,0.25992323660047884,0.07643890012422025,
3.7542427070912243,0.11409428520420954,0.02950465015462086,0.15552571829429146,0.14558838899566953,0.06696276229647416,0.16198537237631802,0.10096084296128845,0.22537797971712806,
3.241414935266274,0.12643571809531273,0.22919864459568573,0.10733976865773912,0.02493916540266283,0.051105673489472474,0.3378927425672879,0.03976605772301381,0.08332222946882537,
6.17355496145323,0.17710486017265498,0.13045608844990955,0.3034033407437665,0.05714475741779578,0.13773992331048718,0.024756852054894012,0.034950492275272194,0.13444368557521977,
3.153879263220383,0.21614144221045636,0.174410258867001,0.2349076019951705,0.13249656526106435,0.06227551248983953,0.08838948021180135,0.04732519610827494,0.044053942856391824,
3.9850505851183944,0.07310227839713387,0.11500752703264269,0.05221070368054824,0.0511163279624328,0.24020286349885453,0.14802729239399584,0.3010066475390806,0.019326359495311418,
2.7869808450686673,0.13565803853841807,0.10048505662450535,0.029793047125716805,0.18950514712010808,0.11043946925170811,0.09891595137713742,0.05188770029012917,0.28331558967227705,
5.901496373651185,0.28369549707133157,0.1274761626501564,0.09224343184302042,0.04650885713601393,0.09837275134655364,0.08814066384430523,0.11754943826710525,0.14601319784151356,
5.901496373651185,0.03689539067745391,0.05496718948948501,0.2932486455486151,0.013170059947336417,0.1782395065679364,0.1857622179427796,0.17108759077740793,0.06662939904898568,
5.901496373651185,0.19543694459299105,0.05829819599076715,0.3122211783943978,0.017872833425242873,0.05856187950656653,0.005307130004543554,0.3306842356198443,0.021617602465646944,
5.901496373651185,0.1481769706447411,0.20444522682098965,0.10944751047053067,0.1493427240036538,0.027349757172854015,0.07224592674500323,0.15766364167648383,0.13132824246574368,
2.086868999807543,0.07104562231987259,0.07883498212121239,0.17255585012477842,0.36944688356214495,0.07296319718133623,0.08534647992173777,0.021322491206752833,0.1284844935621648,
5.633596112390331,0.08809703345383392,0.17350472217044088,0.01993524713645243,0.15778876305611284,0.10935722142674698,0.11119033163469531,0.12082123931094663,0.21930544181077105,
1.9169085698920065,0.1473331370084394,0.009968983176904004,0.17761257191966978,0.18994297786122993,0.05256347345025725,0.2447549610030271,0.13072791599558273,0.04709597958488981,
2.0446764468484373,0.164472020657124,0.039417939284618266,0.035553505013356065,0.126017165698584,0.0918767094023543,0.20071957873416538,0.18645908978214845,0.15548399142764957,
3.6684288276103234,0.04745618212545288,0.16103808199331618,0.10186034791393118,0.04052742770671034,0.14912644854598292,0.1672506989613754,0.025402346629937428,0.30733846612329363,
3.9982325570175012,0.11396224123359126,0.0717922927069362,0.15029782211441478,0.07292549293001141,0.2146358648051796,0.17931111233468205,0.08373949163505687,0.11333568224012773,
2.2337596488265152,0.2784125757791423,0.2538353274156595,0.13504528550786488,0.013153642266208918,0.02858385550830018,0.05149142668176754,0.08468046676423754,0.1547974200768192,
7.862194903022033,0.24606420245876745,0.03900636434648521,0.2175929070676037,0.27474682714169213,0.07256826107229737,0.04576305875289167,0.05632235855168347,0.04793602060857889,
2.649820340924381,0.10173952008392363,0.0713681546159182,0.26646960556082816,0.124662179653997,0.06758444020235058,0.18785312629229117,0.009157518993640491,0.17116545459705074,
6.970079665661487,0.29419263203417956,0.07041024482033849,0.08518253782177286,0.1903311238230529,0.0665191092969016,0.2670475780374248,0.00976895586461481,0.016547818301715124,
6.970079665661487,0.004036674230167756,0.11921022824424411,0.28690260719256017,0.1254121477246739,0.1369115526663695,0.0990960204778196,0.09129122335034719,0.13713954611381782,
6.970079665661487,0.03263841270032861,0.14383153623472325,0.16042280865096661,0.03562798730352917,0.2773788334327726,0.08972458845142046,0.0531073530783635,0.20726848014789565,
6.970079665661487,0.22131175510449916,0.04848738444320494,0.17511505020947182,0.07584516244075452,0.2315114322628632,0.15222631321509808,0.03886784972888479,0.05663505259522342,
6.970079665661487,0.13704248138036448,0.08751230456704466,0.24398532267826634,0.06056370989127676,0.05825867859992122,0.06685926945236559,0.2849511508067193,0.06082708262404176,
6.970079665661487,0.06769752407313101,0.03920952662848009,0.22749645320651993,0.11483568385181897,0.09472788794365031,0.1448408756534004,0.24851322854766417,0.0626788200953351,
6.970079665661487,0.2073834483133808,0.020542378897336563,0.06679422217921552,0.2287866348160269,0.26600510458145454,0.0247633407886371,0.05790389970698744,0.12782097071696105,
6.970079665661487,0.2553889182239999,0.061123825397652584,0.046468745628269435,0.0820882648716242,0.12189365175671533,0.20874148970061007,0.1676033103785166,0.05669179404261191,
2.071189219130097,0.07970536216633926,0.07167218240854759,0.1967325280769947,0.019916162517162498,0.28744130683372554,0.18625714417488043,0.07056456596082666,0.08771074786152327,
3.5831504801397926,0.20562439941262284,0.1208292767965912,0.06066017521421248,0.06717127890795757,0.04283219433673176,0.297030978000417,0.0823180081492127,0.12353368918225438,
4.41550529784078,0.27510202643542847,0.062177062895484955,0.011632475092987414,0.0835513355108822,0.041153094317386216,0.1050957640589231,0.18431802453993998,0.2369702171489678,
2.8981741713043085,0.10700975733144494,0.21608644618056008,0.11359336640706759,0.05430914763180333,0.0905036262881844,0.04506658596065618,0.002137144776905519,0.37129392542337813,
3.0270865073088737,0.04111857333631165,0.11701126117195758,0.22818685641508052,0.1793974747343105,0.11232667867137001,0.015774975445606774,0.1306967676174904,0.17548741260787243,
4.62521851239117,0.06560902241197206,0.18861241616893165,0.2516534256532847,0.0628927825826793,0.10877472418192857,0.2170058781880611,0.05659446710683233,0.048857283706310276,
5.9481046212387,0.08526876441045578,0.02391236280915296,0.16443077223476515,0.2353464357230938,0.05299621250907018,0.06882323379786896,0.058511609139025,0.3107106093765681,
5.9481046212387,0.04032906799953361,0.12994604945061894,0.09980207596647198,0.26727245275544664,0.23554902916407378,0.07494814977533437,0.08925260598193491,0.06290056890658578,
5.9481046212387,0.08266047640817109,0.08394773336544165,0.1624802444440168,0.14446881999184547,0.13840570103641217,0.13704574248611726,0.1564591318226387,0.0945321504453568,
5.9481046212387,0.1846724417471546,0.11216347287648382,0.1818040780974752,0.029856247937246005,0.09336212059240483,0.26537722900303096,0.08372188031866233,0.04904252942754227,
2.0192392553503793,0.2924550578152143,0.04674844924573405,0.16864371678455237,0.011101474365134327,0.033546252661148024,0.13324624344976604,0.12565840206532203,0.18860040361312874,
3.533107986383012,0.07269913807265228,0.02933014465500724,0.029586171904781067,0.06889297559012238,0.08971293520946906,0.3514239053242745,0.1331601788425009,0.22519455040119268,
4.000725426493946,0.061248021108605624,0.1343390365793017,0.11921733712076761,0.31428198862086304,0.21080898184264182,0.02393371748724286,0.12575738656615565,0.01041353067442174,
4.911695292416983,0.09534978705683828,0.19104799582751814,0.15496724511813792,0.1276226271135337,0.10995031578983798,0.15104586556992952,0.11850194866894598,0.051514214855258665,
4.66815345114035,0.03438604324645394,0.11379492613613516,0.08581280618914698,0.18015329661278962,0.02660916573506534,0.20372170531610212,0.20101835027798762,0.15450370648631925,
2.0361335450907916,0.007883028348331256,0.0369879786787833,0.17588595964757114,0.05560804761325838,0.16484318673802784,0.19598481780304297,0.1516980736600211,0.21110890751096392,
3.087213446579904,0.14882211047177107,0.2234277638924204,0.040736299741582965,0.08583925099352788,0.19932308900227785,0.11250456178296711,0.023953521165795955,0.1653934029496568,
4.036503388189612,0.0876251881943372,0.08695499205645169,0.05695341486426201,0.16839686901918585,0.04773034721203821,0.1001697516213569,0.12241240637638394,0.32975703065598405,
2.976099097846476,0.19147644551432266,0.09514579268431324,0.049842907281299566,0.2027022784370385,0.245765142455826,0.09321781745556265,0.10248596602465763,0.019363650146979692,
2.5660211448994685,0.19692095749734698,0.08005945023882463,0.08764213479642477,0.29864382529823075,0.02606359526720636,0.09852702266022315,0.06899994275817198,0.14314307148357144,
3.2295055707467095,0.20652679282955164,0.22832445753751401,0.04789707569799908,0.02977724793751747,0.11110296887914105,0.18404185559664313,0.07762003950718556,0.11470956201444801,
0.9892779046913497,0.1170651211237293,0.0626537510448249,0.05848872325933433,0.2484815456911749,0.11417189790986945,0.045853915263934765,0.09447082157582049,0.2588142241313119,
4.20494139448541,0.03592571099992126,0.10029209524527173,0.050410272050318596,0.10143779670317249,0.12609986450839245,0.13306118081419285,0.3693503221788847,0.0834227574998459,
5.31426244576133,0.19502934418226253,0.05634809732605639,0.23296438673554368,0.031760429776786336,0.07154562284029937,0.2264744847904575,0.09103516122730965,0.09484247312128462,
5.31426244576133,0.039918227189733355,0.2739700208229945,0.019159414410838835,0.11411734869412002,0.17941633150350805,0.08466897111634275,0.06561998672869285,0.22312969953376968,
5.933846575931638,0.34505955420462325,0.048948056126838176,0.14921844338195453,0.026748999089275683,0.09920753033924828,0.225170885653607,0.05927990559094694,0.046366625613506206,
5.251573205760513,0.05109703621308103,0.05704555254191882,0.14567905270635073,0.09378184448846312,0.27572362772631,0.15335364811450136,0.0885442384966105,0.1347749997127645,
5.251573205760513,0.13078502446301343,0.05515472937868751,0.14697808528423287,0.07004127291498083,0.12922653139993576,0.07960906829619305,0.11481885388824975,0.27338643437470683,
5.251573205760513,0.22182955764927043,0.048110517536933135,0.1971714528657089,0.1011107098863235,0.1320247879116473,0.13735146135189039,0.07368814693466044,0.08871336586356586,
4.328871010084078,0.17705486240427323,0.17133119043453118,0.17350578386816656,0.15433472013121208,0.02251482295226537,0.09680360209284938,0.05488227653213393,0.14957274158456815,
5.202139618301976,0.05085014366754081,0.046481947738659546,0.18569104410713538,0.010589543641737288,0.1153424795406287,0.14164027490970413,0.3723935753138797,0.07701099108071459,
6.218044007949569,0.06572529008961413,0.07926245490528927,0.09705242291530451,0.07968474717710286,0.2104121331696714,0.18749641012938442,0.10128552920457815,0.1790810124090553,
5.331076289186299,0.13547151436463806,0.04653798758725797,0.24711330405428908,0.23468332089868357,0.10085230409665843,0.18973175221514027,0.007112404043150418,0.03849741274018209,
5.331076289186299,0.08541491143016337,0.06960293342730244,0.29180129404225397,0.06315146032335354,0.06468835875792583,0.19488039704112023,0.10950226525860102,0.12095837971927956,
5.331076289186299,0.16850442079772718,0.015261775756351936,0.08936430216580503,0.13520331507500769,0.08623789248260706,0.1335369096547262,0.26611126744721014,0.10578011662056472,
5.331076289186299,0.42365950421081583,0.09804848373193341,0.04773428599868962,0.07286341522537138,0.09095855773463898,0.04409935585469228,0.09260476190484579,0.1300316353390128,
3.2161757672712494,0.05461205265827458,0.2764277138534561,0.27817149791055995,0.0717389128394849,0.09869609561106787,0.06057378113231884,0.11944809685173939,0.04033184914309831,
6.155942871105082,0.10142494659931482,0.02357022306440676,0.41337955161975354,0.10885049094639435,0.09308715571743188,0.05993184969948935,0.0991185671182756,0.1006372152349338,
2.7032023984323246,0.052835245457859885,0.1887297553136714,0.013042824317940746,0.12755260904552898,0.1576193766350589,0.07258457976002672,0.30016138275383925,0.08747422671607401,
3.1168877505292927,0.1444457280063906,0.0828671906778826,0.07511366724767267,0.12344831812122663,0.16945337374394154,0.024005840555091768,0.08354530077621919,0.29712058087157517,
3.499902972406836,0.17039116423833392,0.13007727283460288,0.1866974955539121,0.09152431697960764,0.156909801182569,0.0121869138710507,0.24047543680213607,0.011737598537787632,
3.899320768406123,0.07181150089529278,0.19408787700825003,0.1078378547969124,0.18599398343102455,0.09142508665918918,0.21896517962085327,0.053149085804328755,0.07672943178414898,
2.350233284115267,0.040849062035981966,0.026166462790664154,0.43906393049738646,0.04552526200754559,0.04528220132020292,0.2542795246090909,0.07899445182892213,0.06983910491020595,
4.99283498022184,0.21612696115370605,0.08333767536805407,0.18632327038786795,0.1779434013676851,0.06917210474362928,0.07108752091258377,0.05510917415436431,0.14089989191210928,
3.1253124473003546,0.21612696115370605,0.08333767536805407,0.18632327038786795,0.1779434013676851,0.06917210474362928,0.07108752091258377,0.05510917415436431,0.14089989191210928,
2.1227774683619116,0.1065614681173714,0.07863208025654585,0.09884108200273832,0.10846940146936647,0.08139929516901169,0.10451745351919743,0.10362495642363297,0.3179542630421358,
4.668719893170537,0.17615448293799874,0.2253990546175707,0.19725144679828469,0.013328445334277435,0.16010682448429428,0.07309663528385345,0.0568568999620931,0.09780621058162753,
2.8735858574984565,0.20595182845917073,0.17305297909358977,0.16724339452263315,0.07270463155951495,0.04129818088571283,0.07499313529259966,0.0495586457646071,0.21519720442217188,
5.825987482451324,0.1150087305452949,0.20969117512193652,0.12362622260003772,0.19548536965768634,0.1523338072807134,0.053820167133010216,0.08677992276237688,0.0632546048989441,
2.4148173315445374,0.22340170331687767,0.14119504312455872,0.05928144235052885,0.1704754122351404,0.12423200306021996,0.04378997558151675,0.07444339172680202,0.1631810286043557,
2.2518348251233244,0.2235249543380778,0.019552197346347496,0.06190798166180745,0.1523717070618199,0.30398346248077934,0.056114415384915954,0.1426325112403315,0.03991277048592039,
3.4629992305045882,0.16577049394420723,0.036382729287887314,0.16829851370531548,0.05939539804294897,0.01843280215101551,0.17028036830978932,0.21910436936767058,0.16233532519116553,
3.064914654610914,0.14096023114112058,0.06499524147102041,0.5089041131737518,0.055370006050604825,0.03572374666446368,0.06458905060420421,0.07204398626233365,0.05741362463250079,
5.391980536036198,0.10137952764570873,0.055282784403437285,0.13646282122160894,0.07621942113731933,0.042146269743414067,0.25075190782947904,0.22399036043967865,0.11376690757935387,
5.391980536036198,0.10137952764570873,0.055282784403437285,0.13646282122160894,0.07621942113731933,0.042146269743414067,0.25075190782947904,0.22399036043967865,0.11376690757935387,
6.41980691924469,0.10137952764570873,0.055282784403437285,0.13646282122160894,0.07621942113731933,0.042146269743414067,0.25075190782947904,0.22399036043967865,0.11376690757935387,
6.41980691924469,0.07277589147148193,0.2688180012324761,0.11840591062877785,0.1392166702585778,0.06226426031947341,0.09902757471304102,0.06319028619874864,0.17630140517742315,
6.41980691924469,0.12154453763637339,0.013142056267102376,0.06946074522995752,0.09525414394442179,0.046171651980092876,0.24005940557401792,0.08737854382039342,0.3269889155476407,
3.9493555442586707,0.1407327206159555,0.14353254533708476,0.34497531448417823,0.10145485241242043,0.012779986146914208,0.19946755863209747,0.01366012667714525,0.043396895694204005,
6.528322513979978,0.15277922801336336,0.15041870826127113,0.23026062212715853,0.10654892315851326,0.12395489416985278,0.15077680569776453,0.053829860077539066,0.03143095849453732,
6.528322513979978,0.1315973729026661,0.036480843095067154,0.10068085336773698,0.15789217127198843,0.3059411989902354,0.10837319187925641,0.02044441241564467,0.13858995607740482,
6.528322513979978,0.16420599838161384,0.12338242587503932,0.11951911608978107,0.1654485800244884,0.09707653896470736,0.17934132978780679,0.033138137334628434,0.11788787354193486,
6.528322513979978,0.06941011520147358,0.10830298450742061,0.21028615845926849,0.04822668564439038,0.15419560932833407,0.17700882161358505,0.19334653661776816,0.03922308862775968,
7.676256365198581,0.06237609804102624,0.07441220960879856,0.3351363258910624,0.04178907359430538,0.16705955533775185,0.024743660624853146,0.036208078039032705,0.25827499886316946,
7.676256365198581,0.20154761993900633,0.0644804762180621,0.15016106840325993,0.02295761768402954,0.1354130429702701,0.19264147951350344,0.10253324911418685,0.13026544615768168,
7.676256365198581,0.20154761993900633,0.0644804762180621,0.15016106840325993,0.02295761768402954,0.1354130429702701,0.19264147951350344,0.10253324911418685,0.13026544615768168,
5.839013000349266,0.054610181792969816,0.1849311796671224,0.1437799136291613,0.07875837301519648,0.1461224097684393,0.20874716914600494,0.10125732701050627,0.08179344597059947,
3.301165917934438,0.12127355443325157,0.10839571907110528,0.20402415740628654,0.03850637525487248,0.2031681993839179,0.26730217786771876,0.035394812782046696,0.02193500380080076,
3.8903682470213274,0.038872813549060255,0.15576854420078187,0.464238106526603,0.09019223410033464,0.08070627593591959,0.009878041945765366,0.09182165106284332,0.06852233267869176,
2.054727080591405,0.06241501840483792,0.03254669022375472,0.15240556844333386,0.045278228027715195,0.024054900735546194,0.0703735198982362,0.058314509583677884,0.5546115646828981,
2.4496868506559086,0.09186925473981224,0.09652624951258837,0.22782268457843602,0.16936882885560017,0.07979049765476984,0.1709981233584068,0.011095416957113382,0.1525289443432733,
2.2354522396223295,0.1553514266438227,0.05769905744721404,0.02717617924627509,0.07027322233803118,0.06517535300449365,0.11091621152675507,0.3404415603101906,0.1729669894832177,
3.9258568081279566,0.2331547946382188,0.02378193779379478,0.06432006520768326,0.08856089388032655,0.19696949208711165,0.19021268870126837,0.13264169283376528,0.07035843485783146,
3.9258568081279566,0.22320706349738959,0.06372336109756516,0.15420954591538363,0.04179951691035143,0.26468327900201966,0.07131960172769815,0.07307633002802906,0.10798130182156343,
4.7190360273099525,0.11736151646919829,0.09661241304057054,0.08945481713685668,0.04050588925249035,0.2273435986270883,0.17465881777421438,0.17401274738704398,0.08005020031253739,
2.2956894349414263,0.07282418680642977,0.1774814677179586,0.1445855037771377,0.06964203997694088,0.16290030704455238,0.1510695572774736,0.07541128592773183,0.1460856514717754,
