2.0729900056575743,0.38804544722216966,0.06815505501149303,0.04423618298635396,0.1516312495668228,0.05394236289970195,0.2044089756049755,0.06663084448433167,0.022949882224151553,
1.199271540101033,0.0767351572540432,0.41219427972927414,0.06468462753348789,0.15752782744007202,0.0766187911203487,0.1293937585811545,0.036647163679673626,0.04619839466194601,
3.3459212152439433,0.17690624098490637,0.08018598645308296,0.22391540074453323,0.15841359194437324,0.1378799228579666,0.004865556266947347,0.1518010076258495,0.06603229312234066,
5.926443407923662,0.13422857123448226,0.16085703060618847,0.3049728726709397,0.038695460131437744,0.10178396972731119,0.07153936016310267,0.10103444431365581,0.08688829115288225,
2.248221317694027,0.13422857123448226,0.16085703060618847,0.3049728726709397,0.038695460131437744,0.10178396972731119,0.07153936016310267,0.10103444431365581,0.08688829115288225,
1.6319622845783284,0.32879664324237584,0.15177308810950726,0.03021158664877197,0.021262783941637747,0.1167177166291821,0.24303673283948438,0.045266251026826146,0.06293519756221476,
1.4385812278056043,0.3462798384390792,0.08942761588063544,0.14521620425213402,0.0057507440625923015,0.025081824813874436,0.0683361056684631,0.20877734652847338,0.11113032035474815,
4.876362305855362,0.19810200869841765,0.07449907411395985,0.1697757302081598,0.01348001591546112,0.10294118433795614,0.09862525789573327,0.021578130041370554,0.3209985987889415,
2.458776569626527,0.12672395572778855,0.01808251892790883,0.2346242226786457,0.03485370864046871,0.17911312723530518,0.17342510732871635,0.11702111061634764,0.11615624884481908,
2.595306054416969,0.19411146501313165,0.029015154320539444,0.038547138224078174,0.06120880101407314,0.3130749498960068,0.11617333153743856,0.14471394742788288,0.10315521256684936,
3.545643595199604,0.2676285451455236,0.20496360066726022,0.05864265143246383,0.10394992702414049,0.16382069968335736,0.08144484663114822,0.051171497918211906,0.06837823149789442,
6.139746498772321,0.11590605611589462,0.0421847534607043,0.012235273900693261,0.11502208317051762,0.027859779713945716,0.07058804628332264,0.25650750949732243,0.3596964978575994,
3.7216446223383364,0.07669498816217674,0.08277106705289158,0.15886128603919078,0.05380962470323587,0.2960442995052163,0.07147839242652652,0.07742684093556522,0.18291350117519686,
3.7216446223383364,0.17543959894032082,0.09781403002309304,0.08463522726740003,0.06605164287598485,0.100466841265245,0.04696858934767793,0.2952493933650245,0.1333746769152539,
5.329726848919329,0.17772446831219044,0.06093434081572525,0.1871368686042753,0.12214441722294644,0.02058501130283797,0.08136768842610612,0.20143362359134775,0.1486735817245706,
5.329726848919329,0.23242775518326358,0.03865386345291295,0.22270228068898534,0.12748199591665074,0.06971132041554574,0.017573344906399495,0.18269922251323975,0.1087502169230026,
4.283646576574785,0.14468778998977014,0.19990336141935108,0.05390312732121073,0.26722978704689443,0.06440292339967035,0.14034273788379914,0.051146834559851195,0.07838343837945284,
3.1538630363059603,0.06357643568116413,0.08261482054141006,0.23659908890575024,0.04869436936798279,0.07132357573659806,0.09226660000995562,0.09956217914143208,0.305362930615707,
3.192201256901321,0.09957126571152396,0.05951072350907454,0.137041774223961,0.1838691351979611,0.15437830997155652,0.14318584003193932,0.11601592263224275,0.1064270287217408,
3.7498980560640405,0.03304204477026409,0.18676368534373652,0.24863019323292548,0.1471241289079277,0.09652463314691061,0.07652726120160032,0.07811172160426684,0.13327633179236853,
4.451613396362555,0.12011780948920389,0.25943542332800557,0.11432979529644154,0.09132310305450865,0.26945042890850107,0.017627453439218812,0.006335409034887169,0.12138057744923327,
4.451613396362555,0.34575265972725416,0.04757613891697883,0.11942521036339145,0.042132328052793065,0.1408115418859888,0.009134659034036033,0.18003261927319672,0.11513484274636099,
2.6102982588549093,0.1690669145639526,0.2057089332118122,0.10674420378502693,0.19280740368979266,0.08085142116228092,0.0643821230969859,0.1519488628113006,0.02849013767884833,
4.048519713252072,0.08013425993389794,0.08863047550257148,0.10066522427848387,0.08471124737661842,0.10058739093384658,0.028039035815314813,0.1797829755903609,0.33744939056890577,
3.3826913660535207,0.08013425993389794,0.08863047550257148,0.10066522427848387,0.08471124737661842,0.10058739093384658,0.028039035815314813,0.1797829755903609,0.33744939056890577,
3.6657918841978856,0.0332223127609071,0.04370348330391883,0.06547643831992851,0.06665448714431504,0.2715847161723931,0.24987977150447854,0.06594327618083035,0.20353551461322855,
7.88210971053479,0.32970524398887596,0.06753979627021843,0.14855367514707454,0.2237877150487854,0.10911509484709399,0.0372215863875696,0.03140644757872047,0.05267044073166151,
2.1592692659374033,0.13946305193378203,0.1179743185514451,0.2379050822659475,0.03788778137276233,0.17806221232797725,0.13083370615825332,0.029068193640213447,0.1288056537496188,
5.462681413744536,0.20357207148371828,0.14401687296556773,0.07104566163286344,0.03123256708626564,0.16117243631941255,0.04328861596983719,0.21654953493743678,0.1291222396048985,
5.462681413744536,0.012501617223095163,0.19385320902227493,0.13635508852516925,0.15946650605389648,0.31032056625149335,0.030807648401101586,0.04573549264273967,0.11095987188022957,
5.462681413744536,0.21575916785505472,0.21117667426332118,0.016271827324034066,0.1780514448606119,0.07626292773518369,0.0430007379505721,0.17552391573087006,0.08395330428035229,
5.462681413744536,0.23944047436617685,0.03988158534260612,0.2000495599335348,0.03413555935026277,0.32606989221349497,0.048709371247758655,0.09801626017620563,0.013697297369960032,
5.462681413744536,0.09390483691079318,0.09110037482641288,0.018512716887583148,0.07700296422586073,0.1912560028663486,0.16221796728400467,0.20587661390117368,0.16012852309782308,
3.761852475425251,0.07857246094608385,0.11751359817758357,0.19554437698952742,0.09048124865819994,0.03358695503448452,0.0640435560636123,0.1060660050422141,0.3141917990882943,
3.2876762099901145,0.2898395077671519,0.07895471150855772,0.14961646906937437,0.11160607881383133,0.059601226639563284,0.06328615527588455,0.15042787228836385,0.09666797863727287,
1.8197476783153796,0.2292776098144746,0.05354566624172608,0.19519098523216277,0.01615179649313242,0.12172560069978891,0.02491180216314627,0.0832241823306941,0.27597235702487494,
1.880077202053079,0.17584668608002396,0.13914545034123293,0.13297327678202533,0.17717775384174236,0.1577881564194524,0.022970402442251885,0.09870172293065779,0.09539655116261345,
3.0994103343816857,0.16551995128253286,0.1200915723815287,0.08148862406790819,0.08427215998813316,0.05807552225986685,0.0789201334266508,0.06636218914092028,0.3452698474524592,
2.385246217158929,0.32013859460523836,0.07174635122379472,0.1142761448448087,0.009347251667228542,0.1595453369617094,0.0080289323693802,0.11024762382438806,0.20666976450345215,
3.147838443125826,0.1374217105642514,0.26086891467073187,0.14920100025859312,0.14322363254351694,0.03306518364057315,0.05812848857739334,0.07387963922017304,0.1442114305247671,
4.219781720121096,0.11224117884219392,0.08033534964614097,0.045260658851634335,0.06360090550249442,0.3339309286113614,0.04385963685448686,0.017464552982212493,0.3033067887094756,
4.219781720121096,0.13777878581107736,0.16212031561486437,0.08134158281511987,0.07311073063214436,0.17125912264418663,0.17492045766799613,0.06606938944687024,0.13339961536774106,
4.219781720121096,0.16438982282799558,0.22767442231692503,0.11641729061185858,0.06834749127477667,0.17128883088731323,0.058516889611533944,0.09574592487619288,0.09761932759340422,
2.066559842793865,0.08432955359238097,0.1333552279365451,0.06008483222391978,0.14094488568924035,0.21721144042575297,0.07801953409035123,0.08513525668050953,0.20091926936130017,
3.0233880808654057,0.06527722848695565,0.19633698156695523,0.11301419579093837,0.09190384998258944,0.117587220045805,0.10479793040699265,0.052526610743317534,0.25855598297644616,
2.0156840790475616,0.125492909019513,0.03417315096742993,0.11107766075762399,0.03446844857209142,0.16152165023080856,0.20030966749409534,0.20056046148440865,0.13239605147402916,
2.6291506079611917,0.08908959813898192,0.07688668847651393,0.08082172003668228,0.04920834213707185,0.020313229034455784,0.18869542986732074,0.2266240717753231,0.26836092053365046,
2.7793687052210587,0.13417101087343067,0.10686547249318462,0.15329385503561466,0.16117740892367768,0.18620763276023822,0.08176550310696946,0.0848915245548452,0.09162759225203955,
5.591955087542372,0.2218542409877073,0.13754411949860715,0.19150755545427542,0.10576834050371549,0.15341014340209255,0.01133389718336663,0.07313751456392195,0.10544418840631345,
6.5626861122477,0.09108186576776717,0.14619899663237734,0.1642012001925544,0.12225333140727669,0.07015116437557406,0.06529117462336455,0.18709068223518038,0.1537315847659052,
6.5626861122477,0.08208721855649717,0.09227589426875216,0.081616952299772,0.037970602677876844,0.1994446733629474,0.06399271892075105,0.1661711728374794,0.2764407670759239,
3.7846864754247673,0.1042127282133681,0.101749906497885,0.0826228458247235,0.15113853458129012,0.1623213454204165,0.056438596927068846,0.03149222219429916,0.3100238203409488,
1.7030267114879165,0.2925630817844015,0.09466127263914058,0.09006578959207631,0.16463571995603557,0.13713501613238482,0.01549020575418239,0.0938938148054366,0.11155509933634207,
1.854281754439532,0.04637223946006492,0.06193671471252241,0.1613885861645182,0.09893144302775855,0.03929404105294283,0.09545690484293949,0.21512575868612274,0.2814943120531308,
1.1837188785276895,0.24958320546763915,0.10490739682279654,0.33042158213060635,0.17839385445048425,0.03394577165017739,0.026341541683355323,0.014113507955341173,0.06229313983959992,
3.757360008984063,0.2046767908849643,0.08554883983934501,0.1731206799051287,0.14221914838159713,0.09676927287649283,0.12876753383538486,0.049986987871865673,0.11891074640522152,
5.3348645736900755,0.1318049818860819,0.041973590222849334,0.21241890141252068,0.04038952906246252,0.16984178175988046,0.0703783338469752,0.051188842148296484,0.28200403966093357,
2.822611011373204,0.05627897964374563,0.15924566794920197,0.2288013539865551,0.0901162881807908,0.06328024409232437,0.127393607776288,0.13044438237253225,0.14443947599856188,
3.2946793173914792,0.1194595385272399,0.04075178930084996,0.1954790340577283,0.06233742628343365,0.06492678757736961,0.12485539390857595,0.26993198050236683,0.12225804984243574,
2.9598623281658445,0.0959684577548794,0.259626536133303,0.13582487495455767,0.18123389028946155,0.1606218405086759,0.06906122713334897,0.018325529229219747,0.07933764399655367,
3.0736080385572606,0.15907181891543434,0.10043456438706155,0.17177848173958327,0.1978421931903726,0.08412460884184346,0.050716414954651345,0.12241138300539661,0.11362053496565669,
2.089886058715519,0.24977155211471166,0.12675625482038938,0.060625396736168395,0.2337738672874689,0.04394909741515515,0.09908190725172078,0.030570577687402546,0.15547134668698318,
2.088617326494281,0.0766080448903892,0.09753528116659427,0.10041231771633781,0.13634751704144213,0.30928340772615615,0.12324112525710254,0.06019204818308683,0.09638025801889097,
5.541873123446604,0.30697439175301355,0.0725488435401197,0.04402261490602015,0.06477071801089956,0.11825074080743292,0.03726424436149934,0.24285936226759045,0.11330908435342425,
1.695205535918105,0.12203551921914672,0.12329921827655327,0.06602276117547162,0.06593689343700082,0.16646274305063502,0.12394580342541894,0.06414929577633549,0.2681477656394381,
1.6267058202026428,0.030776220029943596,0.1889895466374113,0.056208757239864515,0.026818408721990584,0.3818297536895406,0.02280163621231885,0.14024095717180873,0.15233472029712175,
3.454364379201298,0.0197345157042243,0.07351308399860787,0.04050037145845698,0.1715264341363616,0.2614101539527023,0.23547375291402756,0.02547579141240677,0.17236589642321273,
2.1734748808840334,0.14038026133612325,0.12352433060922031,0.07417366524379097,0.0920939217818167,0.16521097463073492,0.09793455281653073,0.16560490474769887,0.14107738883408408,
1.567314433526173,0.10638974103081948,0.19617027155227104,0.054805172923828346,0.039436574374058724,0.1656779687525311,0.13951757017709196,0.08836425034257518,0.20963845084682411,
5.321186245318169,0.05392762441979222,0.044381957990706614,0.20051019256005817,0.11226089483799873,0.033087902290244615,0.06675416727540615,0.12075322204905814,0.3683240385767354,
5.321186245318169,0.03548052079510807,0.088571348203744,0.07750453627577075,0.033036383715752446,0.12024024694992567,0.046313650039340314,0.3501902536948594,0.24866306032549923,
5.321186245318169,0.19081034889971552,0.09298199025941366,0.06618347028661944,0.024388970683043677,0.07709585741325722,0.0509284319308022,0.2895822866212654,0.20802864390588274,
5.321186245318169,0.1337003668246922,0.12392977074918746,0.04098646455145088,0.25972144729923735,0.055630073352084766,0.06750192443878082,0.053636987873614816,0.2648929649109518,
3.881214698252776,0.17124670163899414,0.08958229704457324,0.2649458683851501,0.027469853202562098,0.28447258943665027,0.014911222338027247,0.06343158983578447,0.08393987811825832,
3.2758615313873762,0.17538533954234886,0.09809204311693227,0.23611166422547342,0.09202964246710985,0.03904382978393303,0.08098722206096988,0.2165779462249465,0.06177231257828619,
3.2758615313873762,0.03788985300727243,0.09953121252973911,0.1359023576627822,0.0934759976844819,0.48289339482423066,0.0718529059381613,0.024298405979265695,0.054155872374066716,
3.318490397077394,0.24804905002964667,0.10853735879749002,0.24136795997528587,0.03491225490356258,0.12318247811801587,0.08805016871581788,0.03533359247894558,0.12056713698123551,
3.479132549129136,0.14487048236595207,0.06319294189465365,0.16447483743541141,0.05574046296573667,0.10806557508907107,0.08229849005744014,0.20206165750821772,0.17929555268351732,
2.017582106322589,0.22729041406377956,0.25088148512759884,0.10233701840759303,0.13529955363253063,0.12214877248571157,0.11018265114938015,0.02948648567527333,0.02237361945813294,
1.7218842296872077,0.08365947967682005,0.19697244252026688,0.18593143085758707,0.040564910905030706,0.1585846430038841,0.12758035712044688,0.17509154245871095,0.03161519345725364,
4.219276368125986,0.08062743918337256,0.18881706223751016,0.05424048863745856,0.11761761964791319,0.12373766507148949,0.10051815309868752,0.2634462417565921,0.07099533036697644,
5.432274380067759,0.2163597409668294,0.15233721620834717,0.13955194423031442,0.02758042979029705,0.3138536607989826,0.03764596094467657,0.06395872776952334,0.048712319291029295,
5.46717360546824,0.2783658946348558,0.12259270767347828,0.19329092288550942,0.09572704366380479,0.07242673662357907,0.05913538921129452,0.09039991274517661,0.08806139256230172,
3.432804093527494,0.24742927423015731,0.12221742805496956,0.06886775858116265,0.1483061892607747,0.03502984284556012,0.030483894781265876,0.1511121697506402,0.19655344249546972,
3.542568343561229,0.356205231964495,0.16818324822450526,0.032369021138820245,0.02491076790110987,0.045533357356748794,0.09426533971276575,0.11575514492761335,0.16277788877394178,
3.6884331372904833,0.1783656181413535,0.20398155392713602,0.1549107348807616,0.10512939921213288,0.19220442614260178,0.03761793215855046,0.07599181494677808,0.05179852059068568,
4.27131332957239,0.22420231535743917,0.08942502457949653,0.03313804264936817,0.11577929860824801,0.22283424518409342,0.05744491391169268,0.14314199577709574,0.11403416393256635,
3.8125992379925013,0.29925710383372767,0.07397460327048032,0.09619352356048695,0.10742711715003951,0.23944403249620227,0.04649703946575387,0.07699764509996396,0.06020893512334538,
2.7614628629729894,0.07513855705934454,0.050563864790773634,0.20970494384801405,0.2684544906426108,0.12779570552485572,0.004615367718215078,0.059199682556441306,0.20452738785974486,
2.9960277131548665,0.10478204534969224,0.17014711622357737,0.17466227771126996,0.10031144561099553,0.1469926764374366,0.18645090417410543,0.009151687020577231,0.10750184747234547,
2.9960277131548665,0.059974171466535435,0.288634571126024,0.12742748092099157,0.10630921246250416,0.14501100018117655,0.025764412426758275,0.164748158753069,0.08213099266294106,
2.2916248124364036,0.04540416137618969,0.03501362481059492,0.2398407134888732,0.04051869868609451,0.2238061273063242,0.10741275680915051,0.2722848118390982,0.03571910568367475,
1.548264305498338,0.12129303382533793,0.22490273695552448,0.015327654717704087,0.11514289520266374,0.22469780471862413,0.14933764543202904,0.14619522630616197,0.0031030028419546363,
2.9479780948829903,0.08520596194711505,0.08478460935620313,0.3553065685948321,0.11780288120520051,0.06278385156306401,0.06697455336766525,0.14829326727333425,0.07884830669258565,
3.7401812998438957,0.05687031952403066,0.0557986915055707,0.0709314416999183,0.05092267110334985,0.1416206720215087,0.2675344663242477,0.30587425741598234,0.05044748040539171,
3.7070076151458817,0.15427374878667313,0.055620781785187576,0.29357111337885694,0.13079761657727337,0.1152651715826089,0.040776341962329266,0.14399321508692417,0.0657020108401467,
5.425571850670188,0.07460351908822266,0.09237509731155237,0.119925359177756,0.04298336803311654,0.23413140478111166,0.12128083946822839,0.08403495333963053,0.23066545880038178,
5.425571850670188,0.18010393291375634,0.23498499016613134,0.18477041775486408,0.11643542940453495,0.04853316849868108,0.008918121520544754,0.1296454558818867,0.09660848385960069,
2.729681574728814,0.29486856000991174,0.27752258783118017,0.06743905267573279,0.03692605585295937,0.05011128679357662,0.10485410988681594,0.023545923241397284,0.14473242370842607,
2.8083248234205773,0.22639237558034775,0.28602981005617034,0.10592195628228196,0.10722948766624484,0.09191395089003848,0.028177221216844264,0.04682110331605106,0.10751409499202118,
4.688189305947663,0.10459132852303284,0.17825932872311243,0.23281405476286274,0.13257037980576408,0.09900267610031976,0.07248351785713718,0.018906849123466928,0.1613718651043039,
1.6880787908763049,0.22118818674436247,0.0527919640962094,0.07846776577965878,0.11920461924608958,0.28924825458675507,0.09339821039534048,0.07209670355820667,0.07360429559337753,
2.9874302265400963,0.2480497799117639,0.0667988060306782,0.20803970742665526,0.038137083648620715,0.19074736921136584,0.06640127460422392,0.14061459020730244,0.041211388959389667,
5.552311940163171,0.09211243439129418,0.10915212893891711,0.20177416287373834,0.041438837540896625,0.10970223152810991,0.04968898857774588,0.3277165402110443,0.06841467593825368,
5.552311940163171,0.31178991313554577,0.061196456110491175,0.11535098135469361,0.052374433045171996,0.06220168140293304,0.17273642046066243,0.1480181525034448,0.07633196198705713,
2.0828095067868553,0.19458187704910923,0.1589539726367434,0.2097794012095552,0.16728696931666479,0.023202179559524836,0.09345456415919424,0.036474884541671665,0.11626615152753653,
2.8658894778701893,0.15847227025264432,0.1088841797039726,0.08314873680014624,0.2599804008601974,0.07266610364503757,0.09668067272846403,0.17074918574663558,0.04941845026290234,
2.4628865417821397,0.12464853588581798,0.20323234343406288,0.13980505149224615,0.06812217132531836,0.17737202044588657,0.06420058097606482,0.07849215898238338,0.14412713745821987,
2.942405786140267,0.12464853588581798,0.20323234343406288,0.13980505149224615,0.06812217132531836,0.17737202044588657,0.06420058097606482,0.07849215898238338,0.14412713745821987,
1.7276377720575506,0.15957012359379616,0.10044141675562165,0.039438379896517974,0.03228844775281669,0.07428962682189186,0.22991975137958454,0.045926282327038395,0.3181259714727326,
2.431578761118702,0.13368754617120665,0.13483985665783518,0.12259737645144718,0.1467853787032372,0.10958060659023375,0.028238058543710733,0.202417332911812,0.12185384397051728,
3.130915723234738,0.140521131111339,0.15438114200293554,0.13455004146759153,0.05414942324848384,0.04381628757161188,0.03310111875927169,0.14544414232428593,0.29403671351448063,
4.100393308751112,0.2630145189997275,0.0666584756669703,0.1362473418944582,0.07407387352931238,0.08233519403307561,0.01841311526499907,0.17030542088204154,0.18895205972941528,
2.2108645134116753,0.21629508683196452,0.18637231657345665,0.07210551030311296,0.10176792885131182,0.08390137047935853,0.1372042285168299,0.060082773922192356,0.14227078452177325,
0.9945391502131362,0.1356604864875382,0.17395884509721876,0.1920309954065711,0.02938276334642605,0.0964105309137431,0.20588444948892104,0.13099134152881078,0.035680587730771054,
2.8565413605858763,0.0913657683363451,0.06164985090151299,0.11246803513247353,0.04101655377972225,0.11094121737396444,0.34522652398483794,0.13926920689586167,0.09806284359528214,
2.580864189157521,0.15265859419085973,0.2493593383318396,0.15357017639823595,0.05569783390124201,0.05795603535444841,0.20305068587538666,0.01348065264461072,0.11422668330337689,
4.11869215301558,0.23926872485698833,0.13165059938605578,0.08617190463692799,0.08073615568432266,0.016316315756918238,0.059555152297091025,0.34339999388538983,0.04290115349630624,
2.377794264348348,0.07301874374906829,0.13597771626600172,0.26471125228997794,0.14589549577818764,0.046296916186949075,0.01010645206530908,0.03523430756653318,0.2887591160979731,
2.9153404748462797,0.059262213240489185,0.1453037704986921,0.09931186339772848,0.10127276951495542,0.07786806343747996,0.20777938434671742,0.1620883335425761,0.14711360202136123,
6.375242384148782,0.2155222258095844,0.19769203412599778,0.1382064449859451,0.02420502454598758,0.12076513253340898,0.02728086869129532,0.13002000860435178,0.14630826070342895,
6.375242384148782,0.2155222258095844,0.19769203412599778,0.1382064449859451,0.02420502454598758,0.12076513253340898,0.02728086869129532,0.13002000860435178,0.14630826070342895,
4.691937921760894,0.2155222258095844,0.19769203412599778,0.1382064449859451,0.02420502454598758,0.12076513253340898,0.02728086869129532,0.13002000860435178,0.14630826070342895,
5.589395608512858,0.031208733495064773,0.10685919499042393,0.31232691432700754,0.05948600472774358,0.11123227013827292,0.030330799202185926,0.2660736908861209,0.08248239223318043,
3.6546640463180573,0.1318872257236422,0.06650130622495586,0.22926894482240942,0.1688953563746394,0.07081770108164734,0.05787914801502178,0.20444266977378617,0.07030764798389785,
2.3076107949882454,0.09620188737334975,0.15922177110712454,0.21668774619428632,0.06316220970767639,0.04673875576964522,0.07030396925364076,0.3101835989494294,0.037500061644847475,
2.387427999977996,0.29662325877226564,0.07435878882754125,0.14450000485122771,0.03612441654076551,0.01682030034171523,0.040898322161829315,0.31735634640687127,0.07331856209778397,
4.647361993695466,0.05531341417994102,0.06529456228977987,0.05727948428415688,0.15555299592011138,0.11949401530801021,0.2050427175071031,0.13587304961873387,0.20614976089216375,
2.3450983104844356,0.015854387604476165,0.12882733173097588,0.28444715175527124,0.08456918105485542,0.1179910378236579,0.046052110237764544,0.09581851126620435,0.22644028852679446,
1.6797761952265255,0.23793831173335409,0.06484468012787281,0.10198969834340206,0.19674679452251603,0.09642073070657792,0.02489562870894655,0.06836300284793374,0.2088011530093968,
2.3344529303050434,0.09961569392778959,0.24291541831407226,0.11287142346650694,0.061327957968175986,0.04598642847784903,0.07480274843625384,0.2267163383958365,0.13576399101351586,
2.972262148288042,0.20855020103347802,0.13355052859715855,0.049358597832455386,0.10095734598731504,0.13102665796020685,0.05314738042141557,0.19452695833494446,0.12888232983302603,
5.538856957215535,0.22992603924320795,0.11587486867475277,0.013339453414713308,0.01807254833125012,0.22642342509849586,0.03164802837195025,0.23527133147040952,0.12944430539522006,
5.636889110503589,0.16667257070848765,0.2952111196605025,0.08014525126174213,0.07963256663377036,0.09052089031853398,0.05630326819328869,0.07577063653032523,0.15574369669334945,
1.802628615901447,0.16663209249478245,0.12401312471507636,0.07281869260031631,0.16315809277555918,0.10243826875691767,0.09065677708762868,0.18747533781802872,0.09280761375169051,
2.3293572830407454,0.09226509763261576,0.1971048686068434,0.040521058741648665,0.018698854558884336,0.15057057231960963,0.20602851534238614,0.2063580059049845,0.08845302689302767,
2.124292953657328,0.12127608411984026,0.04165380901025118,0.13959740657692363,0.1940929422553987,0.30607527536316276,0.02503310839292427,0.0451892541711279,0.12708212011037118,
4.9222304066296845,0.09826109179296973,0.2894638564823298,0.1224126535584447,0.05433447457458912,0.044399570376257476,0.018386082821122942,0.1257361462637764,0.2470061241305098,
3.239390045161758,0.24194310674434386,0.07753226479580919,0.056562992401982246,0.05130112058966722,0.2104631750585055,0.10891034454719092,0.1876317883364914,0.0656552075260096,
4.152887668625595,0.08392377217281403,0.1418314368674483,0.12458042358636483,0.0631679339910706,0.163497629239836,0.0722549678781904,0.1184097620624118,0.232334074201864,
1.7026652791710841,0.08767868006081815,0.054176688042636464,0.2207534622126689,0.042856105423537835,0.028544446338457985,0.12873764831614637,0.12651080428175468,0.3107421653239795,
1.2877032912815165,0.2819489269369192,0.14953422605818545,0.06407649880219275,0.015583874293190568,0.12925015817297542,0.04380454569118549,0.02055365396010939,0.2952481160852418,
4.069973920693637,0.2836325643650074,0.08680158676598537,0.21801883822888457,0.07351578287004414,0.04182772496924023,0.09126983441112876,0.1549980759059703,0.04993559248373923,
4.069973920693637,0.12298683661107675,0.07115753359429332,0.11904429987476733,0.11601485723026736,0.04988965358834162,0.06606666694144105,0.011798335407822484,0.44304181675199,
2.0479030057557233,0.17138873612855363,0.03999313665890543,0.08045465798348998,0.046012549807273345,0.3507280919980077,0.07630753940117593,0.12095018222158506,0.11416510580100886,
2.5797450482251354,0.17540590217659807,0.14773968101807783,0.15202754742910218,0.1371048087347128,0.05424344232876064,0.07786288003093286,0.058934595767261205,0.19668114251455449,
4.752371699339769,0.07403723594569085,0.17778321658183835,0.12499407721664163,0.08773518037351624,0.22254131010305045,0.011934935147279826,0.07931394162537878,0.22166010300660394,
4.752371699339769,0.22356210434964363,0.06758055156636635,0.2501955042061275,0.12670187985442524,0.06416057361708685,0.027611129164511083,0.06704650568288735,0.17314175155895212,
4.752371699339769,0.05995894430398921,0.08549515525844453,0.10935636350780382,0.10172230445111018,0.26398983074313376,0.037005966563567624,0.16033943486415222,0.1821320003077986,
2.795965748846043,0.25108672611781124,0.057258776661952976,0.07899232544705731,0.02671047610829852,0.15462696319868313,0.1046450745474118,0.22874457845125024,0.09793507946753473,
2.4970917172782916,0.15943620328716276,0.30179260724544005,0.02184191217033895,0.035824505338328524,0.16032720768884143,0.11821375162180568,0.16009195416833083,0.042471858479751746,
4.45412538484549,0.15880193963989017,0.13295724179853285,0.09336349714843836,0.1466572399317505,0.18894258426324184,0.10778830395869804,0.11787680133878167,0.053612391920666656,
4.45412538484549,0.29957052502259707,0.191519628140832,0.031994809016878255,0.04508495282795899,0.09772245368075966,0.04615826927764144,0.14641598558113117,0.1415333764522015,
4.936754086348024,0.07465276235079168,0.09354110499239277,0.14848380915618564,0.13670985670431934,0.13659819554426914,0.144204156953982,0.10760718518711261,0.15820292911094672,
3.825260467111543,0.1570691086859752,0.1008335811973453,0.01582554813918967,0.06809120329863685,0.0033053607169819315,0.03317365140832543,0.26631855951579997,0.3553829870377457,
3.168978567729291,0.10740491639521137,0.4921305072867266,0.033227118787653664,0.025095369289412302,0.03084316037852984,0.14620005839398137,0.06105805683465462,0.10404081263383004,
6.687793547947314,0.14146210795040143,0.18058096687080075,0.14844068081475134,0.08362066069493644,0.06735602164443555,0.043344607988389836,0.2392247992987646,0.09597015473751998,
6.823134562722224,0.3148935111886908,0.10215639460269035,0.0443064288809483,0.0857619979499902,0.1668770390393446,0.05695334583186628,0.10204534088804339,0.12700594161842607,
2.075542532040144,0.2535823436389789,0.16482491743128436,0.028910664717732678,0.04767037663641987,0.15388538713718009,0.05417278201158639,0.22895167486080792,0.06800185356600973,
3.6694883647612473,0.35138294724629077,0.026966639733887313,0.12010085399736696,0.10461506251142816,0.2651178351378657,0.016954028852034404,0.04387978492662405,0.07098284759450263,
2.3122675495630216,0.1457380091763456,0.08879783620021706,0.10304792334978127,0.11619497434485306,0.15006169459026392,0.0512725193086345,0.2072766052907795,0.13761043773912499,
2.7962818078171434,0.04057396472429277,0.11404844545225234,0.1539496164026222,0.17432512342830914,0.12448834338853534,0.050518188634046175,0.18456886729378003,0.15752745067616208,
3.811908457988591,0.17179379596858593,0.09875548087564465,0.1854895177517002,0.04528558478968738,0.0376118573638855,0.13653171917029705,0.12297178810034523,0.20156025597985408,
4.549531840618737,0.1893416623505236,0.10824865014518191,0.3690073104545693,0.038117321873982056,0.10665698181194223,0.10463835353167251,0.04985363216188699,0.03413608767024139,
2.5683326838816276,0.41161050126357734,0.14111209654310716,0.046626257894943415,0.053535255512090124,0.09611711576274519,0.019608776713739076,0.10209165827112274,0.129298338038675,
1.891735948267944,0.011062240591574376,0.23359447352938928,0.14540439066346567,0.047866289939549785,0.03384268156588903,0.045142884878223585,0.31819229488375594,0.16489474394815223,
6.115278044432832,0.13618537639165373,0.05965593153481248,0.3114534492125885,0.06200793512408645,0.025072431433044814,0.09918607076196997,0.07467567629938136,0.2317631292424627,
5.00712752594332,0.22091790846894546,0.14497183999828256,0.10611073425307155,0.02662214546600904,0.06177648229887474,0.008900290687862848,0.18693654993696412,0.24376404888998954,
3.740918243973167,0.20982267240927718,0.044312153659650806,0.34172260025692125,0.08372129697231655,0.060882016145345136,0.05121776709628475,0.021938395618700146,0.18638309784150422,
4.961207978089759,0.20720436997216002,0.307606940159028,0.06934551203112897,0.06664829570284508,0.24281770695078822,0.033929346509891864,0.052474444689945374,0.01997338398421259,
4.961207978089759,0.09694079675615891,0.029770882060861106,0.056379011581119506,0.024731946619472683,0.22026474503461332,0.05430067250627131,0.38801309248928884,0.12959885295221432,
3.5626105776686328,0.3178838580617849,0.09321077946553975,0.16296637846043274,0.1014265494897375,0.213130822187568,0.007704247473353503,0.007655117169088528,0.09602224769249507,
1.499776812750864,0.07580190539227678,0.29207093347310503,0.037243717631299425,0.0929887553161537,0.2000450395181246,0.013119288443999412,0.022145168797725084,0.266585191427316,
5.457449940711433,0.1483713352374699,0.11083088314743715,0.12393010055636489,0.06060690479188937,0.057086190933835816,0.08577035981206604,0.2992195334744784,0.11418469204645841,
5.457449940711433,0.10288601034621184,0.040197482447975635,0.11883537479303558,0.054851698042458784,0.03529342615014683,0.05781404321341998,0.23751195593700286,0.3526100090697485,
2.740131929243207,0.014216686627993592,0.08728332338718608,0.15568983366097627,0.08337956571240143,0.352046780409197,0.11245307784220052,0.06500030888067072,0.12993042347937436,
4.187711775952551,0.10128477583536016,0.20529702213603196,0.17055696619845875,0.025229668914813763,0.08417569208899761,0.033820607574597414,0.21367626822787694,0.16595899902386343,
4.187711775952551,0.25588014544242826,0.0982218920541253,0.07539872990117813,0.038564234434623076,0.15116337016939083,0.14563124549841372,0.0728703050757944,0.16227007742404626,
4.187711775952551,0.12076088122231136,0.2720149044146339,0.1072417035092096,0.009336526698404617,0.17822243659480022,0.038158352699274714,0.19389891789507135,0.08036627696629425,
4.592560197336704,0.08983079414947782,0.35441840451627704,0.21995808639148523,0.027295965703200465,0.03736904718063837,0.005248830812979279,0.021534119978971446,0.24434475126697042,
2.8974442857272877,0.09605372313024774,0.09546792014061499,0.08146417156576673,0.05708684878650857,0.08853301491398995,0.07730980256444844,0.3456939273134833,0.1583905915849403,
3.6750293432275476,0.22898924530607911,0.23947044807273699,0.05290180269981068,0.03864361715283032,0.1310220714186656,0.0814278859167644,0.08026967266257617,0.14727525677053654,
3.88499319605123,0.21549905677840353,0.13222867526796606,0.08355395668227532,0.055770565449887434,0.1519191525194621,0.040178456871346496,0.09840123502979012,0.22244890140086893,
3.8118092890047928,0.21549905677840353,0.13222867526796606,0.08355395668227532,0.055770565449887434,0.1519191525194621,0.040178456871346496,0.09840123502979012,0.22244890140086893,
3.8118092890047928,0.11898764294533322,0.09583096725318452,0.13466614621942408,0.057834514019311035,0.044963591714962156,0.1781121420715382,0.09767526034940166,0.2719297354268451,
1.6865497600821941,0.08641251648123931,0.18102600994233814,0.05438206477920549,0.03390316600617856,0.0476588073063818,0.10679449638579336,0.31743434289574624,0.17238859620311722,
4.567390946656409,0.3447944811312522,0.22539762736519298,0.1083797224260206,0.08178968274172245,0.0736451676748317,0.02901979324256856,0.06677895660273195,0.07019456881567943,
5.522799086322454,0.050023789590968426,0.05712920683100201,0.09326261795448972,0.018654358736954504,0.03252316817519745,0.08343457620373361,0.25008871073804056,0.41488357176961366,
6.619595213770566,0.21623932006396124,0.1911505696204472,0.013068410119228617,0.026395923052251153,0.07636200434200484,0.16213331271369308,0.10403671432477385,0.21061374576364011,
6.619595213770566,0.20978146664155312,0.12122007312795499,0.1709744737408104,0.014830095020854604,0.0836280420157421,0.09868273176686965,0.015565520317624879,0.28531759736859036,
6.619595213770566,0.2495612841274247,0.29053934047854835,0.13487308690803804,0.015466624870815715,0.026572816036511567,0.018362907009085792,0.07843809009379414,0.1861858504757816,
6.619595213770566,0.05862845291313108,0.12238937929530393,0.16017870455811006,0.016486923779519623,0.06638177474068997,0.01631905768948233,0.2063438271955538,0.35327187982820923,
5.878981513310061,0.14146511705645126,0.3329421729050768,0.10092192141191776,0.08564902589743398,0.12823942652497008,0.022035491203725048,0.0921348701063003,0.09661197489412485,
5.878981513310061,0.3158040605409364,0.04282342533335086,0.06317452469074454,0.053068843133508105,0.055544849603951965,0.09864296338474116,0.12839213725911788,0.2425491960536492,
3.4693771856669944,0.0481963816045219,0.17943540285590578,0.040283655003805915,0.04228564907572642,0.2406248762002858,0.13379666077068295,0.17582691168009917,0.13955046280897204,
3.8013399917591992,0.06540317057218026,0.1334921441689861,0.15036201101772867,0.03667567750525282,0.13980971616012589,0.05356560562674376,0.1864365392753802,0.23425513567360226,
2.0544089583791023,0.06617697472354164,0.04665798301171852,0.2569922795363467,0.06000359947276601,0.16788271946480782,0.18458248104799257,0.0468533766134527,0.170850586129374,
3.5956811909504998,0.351534395970953,0.04167644893475385,0.128558073029005,0.05308069464267082,0.20590896486988886,0.01519903680477808,0.11061201360637693,0.09343037214157365,
3.5956811909504998,0.14130984421247172,0.20161391133539855,0.0534370551134928,0.06248276896115591,0.09808265059442893,0.02715387305100743,0.0752018177309654,0.3407180790010792,
2.741163652557901,0.21480902000250582,0.3484048987565783,0.06502236167502622,0.022002702287405414,0.06562701779256554,0.05055139310857435,0.05028681846846942,0.18329578790887494,
3.765964574486023,0.1041431869923279,0.022401041798541566,0.25694719896932,0.048456359921288654,0.23668854140420845,0.1500041525730393,0.11464195611922487,0.06671756222204923,
5.245675110905472,0.19773955682652025,0.3994983354836326,0.03129551823825692,0.04243490612258545,0.008508374149094248,0.03535699268280635,0.012648039975564605,0.2725182765215396,
3.4109204448307278,0.09982502180614361,0.13106707784065136,0.07950290853257858,0.032989771831628635,0.16178141830173418,0.06891259552266629,0.2267655648697128,0.19915564129488464,
3.4053354055370564,0.07011065623417284,0.10628576604218329,0.06780574838726561,0.12318620981306774,0.05380693607336114,0.09661146713099887,0.20081375599442522,0.2813794603245254,
1.6828229615866919,0.0433798220703886,0.18783015756054192,0.2477637090292097,0.06603566474612044,0.03751576193271117,0.2365691466475586,0.10592039212431895,0.07498534588915083,
3.350650327317879,0.3999254170990648,0.07519081953687307,0.04482225781399926,0.08856973954049956,0.1472687317226926,0.0606207484843328,0.021022055404742657,0.16258023039779526,
2.2049330899860555,0.07091874282675302,0.036781146499953433,0.04713472865980598,0.1109448426414473,0.08042262440546011,0.06986740097149066,0.35779646446163005,0.2261340495334595,
3.1263404777616954,0.15746410934275765,0.11755180152916292,0.03858660494640722,0.12535019719797927,0.17420327830821417,0.0013783299541517105,0.15057749927272832,0.23488817944859872,
3.1157616205896015,0.13125485296412912,0.2432937955062639,0.04340597099440926,0.00793062710281355,0.2342802803609675,0.11197470857271742,0.16250764676011148,0.06535211773858761,
4.311588114505046,0.07794085967559396,0.23387929489571385,0.024944430797036905,0.17914113358768127,0.2032511663448736,0.05024316718083775,0.0632207336050957,0.16737921391316687,
3.4677901022856044,0.06475645249581218,0.24270937931586073,0.09488296453134222,0.07598913033525276,0.24527833334672436,0.009213646360246517,0.12401133722673108,0.14315875638803005,
4.1202166257491,0.24457244589065502,0.05773200826956753,0.11031646550851483,0.08385900347892392,0.15652842525315178,0.0875745664013006,0.12509254300571931,0.1343245421921671,
3.4607006834541214,0.32679163411260503,0.24469167558004745,0.02831579073773679,0.03966923646742747,0.028070990440484188,0.010995415820405002,0.10596672303349722,0.21549853380779685,
3.6909463625110708,0.2532523185688896,0.056829394421437016,0.22116435874241858,0.06112036206446721,0.1428628549958937,0.06811446472046842,0.16999140839436527,0.026664838092060158,
2.6269502965398317,0.2836739544163151,0.17332085342821998,0.06942360423278233,0.03389885533850649,0.036203541417119886,0.13524263121878868,0.13835961933797894,0.12987694061028857,
3.645100459521448,0.08207103624405479,0.11478436134641376,0.02569902851752869,0.12308808891946048,0.20600026860241066,0.12826431822243425,0.10585605734867758,0.21423684079901972,
1.8799132724135224,0.06122030003730972,0.04627997313637229,0.268532850192582,0.24827666471631823,0.18918264201316504,0.08886348664209562,0.059893783729584434,0.03775029953257278,
4.449581363751519,0.17235431962119066,0.10668341552263336,0.19297817228444625,0.07430261596546335,0.09548842508572866,0.08348716392097856,0.14992814908450086,0.12477773851505823,
2.774479304952684,0.03183362392429346,0.0366937051952491,0.3150757566728046,0.08015367920146445,0.030408229517708014,0.09337848388534628,0.11783158521106792,0.2946249363920661,
5.003535392374723,0.0706958508571651,0.2556599254340955,0.03860490087097837,0.03869488635477208,0.2681112985458867,0.060104232213012705,0.01582415986004998,0.25230474586403945,
4.726938314235665,0.05816032868309817,0.22421869389092336,0.10291317292949771,0.08847320993915046,0.195000498066892,0.11094913534830263,0.0605018906027601,0.15978307053937557,
4.726938314235665,0.3365881894640407,0.06946547592948073,0.1566364457184079,0.07696727178103174,0.03771238766925511,0.08542600279619625,0.03965856602933698,0.19754566061225054,
2.1394451156839347,0.16393764912238568,0.11353845801503516,0.032749682097311744,0.07203977326885988,0.033750906528719066,0.09495969396187906,0.3705072224917868,0.11851661451402264,
