0.3208633962243902,0.008759781796066561,0.018755989383939388,0.010462632090832712,0.11538511406739733,0.2768381763904221,0.011258533487442714,0.11372478632030246,0.44481498646359674,
0.46582667192455307,0.008759781796066561,0.018755989383939388,0.010462632090832712,0.11538511406739733,0.2768381763904221,0.011258533487442714,0.11372478632030246,0.44481498646359674,
0.49040657910388885,0.008759781796066561,0.018755989383939388,0.010462632090832712,0.11538511406739733,0.2768381763904221,0.011258533487442714,0.11372478632030246,0.44481498646359674,
0.43653448201698836,0.008759781796066561,0.018755989383939388,0.010462632090832712,0.11538511406739733,0.2768381763904221,0.011258533487442714,0.11372478632030246,0.44481498646359674,
1.0445859649121751,0.008759781796066561,0.018755989383939388,0.010462632090832712,0.11538511406739733,0.2768381763904221,0.011258533487442714,0.11372478632030246,0.44481498646359674,
0.352709104741227,0.040055180167068084,0.03461626775111285,0.05891917551626878,0.09847157977971761,0.4418495073160144,0.057059194803758824,0.08783128168474146,0.1811978129813179,
0.8052614333393951,0.040055180167068084,0.03461626775111285,0.05891917551626878,0.09847157977971761,0.4418495073160144,0.057059194803758824,0.08783128168474146,0.1811978129813179,
1.3717312106088335,0.021753393934346388,0.05684374649246001,0.07514201123034642,0.09231680527328374,0.21160218456782198,0.03415369410733004,0.4133197934966687,0.09486837089774265,
0.7892437376752156,0.021753393934346388,0.05684374649246001,0.07514201123034642,0.09231680527328374,0.21160218456782198,0.03415369410733004,0.4133197934966687,0.09486837089774265,
0.5130756186487059,0.021753393934346388,0.05684374649246001,0.07514201123034642,0.09231680527328374,0.21160218456782198,0.03415369410733004,0.4133197934966687,0.09486837089774265,
1.160477542319553,0.02088013336579199,0.0639766112961258,0.09400494282280833,0.2893983897748054,0.04697586394254437,0.015359152023083442,0.10837482260427664,0.3610300841705641,
1.0397411885543975,0.0078035971611129,0.00914036229215376,0.09783660389191658,0.2861977289174209,0.26053785908228155,0.030302273961359375,0.12300212315902252,0.1851794515347322,
1.0919226630830934,0.021980473797315304,0.025349355891021476,0.03674122027383459,0.6049453499252249,0.08806519275902855,0.00359118989598429,0.07017467558642548,0.14915254187116544,
0.7710798088587042,0.021980473797315304,0.025349355891021476,0.03674122027383459,0.6049453499252249,0.08806519275902855,0.00359118989598429,0.07017467558642548,0.14915254187116544,
0.9503010728333345,0.028095160296958563,0.15759704705094188,0.06878128180218628,0.038462591114295105,0.11108529064127885,0.003534585393616235,0.28749808747745226,0.3049459562232708,
1.9588359861900198,0.028095160296958563,0.15759704705094188,0.06878128180218628,0.038462591114295105,0.11108529064127885,0.003534585393616235,0.28749808747745226,0.3049459562232708,
3.056363634326867,0.028095160296958563,0.15759704705094188,0.06878128180218628,0.038462591114295105,0.11108529064127885,0.003534585393616235,0.28749808747745226,0.3049459562232708,
1.8685492013776446,0.23020888296339057,0.00874097873385485,0.0339309771771789,0.2601233325241514,0.20708854845601135,0.0029379691550952118,0.14572245654326707,0.11124685444705062,
1.2256105836252345,0.18560243687287362,0.03917846901304889,0.030998165910185036,0.2330886447099134,0.1207715151266814,0.017553040813663313,0.20989663150840038,0.16291109604523388,
2.335975719851408,0.18560243687287362,0.03917846901304889,0.030998165910185036,0.2330886447099134,0.1207715151266814,0.017553040813663313,0.20989663150840038,0.16291109604523388,
1.9659319291381898,0.06979881181170233,0.038503810542409624,0.24259707771318645,0.25501649445771335,0.07276238445006912,0.008220932440907932,0.14553858261969224,0.16756190596431908,
1.0966164727086185,0.06979881181170233,0.038503810542409624,0.24259707771318645,0.25501649445771335,0.07276238445006912,0.008220932440907932,0.14553858261969224,0.16756190596431908,
1.5117227000591054,0.024835796846480684,0.14483448369543286,0.2604995422722123,0.14555173458073253,0.12464989619297955,0.0011611391364482347,0.11524128136481755,0.18322612591089618,
2.61251400016423,0.07293005333566799,0.01940290743164771,0.034969698925206336,0.3839494628894694,0.23009126131202118,0.0007098284922497003,0.15184822617539576,0.10609856143834188,
6.96836583990561,0.07293005333566799,0.01940290743164771,0.034969698925206336,0.3839494628894694,0.23009126131202118,0.0007098284922497003,0.15184822617539576,0.10609856143834188,
6.96836583990561,0.07293005333566799,0.01940290743164771,0.034969698925206336,0.3839494628894694,0.23009126131202118,0.0007098284922497003,0.15184822617539576,0.10609856143834188,
2.553908848913177,0.047447649263382026,0.10385151030213183,0.09334165094178122,0.27772436595481326,0.07742391377070022,0.003299481139896471,0.33879134307623704,0.05812008555105794,
2.877028291844014,0.047447649263382026,0.10385151030213183,0.09334165094178122,0.27772436595481326,0.07742391377070022,0.003299481139896471,0.33879134307623704,0.05812008555105794,
1.5698244111769073,0.1124833918602358,0.0525768207808466,0.016913462563716192,0.018430899742341668,0.249726578623018,0.012471500076996789,0.35158300811118776,0.18581433824165716,
2.279633464462289,0.024535245464487772,0.01390864617588506,0.04669227508300183,0.14713689855977077,0.2704681741447411,0.014051261333477857,0.0445214540651598,0.43868604517347576,
1.4819815579996432,0.015581153689221514,0.0580508363649656,0.11096798633731278,0.46134729624176146,0.09018166494716069,0.016873543508889005,0.1669384546158355,0.08005906429485328,
2.830260812843047,0.2664014081090021,0.12079333396978718,0.11584732900934419,0.11934518577356487,0.056169815053163076,0.0024884401665222584,0.2661675521746094,0.05278693574400703,
1.2016485095095817,0.04152827921842116,0.0999065390201376,0.028148623073651544,0.06605319335007884,0.4000592561897692,0.000525170341929832,0.044686486353955966,0.3190924524520559,
1.3081608403242448,0.022950052311046534,0.23151800784457993,0.020377995986531908,0.1583715383627839,0.21081243020846643,0.01603426360040816,0.2667883540277882,0.07314735765839502,
3.206332231572267,0.022950052311046534,0.23151800784457993,0.020377995986531908,0.1583715383627839,0.21081243020846643,0.01603426360040816,0.2667883540277882,0.07314735765839502,
2.5926356833519915,0.022950052311046534,0.23151800784457993,0.020377995986531908,0.1583715383627839,0.21081243020846643,0.01603426360040816,0.2667883540277882,0.07314735765839502,
2.1866287543846066,0.022950052311046534,0.23151800784457993,0.020377995986531908,0.1583715383627839,0.21081243020846643,0.01603426360040816,0.2667883540277882,0.07314735765839502,
1.1032676023491816,0.022950052311046534,0.23151800784457993,0.020377995986531908,0.1583715383627839,0.21081243020846643,0.01603426360040816,0.2667883540277882,0.07314735765839502,
1.5203371986978205,0.06560231636714575,0.16263535921418923,0.0968682269657986,0.13303628058359648,0.36434145927108297,0.011075063300248517,0.14852449408073962,0.017916800217198842,
3.066546564621506,0.03688360928908352,0.16488037512280776,0.05157211743204319,0.1348772685480352,0.4805913457507002,0.0009966046354084094,0.058128868807482886,0.07206981041443895,
2.490206707302615,0.03688360928908352,0.16488037512280776,0.05157211743204319,0.1348772685480352,0.4805913457507002,0.0009966046354084094,0.058128868807482886,0.07206981041443895,
0.763342074269764,0.008421241778423488,0.3356657440242282,0.11101291254409158,0.10614880608465407,0.14773113308668764,0.004183615981893082,0.12253354718466106,0.164302999315361,
0.925303154955835,0.11411308260884831,0.24780431404462966,0.12700590477296758,0.23118390991025392,0.06211428424877253,0.03099148232338993,0.05658531340095334,0.13020170869018474,
0.4360642533889229,0.12229411005422637,0.3941873647281936,0.06808623374696715,0.08456192147073242,0.12840773507761225,0.026809421545180488,0.03247149538435286,0.14318171799273482,
1.9588153239136736,0.02315559383783111,0.012817152853542076,0.04569955459974514,0.01502930396002134,0.4704540700591755,0.016870004814856506,0.2037641038165318,0.2122102160582965,
1.2018584381735664,0.08799204399184019,0.19337269253641692,0.14025553260434392,0.17469858976009509,0.05709433253301134,0.005854984262482588,0.13656087133262973,0.20417095297918023,
1.942704050310314,0.05960275794969544,0.016241195777196796,0.19695876358039038,0.20410381453275486,0.04734868463633368,0.00816710572487729,0.1391804798228648,0.3283971979758869,
0.9833103934657889,0.08198696031732448,0.16651265836181375,0.05894897705413268,0.14391581352864688,0.0708567035604158,0.001711988539329507,0.2998074564762237,0.1762594421621132,
1.994674602858905,0.08198696031732448,0.16651265836181375,0.05894897705413268,0.14391581352864688,0.0708567035604158,0.001711988539329507,0.2998074564762237,0.1762594421621132,
3.203427252158474,0.08198696031732448,0.16651265836181375,0.05894897705413268,0.14391581352864688,0.0708567035604158,0.001711988539329507,0.2998074564762237,0.1762594421621132,
1.2399177913569563,0.08198696031732448,0.16651265836181375,0.05894897705413268,0.14391581352864688,0.0708567035604158,0.001711988539329507,0.2998074564762237,0.1762594421621132,
2.70676567232152,0.08198696031732448,0.16651265836181375,0.05894897705413268,0.14391581352864688,0.0708567035604158,0.001711988539329507,0.2998074564762237,0.1762594421621132,
1.3605873084512394,0.08198696031732448,0.16651265836181375,0.05894897705413268,0.14391581352864688,0.0708567035604158,0.001711988539329507,0.2998074564762237,0.1762594421621132,
1.985180900349051,0.08198696031732448,0.16651265836181375,0.05894897705413268,0.14391581352864688,0.0708567035604158,0.001711988539329507,0.2998074564762237,0.1762594421621132,
3.8431774201034874,0.046451220451034,0.04539082251955686,0.04789418108278415,0.29749183671194057,0.38017413259418636,0.004867059236392406,0.09911588641622181,0.07861486098788376,
4.344210031107834,0.046451220451034,0.04539082251955686,0.04789418108278415,0.29749183671194057,0.38017413259418636,0.004867059236392406,0.09911588641622181,0.07861486098788376,
2.821299188675607,0.09500803845124302,0.06946585153917287,0.02568932320012623,0.13722349127783767,0.1537582699082812,0.0008344338733973694,0.3606509463676945,0.15736964538224713,
1.3533351499945825,0.09500803845124302,0.06946585153917287,0.02568932320012623,0.13722349127783767,0.1537582699082812,0.0008344338733973694,0.3606509463676945,0.15736964538224713,
2.414761459167992,0.09500803845124302,0.06946585153917287,0.02568932320012623,0.13722349127783767,0.1537582699082812,0.0008344338733973694,0.3606509463676945,0.15736964538224713,
1.9329836371972053,0.09500803845124302,0.06946585153917287,0.02568932320012623,0.13722349127783767,0.1537582699082812,0.0008344338733973694,0.3606509463676945,0.15736964538224713,
3.028010407970296,0.09500803845124302,0.06946585153917287,0.02568932320012623,0.13722349127783767,0.1537582699082812,0.0008344338733973694,0.3606509463676945,0.15736964538224713,
4.057811786972784,0.09500803845124302,0.06946585153917287,0.02568932320012623,0.13722349127783767,0.1537582699082812,0.0008344338733973694,0.3606509463676945,0.15736964538224713,
2.9098414386018137,0.09500803845124302,0.06946585153917287,0.02568932320012623,0.13722349127783767,0.1537582699082812,0.0008344338733973694,0.3606509463676945,0.15736964538224713,
3.0893736787560995,0.09500803845124302,0.06946585153917287,0.02568932320012623,0.13722349127783767,0.1537582699082812,0.0008344338733973694,0.3606509463676945,0.15736964538224713,
1.4785719241842863,0.09500803845124302,0.06946585153917287,0.02568932320012623,0.13722349127783767,0.1537582699082812,0.0008344338733973694,0.3606509463676945,0.15736964538224713,
3.233486305532603,0.09500803845124302,0.06946585153917287,0.02568932320012623,0.13722349127783767,0.1537582699082812,0.0008344338733973694,0.3606509463676945,0.15736964538224713,
5.980205543256431,0.09500803845124302,0.06946585153917287,0.02568932320012623,0.13722349127783767,0.1537582699082812,0.0008344338733973694,0.3606509463676945,0.15736964538224713,
3.3988571185771748,0.09500803845124302,0.06946585153917287,0.02568932320012623,0.13722349127783767,0.1537582699082812,0.0008344338733973694,0.3606509463676945,0.15736964538224713,
3.4976820850329218,0.09500803845124302,0.06946585153917287,0.02568932320012623,0.13722349127783767,0.1537582699082812,0.0008344338733973694,0.3606509463676945,0.15736964538224713,
2.2102482342860914,0.0975317695586578,0.05430534011463759,0.03471894304286034,0.02487719333738361,0.5489638919250653,0.0036867067038808578,0.15086556634677853,0.08505058897073593,
1.573328854327678,0.2566771286886261,0.06523170257244307,0.039964535938276514,0.13341240441476987,0.24854095007010227,0.013970400725039375,0.02821795547560322,0.21398492211513953,
2.0347630765137708,0.2566771286886261,0.06523170257244307,0.039964535938276514,0.13341240441476987,0.24854095007010227,0.013970400725039375,0.02821795547560322,0.21398492211513953,
0.9548535528659775,0.2566771286886261,0.06523170257244307,0.039964535938276514,0.13341240441476987,0.24854095007010227,0.013970400725039375,0.02821795547560322,0.21398492211513953,
1.405033905022328,0.00037914545043183344,0.2390122603474606,0.008870885186023622,0.17565028405477182,0.20056866052126368,0.0039917217465912525,0.12530015223683003,0.24622689045662716,
0.8050984009726251,0.15023656385974563,0.11619008913408232,0.02627371642454245,0.17995127105778536,0.13175065293205396,0.0415848659287659,0.1502479370441193,0.20376490361890523,
3.1621827647532164,0.06839705863189335,0.12535664695522064,0.016982921061550194,0.14399203758524942,0.20032829413773753,0.00719784222084309,0.24073238073105918,0.19701281867644652,
1.9292601367241942,0.13498168865336718,0.1826625312510435,0.028133041298119034,0.11082096225776539,0.09566020442500077,0.0009824471428992114,0.10367242606600442,0.3430866989058005,
0.6192731025638706,0.13498168865336718,0.1826625312510435,0.028133041298119034,0.11082096225776539,0.09566020442500077,0.0009824471428992114,0.10367242606600442,0.3430866989058005,
1.736698860499045,0.17912769846387083,0.08562497612157406,0.002708191561061587,0.15589714271162586,0.16721917313591528,0.011135843059295061,0.1788416584026102,0.2194453165440471,
2.9192413157866457,0.17912769846387083,0.08562497612157406,0.002708191561061587,0.15589714271162586,0.16721917313591528,0.011135843059295061,0.1788416584026102,0.2194453165440471,
1.8782428390405395,0.18601237866506415,0.1136326722512127,0.03519719815691431,0.10551937884841944,0.21869298895561692,0.01084303993731607,0.17151811562151223,0.15858422756394414,
1.12012835863804,0.18601237866506415,0.1136326722512127,0.03519719815691431,0.10551937884841944,0.21869298895561692,0.01084303993731607,0.17151811562151223,0.15858422756394414,
1.1158642183629928,0.18601237866506415,0.1136326722512127,0.03519719815691431,0.10551937884841944,0.21869298895561692,0.01084303993731607,0.17151811562151223,0.15858422756394414,
2.248975116469154,0.18601237866506415,0.1136326722512127,0.03519719815691431,0.10551937884841944,0.21869298895561692,0.01084303993731607,0.17151811562151223,0.15858422756394414,
1.7725628307351835,0.18601237866506415,0.1136326722512127,0.03519719815691431,0.10551937884841944,0.21869298895561692,0.01084303993731607,0.17151811562151223,0.15858422756394414,
2.132806574288062,0.18601237866506415,0.1136326722512127,0.03519719815691431,0.10551937884841944,0.21869298895561692,0.01084303993731607,0.17151811562151223,0.15858422756394414,
1.7065397296832536,0.18601237866506415,0.1136326722512127,0.03519719815691431,0.10551937884841944,0.21869298895561692,0.01084303993731607,0.17151811562151223,0.15858422756394414,
1.3838520802664347,0.18601237866506415,0.1136326722512127,0.03519719815691431,0.10551937884841944,0.21869298895561692,0.01084303993731607,0.17151811562151223,0.15858422756394414,
0.7034725853310652,0.0333289414941438,0.2867521350771257,0.04004535983465824,0.16687822964829258,0.02469472404335011,0.0025553661567003115,0.10664925187486621,0.339095991870863,
0.9043599451059637,0.03136751178025012,0.02615807840854395,0.107873375235433,0.38715707980415776,0.0669958182204536,0.003525281598962081,0.23891849336964896,0.13800436158255053,
0.8190910376733331,0.0849616357358252,0.047605373346541136,0.10595808093092099,0.17531870922768944,0.23521094030624914,0.012226805972279335,0.15302706864159107,0.18569138583890368,
1.70999828563145,0.36717861718588796,0.021495599492212608,0.04084917934195876,0.0728014342560871,0.054662280405734405,0.018921378943089213,0.08012572853582557,0.3439657818392044,
1.3540117316021343,0.36717861718588796,0.021495599492212608,0.04084917934195876,0.0728014342560871,0.054662280405734405,0.018921378943089213,0.08012572853582557,0.3439657818392044,
2.01085338640614,0.08536739375248209,0.003072223542456957,0.009994899363004073,0.19418553180630255,0.07766781964486814,0.014219976995420294,0.30616410751729606,0.3093280473781699,
1.9120767614868024,0.175524111056967,0.05818151674776109,0.0322726084352613,0.27317881538489713,0.2278378915908668,0.01418463812495582,0.1760982148119471,0.042722203847343806,
1.9373933119452724,0.175524111056967,0.05818151674776109,0.0322726084352613,0.27317881538489713,0.2278378915908668,0.01418463812495582,0.1760982148119471,0.042722203847343806,
2.171218073930564,0.175524111056967,0.05818151674776109,0.0322726084352613,0.27317881538489713,0.2278378915908668,0.01418463812495582,0.1760982148119471,0.042722203847343806,
2.419438082946344,0.175524111056967,0.05818151674776109,0.0322726084352613,0.27317881538489713,0.2278378915908668,0.01418463812495582,0.1760982148119471,0.042722203847343806,
3.059346704083835,0.057441120250416006,0.0684615820204159,0.08218907251584522,0.17444629088777655,0.38333469132465103,0.008105819919476029,0.04814878631750554,0.1778726367639138,
1.2736538380198383,0.057441120250416006,0.0684615820204159,0.08218907251584522,0.17444629088777655,0.38333469132465103,0.008105819919476029,0.04814878631750554,0.1778726367639138,
2.9453574166387133,0.12347996200618712,0.13813890585592542,0.08915889142523115,0.19866720625645543,0.04888402691059321,0.00960450311153298,0.2263958016637348,0.1656707027703399,
2.217868536684257,0.20394483333351102,0.19981004960671958,0.13224550101731264,0.09527423291094281,0.07626523455042472,0.005564063117291282,0.07211827428005262,0.21477781118374542,
2.092043178756692,0.06937491561943242,0.0039758897565806105,0.1073599873096877,0.3878413494355757,0.18779456682898513,0.0268346845634725,0.12855886767411034,0.08825973881215572,
3.0200859717346713,0.02873841352913583,0.04459205608222682,0.12818655259260744,0.03552556664182969,0.5205422098891533,0.01848110834005425,0.06977283606691757,0.15416125685807508,
1.336069369718755,0.05180043416855982,0.01230139178630145,0.274369111212041,0.04489845912139503,0.15755242776511658,0.011766444996749077,0.2326934936661831,0.2146182372836539,
3.0819635627916946,0.06319978644712665,0.13828687930336578,0.12409090229142,0.06970017788270705,0.12579473659905008,0.0056204493343810485,0.20975407811606225,0.2635529900258872,
3.8631932521406083,0.06319978644712665,0.13828687930336578,0.12409090229142,0.06970017788270705,0.12579473659905008,0.0056204493343810485,0.20975407811606225,0.2635529900258872,
3.8631932521406083,0.06541043133551183,0.16827720280801997,0.03714003981549551,0.18074451452705254,0.1375774027107833,0.004701005676903378,0.14172873256294805,0.2644206705632854,
2.795937209749758,0.13744661757083165,0.1247258044179272,0.27070795207070053,0.06008299414176967,0.1005263811335834,0.013499328897178671,0.2134664590806841,0.0795444626873247,
1.9234557035297222,0.048122266385491025,0.2699571644958235,0.10727646687886774,0.17699426471807556,0.19135308421633648,0.04236517649954174,0.0834480837068617,0.08048349309900203,
3.9809028630495007,0.08829934787184317,0.036791068013621336,0.18634320249892447,0.28189768370332674,0.2059196725561182,0.006344359031995418,0.18571630150269028,0.008688364821480356,
3.6151660458142065,0.13316629882515435,0.020431118424301686,0.03646244496093967,0.28373632291019796,0.2733991098318998,0.014072404315291224,0.18863190472664138,0.050100396005573714,
2.2637734053960012,0.24159577880275504,0.10679001637670002,0.11132459114411584,0.0687986582451012,0.1462384162099553,0.02827367910830473,0.23609961475989247,0.06087924535317535,
2.7065700125018215,0.24159577880275504,0.10679001637670002,0.11132459114411584,0.0687986582451012,0.1462384162099553,0.02827367910830473,0.23609961475989247,0.06087924535317535,
4.278334764103312,0.10986707303802877,0.06753988747097707,0.1123309724959281,0.12709793417113854,0.15207019333012273,0.027174669894016935,0.13497634418168078,0.2689429254181071,
3.516549930718392,0.0714397723936903,0.21873098473449012,0.06298197449544395,0.1367139620145317,0.24378699766115,0.022966997300996925,0.06603097955302237,0.1773483318466744,
2.9861106034914537,0.1765040978378157,0.04503043953473539,0.054294294780504355,0.05223162677378581,0.1887353338526767,0.0577090803730184,0.2680646178413939,0.15743050900606972,
1.4995883376054715,0.0800107370359565,0.081022457512577,0.14772054835452456,0.11173523832690815,0.2535371392163789,0.04459094538414096,0.11831546709688522,0.16306746707262867,
2.8937209862305364,0.14262437302149658,0.1522369978556893,0.048262935539848895,0.1152200886466806,0.12469532927938085,0.01711836728223516,0.3215389894154198,0.07830291895924883,
4.027235881836349,0.09333866920499316,0.1660145268361224,0.2181622015969787,0.10300535158809086,0.10122069175666333,0.011885495345526234,0.17367390318406917,0.13269916048755614,
2.7327929260398798,0.139951077666366,0.18843383526037386,0.043247957620194934,0.21644828780148148,0.1974301762668957,0.023996837215992543,0.07043386661246319,0.12005796155623243,
1.8745188699954403,0.30355266179651014,0.1404144879121843,0.09898375786986618,0.05203056758586215,0.0912383551392192,0.021605351685357342,0.10387906081839904,0.1882957571926016,
1.6011595889505894,0.06721742918620335,0.10528490532651846,0.04617933628050716,0.19750088440105468,0.10346293759608113,0.04091078285761666,0.1768974725934468,0.2625462517585718,
2.038687021893835,0.21373312232351274,0.11166753241734363,0.015200911685546077,0.08176207749414259,0.07849566076664491,0.0117683793936838,0.21510106942885643,0.27227124649026985,
4.42317673269877,0.06141008027357386,0.23925926788719476,0.15313371511182672,0.2779982286623077,0.046260277612477946,0.011145641776787299,0.09858864526631288,0.11220414340951879,
4.42317673269877,0.1196586572288899,0.14248171844620364,0.13491803914358877,0.16442047057408088,0.09897434221150782,0.013855565249366018,0.07627995428912403,0.24941125285723895,
3.5277972579587207,0.1196586572288899,0.14248171844620364,0.13491803914358877,0.16442047057408088,0.09897434221150782,0.013855565249366018,0.07627995428912403,0.24941125285723895,
4.209865239716567,0.1196586572288899,0.14248171844620364,0.13491803914358877,0.16442047057408088,0.09897434221150782,0.013855565249366018,0.07627995428912403,0.24941125285723895,
4.303125901151522,0.16561039931373842,0.055797532191902616,0.018227137166623806,0.4106104075794116,0.10342155412554752,0.010035176409221367,0.17722747603388206,0.05907031717967268,
4.303125901151522,0.18997613766991173,0.058913264169241114,0.11653523875089743,0.3405459212018088,0.09169904813141626,0.1509977554477638,0.047160213536880505,0.004172421092080391,
3.383449423819472,0.08447254472082293,0.03524891388435376,0.13792318959422478,0.09736819473101004,0.04162750872873741,0.1392533854828817,0.25039277370773244,0.21371348915023694,
3.874537711189597,0.07730676762254915,0.16394525302779486,0.022422193046557598,0.16487127511698896,0.19699948474272916,0.09722397886316253,0.21289322014478276,0.06433782743543501,
2.54504694482501,0.2584313314035313,0.08579656006525035,0.042851024776325373,0.38366780984224214,0.09712101741291354,0.07909355240112427,0.01356869531378905,0.0394700087848239,
4.356141014334156,0.1384294326991179,0.03482641474338536,0.07851759883062927,0.09330742324470578,0.29636022567886905,0.062025932617144224,0.16436178919760117,0.13217118298854716,
7.8095438355022235,0.22258446693920045,0.07909152258430276,0.08353359650661193,0.11291026527612913,0.05092543709956598,0.09961483780618137,0.15643546614933668,0.19490440763867173,
7.8095438355022235,0.13134250179556908,0.0663782006789389,0.10716102602528237,0.19710725315143404,0.0999418557338043,0.1385444111331698,0.19726716611301998,0.06225758536878148,
7.8095438355022235,0.13134250179556908,0.0663782006789389,0.10716102602528237,0.19710725315143404,0.0999418557338043,0.1385444111331698,0.19726716611301998,0.06225758536878148,
7.8095438355022235,0.1053585014634981,0.011137048543676533,0.040711713673459014,0.28177304261877295,0.12280056406767938,0.06412078167711152,0.17261734960872516,0.20148099834707736,
7.8095438355022235,0.1740641715020376,0.043456276648984375,0.06933656501457913,0.17831406371391492,0.10109563029341588,0.2348134298246966,0.1786888649486729,0.02023099805369855,
7.8095438355022235,0.14667604770981968,0.07221535376737725,0.049359925131335275,0.3181334345524727,0.13693614224533515,0.1804733321470414,0.0636516414044692,0.032554123042149434,
2.9379163617859336,0.1283171758677442,0.20892583375114418,0.03218965527013172,0.18086158795092458,0.08546348569339904,0.04110642899470853,0.26679370910891625,0.056342123363031515,
2.609667788073638,0.26790749724219176,0.04458405395844637,0.042905097388124695,0.19697192962921756,0.17452690603649085,0.041008733669416285,0.04095110269926445,0.1911446793768482,
4.630457240167945,0.07165811668097224,0.008070748636330186,0.1293427723019564,0.21723481028782549,0.20308221690081588,0.15043234423787574,0.13019585720193683,0.08998313375228709,
4.002103193895104,0.08185552786722312,0.07888070374120908,0.28833813035848566,0.04972144647155509,0.13594044794802077,0.08897839903353096,0.16549009727368885,0.11079524730628652,
4.250937282117575,0.14948340113246456,0.010060024627169421,0.03896043059645484,0.35917537783269077,0.09851245262437351,0.16717653096638233,0.11438572306576666,0.06224605915469801,
4.250937282117575,0.10095954329957503,0.0889407222393539,0.1936318724502823,0.2245849617646241,0.09733305051068394,0.016125033104165607,0.16782907074840997,0.11059574588290498,
4.969746440300855,0.02415867005643836,0.06205059569270939,0.1660844441789393,0.17944555156748393,0.24713539632260131,0.10486979204616137,0.0506407314675337,0.16561481866813255,
3.6291663554431737,0.012634239322237981,0.17955926489166033,0.06562610310137,0.2933589973462975,0.09051899703049197,0.21445101825537127,0.06413123117535004,0.07972014887722091,
2.1301850469347916,0.04819772026895943,0.08291446157849915,0.15853749822313226,0.040316088123963895,0.034546139506957556,0.3652188540755279,0.11531988212029332,0.15494935610266647,
3.0665687874162106,0.269707939130905,0.15388166627136188,0.21441399191360702,0.1010036079732993,0.028661639538040733,0.08787148178557087,0.015342148901563116,0.12911752448565197,
3.2198152594116842,0.16487518913141128,0.046927326791657634,0.09987033977161935,0.24322101217510975,0.16716159390568452,0.1315780061248735,0.045840365413313884,0.10052616668633003,
2.689893307838689,0.31951490060429005,0.06905354855455093,0.08210012574835363,0.10156447344478678,0.16467089134417182,0.14919220988894705,0.06287886462102586,0.05102498579387392,
2.9886323417786134,0.09028636689334377,0.03924755428451156,0.05194082806374009,0.16443033536225674,0.12710304288594895,0.20096526008762322,0.26435748547943355,0.06166912694314218,
2.886088643105384,0.05479241870681657,0.010966912413789139,0.08924839595323443,0.2064803457924089,0.12567354148552612,0.07359283262002067,0.32162913433898027,0.11761641868922387,
3.555811959799515,0.08025186878701066,0.14925396568697274,0.07853035861838097,0.13022295651513402,0.2399247172467498,0.15432723324816783,0.0357667864955671,0.13172211340201676,
2.96068704936347,0.017200624289218425,0.07566299440328937,0.13188547812460588,0.15285083853263537,0.24943541332892524,0.11263369956387932,0.10098849817950858,0.1593424535779378,
4.341660403625935,0.01892183544344932,0.04160928753634581,0.05061485022044612,0.30735981505398347,0.3070397438745751,0.032975418482815246,0.09318062995805565,0.1482984194303293,
4.708162378241829,0.10185877769418888,0.04435854602155771,0.19030386207756572,0.19576556173167187,0.047613114689576366,0.11952079869896623,0.14896594706133315,0.15161339202514024,
7.202607941656858,0.20729288912514865,0.045661309334505136,0.11861897297604175,0.028889951255467845,0.13207404198926423,0.07486289585852844,0.11169706313711458,0.2809028763239293,
4.701946980660047,0.06242121947601303,0.007936564441507907,0.17886567414381524,0.293488391684649,0.29595608380936045,0.04019396868357974,0.026109005353936718,0.09502909240713789,
2.4936766160170416,0.04358354701574102,0.10569020867956203,0.03867832539543847,0.10929734786466531,0.17982464299539036,0.10352706291689641,0.35952793570520086,0.05987092942710565,
2.188383206700165,0.14230913867718237,0.12933481637895153,0.06907313088308235,0.027731401589046543,0.10228698517794486,0.23508575073627028,0.08313281172545671,0.21104596483206542,
4.581481856628827,0.22613192799885035,0.13083707519193807,0.05689151207052886,0.12425067462727672,0.27265486171821923,0.06466712397482674,0.07019659012545305,0.054370234292906994,
2.234866579835179,0.10237276762022456,0.19097655107258357,0.07491431763534444,0.20554153166846242,0.11578404148243979,0.14108203803546657,0.146043674637068,0.02328507784841067,
2.8102075925028087,0.12475476975944491,0.12799040464492387,0.06635852404463945,0.03317888086085729,0.07874645099556932,0.28630149647980635,0.15907420688555168,0.12359526632920712,
5.234423204202803,0.006189882151871993,0.0628825784611639,0.051683697893716116,0.13165155256628694,0.11732861868517189,0.3550732367923386,0.15414904962524928,0.1210413838242012,
5.234423204202803,0.21526182344268435,0.09641189055746553,0.15078911876434653,0.0753974625244048,0.21965161123383392,0.05806432267059453,0.11592926285111826,0.0684945079555521,
3.460952784894216,0.06521436351519784,0.1798358058739578,0.3068201245455746,0.08302227995255196,0.06607727742640036,0.20625525162784777,0.041648268375302555,0.051126628683166926,
3.0088465574728267,0.07395885752835049,0.010835491070377762,0.04707283363518942,0.1397454720256478,0.149697405225466,0.17468145910304964,0.04361124941794062,0.3603972319939783,
3.723032667839229,0.15157533595475864,0.07821059501652311,0.1418970985785502,0.1430518207247381,0.23931816542288845,0.12060417100017362,0.10222340925196229,0.0231194040504056,
7.773906486278127,0.06904799704903783,0.1101809047498355,0.10010083601048582,0.10526829465002649,0.09570848803293272,0.3143487521359933,0.07759450109559254,0.12775022627609592,
4.754196986540523,0.011950123849332169,0.22179919987841668,0.1264575234226997,0.10322866042296613,0.2916051824116503,0.11226460370925803,0.08913044265872111,0.043564263646955856,
8.30624186961545,0.1448138004988822,0.1902217780297515,0.03730718086972488,0.2608537909020775,0.09613772297516981,0.0446924809704687,0.08100048218178314,0.1449727635721423,
8.30624186961545,0.07316062067548527,0.09319341326171078,0.1659847594565003,0.2021037760900045,0.13570405453324985,0.1298109175700418,0.08448106803836178,0.11556139037464568,
8.30624186961545,0.07316062067548527,0.09319341326171078,0.1659847594565003,0.2021037760900045,0.13570405453324985,0.1298109175700418,0.08448106803836178,0.11556139037464568,
5.150659622947606,0.08933530543082267,0.06615024553806906,0.1322175943584283,0.10835009060703156,0.16046602768706977,0.18759593726878696,0.17611841538567832,0.07976638372411331,
5.116977897145373,0.21784333759338204,0.091018446092128,0.10707463594066617,0.13446975976055442,0.025079045596796325,0.07088075449041847,0.0693297150531471,0.2843043054729074,
5.116977897145373,0.04407688240239228,0.042443292430379906,0.0822968942045869,0.14497782911098703,0.11394251303684572,0.3832132126154128,0.12729403383400864,0.06175534236538668,
1.7541083944913676,0.2094807500576412,0.05667468660960494,0.11577019658061934,0.12425460944202357,0.16319339824270318,0.15312464809459236,0.07203044541868804,0.10547126555412739,
5.418217791342427,0.05937500719769993,0.16782339566396812,0.19145409154935678,0.19502795693168767,0.015514078684175814,0.1443878343592418,0.09466655422494945,0.13175108138892036,
5.418217791342427,0.008570550061426941,0.09813203465134825,0.14165275199283384,0.071598878786602,0.22066931398452586,0.14069555196605693,0.26815415824537536,0.050526760311830815,
5.418217791342427,0.12359912560623883,0.23495247755559506,0.05679491504603178,0.15438574792075915,0.1272946729579761,0.03299710345360001,0.16571871422297754,0.1042572432368216,
5.418217791342427,0.13487476612949623,0.07227786930312995,0.055828674549118926,0.14386623502397886,0.23816129152611584,0.09651526615145681,0.146338027038398,0.11213787027830543,
5.418217791342427,0.15852454961485357,0.025006125638741272,0.03594012756068801,0.26514205502714755,0.15072133766206955,0.12479943127762415,0.16630972477754177,0.07355664844133411,
5.418217791342427,0.02400444359981916,0.06578492753318287,0.2101623375887262,0.28058626715933543,0.07534601661422706,0.04068600978400608,0.22924778579464403,0.074182211926059,
2.031025354108613,0.12912625326699126,0.07717045101789204,0.07624875291642624,0.12675979334179352,0.20973253416067508,0.03316125274130538,0.19577119698690099,0.1520297655680155,
1.9196704712021808,0.02917057100032494,0.2022950266231603,0.22539735400899802,0.17563807531023237,0.04781709603045043,0.02728843421102673,0.06215900474593489,0.2302344380698723,
2.2928592542801196,0.26906485256549517,0.023059718637640444,0.10081149213728631,0.07290942558453865,0.11667394125056096,0.058835337713230296,0.3222568012217613,0.0363884308894869,
3.7091757043486413,0.08417321486988527,0.13509285509074584,0.1465043209718219,0.09356203187943271,0.08737330859629726,0.04871102266420055,0.26672158143016694,0.1378616644974495,
4.84474791455152,0.07117950304568145,0.11782885096521693,0.08276295976107947,0.06193345248840454,0.21241365074006982,0.1324121776778922,0.17150805564774163,0.149961349673914,
2.8300975890830258,0.07117950304568145,0.11782885096521693,0.08276295976107947,0.06193345248840454,0.21241365074006982,0.1324121776778922,0.17150805564774163,0.149961349673914,
2.1004464142178927,0.14795313354731654,0.06765916751850863,0.24785886789045772,0.13912709590532532,0.22269376291687615,0.0480871992555887,0.04037763533563102,0.08624313763029594,
5.33781688576244,0.14086398939255626,0.392226954348409,0.06452694606250439,0.09921045368053018,0.07803883300864722,0.05470468182841097,0.13054360956439903,0.039884532114542764,
4.318978611368833,0.09139328590387874,0.055105153871796424,0.13487052494989543,0.35135757616564534,0.1823360681343538,0.04772780304738826,0.0527722520501667,0.0844373358768752,
4.318978611368833,0.004203574225168147,0.059226187698323544,0.008196998423376756,0.3632910359968242,0.21370123212417344,0.15220828370300019,0.09757207455305675,0.10160061327607695,
5.9657907290115375,0.011385212476060252,0.1451153759264142,0.062346840118517384,0.3013154150357126,0.08508339208065732,0.1349385027979806,0.06991158035702806,0.18990368120762977,
5.9657907290115375,0.11274916819149251,0.12452583568312971,0.009939836212337414,0.16311018566303997,0.1822130737693826,0.15730184310495612,0.2008842667089761,0.04927579066668546,
3.7731194913599664,0.10397688441291834,0.12309187402548243,0.19666545346823913,0.16585447548206103,0.11251638731523289,0.07172965903552644,0.1493356853409299,0.07682958091960986,
2.4393371357689544,0.08013316689344556,0.2370872788381004,0.13651252493711255,0.238270168377335,0.11517929369444031,0.028510011902457787,0.08564784215826331,0.07865971319884515,
3.371574352975528,0.07822507515522714,0.17813923234033605,0.11263943484036998,0.14276811446582977,0.11846137589482926,0.06351447280428191,0.07983841054655932,0.2264138839525666,
3.2474581700178873,0.21005771772377216,0.14041706159826006,0.1292334945272842,0.19802219988053957,0.006241915759309325,0.1153160087220402,0.032399255531598066,0.16831234625719638,
3.402918958710516,0.018380596245854714,0.1559037876851006,0.08994872059618751,0.16705413265373092,0.22714392510147285,0.09570948818732902,0.027526125828607837,0.21833322370171657,
3.402918958710516,0.05978342990817052,0.06589671999139637,0.22306074512755494,0.1392570276424837,0.060507620204242586,0.11730921813326928,0.09603580025771051,0.23814943873517191,
2.454658917709289,0.12582305172197436,0.09227202733320532,0.10040068496067679,0.2337634579041358,0.1286274351346578,0.2109803694017133,0.08542700972986877,0.02270596381376791,
2.7337989756060495,0.025261461112995418,0.14400846372073087,0.16511384137491045,0.09442372103437544,0.06597180844004823,0.05792442580936243,0.2306674100289807,0.21662886847859653,
2.6520284766624145,0.12685657968299047,0.08221008864688063,0.2584741049813388,0.24565468666218174,0.05312961881504827,0.007482916687976205,0.1471084810439162,0.07908352347966756,
3.245492892692249,0.11461959144070065,0.22818239949235267,0.13965214621249167,0.20588839303127093,0.09479773653724402,0.09025381436128041,0.08043606710568568,0.046169851818974095,
2.0732959769551673,0.047227943578844155,0.17915077188689932,0.13496390088933571,0.05795879019241816,0.12033558262348355,0.10234176715382143,0.2343843876790079,0.12363685599618982,
2.2118414142894673,0.04579228380701741,0.06380369907712354,0.1896669653347672,0.09000165749385873,0.024175000454497667,0.4432887420513171,0.08422589368352643,0.05904575809789202,
4.027817071534581,0.07924502800140236,0.040677020976528436,0.28658401979136544,0.07099309130219374,0.10397620544951933,0.09706335491317365,0.07853102784704329,0.24293025171877383,
3.835041986259864,0.09272811989455482,0.09183035461782418,0.14243553909729834,0.14556921295070413,0.18266600084488788,0.030542606660360492,0.220702266516417,0.09352589941795321,
3.835041986259864,0.11223065594117553,0.15655498334161302,0.02469853828286943,0.1722054292510714,0.26779557997488207,0.046773601809781774,0.07320596210270511,0.14653524929590162,
3.2475553909299526,0.06729577172124096,0.09816038480656646,0.040688928349230595,0.2572514009710261,0.11300019715969684,0.13430638360615876,0.19305809018263778,0.09623884320344253,
6.255601117832428,0.03671580989105654,0.08478387158887779,0.017156515310214095,0.4085844647802301,0.11024991199119062,0.09597197164457384,0.16128334986238177,0.08525410493147534,
3.0629428116274395,0.08984748954214279,0.09942810665902638,0.08191043165726604,0.3480355129618035,0.2760255205190177,0.022595568146865617,0.022224486276725495,0.05993288423715256,
3.461429239823485,0.018661276084652612,0.06162498765140662,0.10366631076339872,0.2297734719087677,0.12554446292360108,0.15911884823912562,0.27406634091387755,0.02754430151517006,
3.5917049699141845,0.06317788896339788,0.18448573787404568,0.10827116841654277,0.33729758027038415,0.05413093929360689,0.1411924927481071,0.06529048765945783,0.04615370477445777,
1.9229317913122996,0.0730310373175021,0.14609101686079426,0.13446093236719175,0.05774309852982868,0.251856884991156,0.12482007629939247,0.14065666435552063,0.07134028927861417,
2.3697023660333483,0.053066467536919605,0.027746712978190625,0.4301493653827724,0.0667331126291631,0.17952204026164398,0.1143982085635899,0.09256002670177488,0.03582406594594567,
4.535625910005062,0.12718896115236986,0.04863992577820034,0.07962357345057643,0.21433590923955104,0.20535856947064238,0.0699383553181362,0.059459403159210986,0.19545530243131276,
3.9943706755113224,0.03773862419162587,0.13372793150325518,0.0590621549402018,0.25069567884579996,0.1206206054693423,0.15222385934406618,0.2187334288221943,0.027197716883514335,
2.09320402850758,0.1667354917037331,0.11159528970105884,0.09875166150732777,0.09777635912775463,0.127905517614544,0.08832122138672843,0.22328666406838804,0.08562779489046521,
2.467754435846327,0.1368084897273915,0.2256352248743434,0.12337610503020961,0.2645158169509317,0.033331690952999773,0.16775104788127929,0.02768387667364533,0.020897747909199533,
