4.163018274565054,0.33573198384017344,0.015196913393742358,0.01750055383602223,0.010533056935360628,0.11118350934055363,0.04352529580734005,0.3739343009462599,0.09239438590054785,
1.1941524465149702,0.04719087426108256,0.13126993554826552,0.03870231353889977,0.06944120412036422,0.21380828775223856,0.15454493159649946,0.06324383601357877,0.2817986171690711,
1.7410519423994055,0.1181203116671143,0.05563737312521784,0.07639848861265483,0.08255580489344268,0.07630998799033457,0.19834243447145097,0.28930935270027675,0.10332624653950802,
3.0872602292134887,0.08060325886950943,0.03884291710310746,0.12889807847872217,0.08048104299771158,0.0480098322159375,0.30289399172610176,0.1537162334944967,0.16655464511441337,
0.7125297504952637,0.12943859921563472,0.08848706627855471,0.011312503616688084,0.108338551948822,0.09316723739289823,0.20450171491298838,0.052756886757046026,0.3119974398773679,
3.0525291233878136,0.048752588308875855,0.03888558849437028,0.06838465617298564,0.3837111030968123,0.006508392443982793,0.15185494556647525,0.16828451730692157,0.13361820860957632,
1.5391860359530516,0.05753008614250915,0.07910003898626902,0.029979193448540883,0.04439768604442991,0.04808045511030263,0.25307554171522145,0.2932783136310677,0.19455868492165918,
2.271354607320351,0.10206107118437134,0.39383139617427093,0.09176209112850721,0.1097686016497361,0.03881478204458957,0.043701919275032725,0.07319483240663455,0.1468653061368577,
3.0994153912394005,0.06416680471797484,0.04361336646116432,0.04289052506550394,0.25070494532735826,0.12473704851775601,0.06039485286953563,0.2158721503728969,0.1976203066678102,
2.950570482339084,0.12368494168827267,0.038934569355122434,0.06843616842368862,0.11869417305193224,0.025445984723942792,0.32899786709664897,0.09205995124835926,0.203746344412033,
1.3346028177024696,0.05363329628095979,0.18869787953615783,0.08541833705517651,0.07783518373670749,0.18602135399104808,0.09122038535894485,0.105876277926188,0.21129728611481735,
3.590973550361458,0.02394643406219204,0.1569372260565018,0.14023312790709827,0.10850320567287007,0.08200194886381278,0.3317791343822972,0.07648663818781115,0.08011228486741662,
5.600190465723379,0.03924603393834494,0.23188647024226353,0.10404542063589857,0.21061435952879076,0.08289168267142297,0.023298711064406577,0.1508643278361947,0.15715299408267785,
2.2438706119821026,0.021835960047758108,0.03514130773838502,0.2395353967373141,0.10197555641161936,0.20710832040491742,0.2681251159447892,0.06357964694518473,0.06269869577003197,
5.18095132085208,0.05360230986948651,0.14671583503793295,0.08685319939114787,0.169566242443777,0.05645437031924923,0.2127620005610117,0.25069407185204695,0.023351970525347692,
5.18095132085208,0.03371912261979308,0.1432623600482072,0.09394568918432711,0.0441634013290099,0.11600610346570521,0.07266790145381573,0.37860862669514334,0.11762679520399844,
3.4346650302363106,0.12462960074626933,0.17417344064846474,0.05225391405143572,0.09545293787879472,0.28361283463121406,0.10531003636769887,0.1058004610343466,0.05876677464177601,
3.0485208186266832,0.10739903700658317,0.1127258866719966,0.22754876713813973,0.01646472434983252,0.06252910086224295,0.16801683110105703,0.17416632877760443,0.13114932409254354,
1.9174705308101918,0.06349193606710692,0.414783240443289,0.13328912969465329,0.057395513495039636,0.03308067135059954,0.03582778498770859,0.2085071826963365,0.05362454126526665,
9.124086710176785,0.03213688480565017,0.2204772818816057,0.0919248133580374,0.015199558962052538,0.28490080641072196,0.07742400281591025,0.06936803647833462,0.20856861528768741,
9.124086710176785,0.03895011241800313,0.14847966413975144,0.03025807716314746,0.045396420454832394,0.2623567839971052,0.1062441761480055,0.16387040431531713,0.20444436136383767,
9.124086710176785,0.04336127116080881,0.11817198374621647,0.05228313721075947,0.09800444761454939,0.08817497207419289,0.11643675125036475,0.15654056668208494,0.3270268702610233,
3.6817250893728133,0.13881002508358936,0.22376831684760906,0.049093315880419826,0.03526495158107987,0.16478649238970916,0.08477996759314932,0.07473026565815179,0.22876666496629172,
3.6817250893728133,0.23198390167239105,0.10769255447859334,0.015348471325921216,0.04938497390727382,0.09934626983507501,0.2361832190163702,0.13015747578472697,0.12990313397964842,
4.4258264718198355,0.04272075579306408,0.39271554423489313,0.005486743566330054,0.0983979715541318,0.05515715847891737,0.061536586736794636,0.24900449716814826,0.09498074246772063,
2.2809533378761198,0.10309351999803586,0.08031267132770797,0.11808490538640926,0.08470901975342815,0.1635260754264899,0.12396772594126078,0.1926723812059964,0.1336337009606716,
3.22905688322046,0.02034814483846346,0.12092782555195106,0.07637839774789335,0.20005683945256347,0.09844893582407205,0.0702480431760594,0.2952611091391125,0.1183307042698848,
3.1750275496363565,0.1476453090627501,0.1286578765689885,0.022102459958156902,0.11266245996970764,0.10021395919683164,0.1536374029591504,0.17067063605840774,0.16440989622600688,
3.1750275496363565,0.10121192206809876,0.2857896696942871,0.028112607742182782,0.19284201303256682,0.1699093605798119,0.10974430958739799,0.04121465108268818,0.07117546621296657,
6.679528309120333,0.05992453189452889,0.12698699273235733,0.001368655215421694,0.0768367329544406,0.13339904349271828,0.27202795965353127,0.03294393801855447,0.29651214603844733,
2.6160976140723773,0.03381069043185879,0.16001906826441117,0.012607347981742238,0.08710626054522995,0.25559693539896366,0.03252564736035535,0.07760577581812546,0.34072827419931345,
3.112784691914774,0.007351931768522825,0.21991217172343444,0.08486536343539546,0.08477744667329111,0.337828056053939,0.05952162932052895,0.17212543378585074,0.03361796723903748,
2.6196628874970047,0.06068070896520063,0.1245987770518679,0.09982990503868687,0.08501180385155291,0.14268772003021707,0.13693664967554628,0.08943011136475575,0.26082432402217254,
2.1642573261605587,0.0894630852056238,0.06076627478177961,0.080630343179163,0.21090494351504482,0.07202272337646375,0.10734208826321996,0.29101895402864186,0.08785158765006315,
4.339027829550127,0.08958406065509707,0.15367013655174516,0.13922350186603613,0.11682460358033847,0.10877440903665027,0.23377974479997332,0.03958365681069383,0.11855988669946561,
3.041955302327651,0.19080121080160395,0.17000648862650822,0.11051392611769635,0.12708051700015555,0.023143283263436776,0.1574319844503058,0.058622485901694624,0.16240010383859865,
2.3982868688577343,0.16305269695017116,0.02508705653250881,0.10933507321119065,0.04172446571288445,0.08002615983743488,0.10425859018618354,0.2552263105191919,0.22128964705043455,
1.9767628087744382,0.015416131819621457,0.0733042680824281,0.09052920046035398,0.34945616736094626,0.154962469914573,0.08751386901379406,0.21530647435761827,0.013511418990664915,
2.8375939294703847,0.10046542970495197,0.18007896096011367,0.19786040233960905,0.14316564755262703,0.11365835848133062,0.18061752025817535,0.029451563933686448,0.05470211676950577,
3.260969253058088,0.1302628976726887,0.04133382076397423,0.033027178483699245,0.09307317142914516,0.20445411547722744,0.13642571444946322,0.3085287685336203,0.05289433319018173,
2.47802395692175,0.2508357954394155,0.1814860549202942,0.0438981479434295,0.01080860808248679,0.1225886963214156,0.1881478664418043,0.10342356237300172,0.09881126847815228,
3.0449062015837653,0.05554990885191448,0.02374830411082805,0.05641394775468585,0.04911588970405108,0.06147526284982966,0.2738142726629423,0.14363232851192714,0.3362500855538215,
3.727623026726156,0.051421515844261356,0.225742010080222,0.0724973559397043,0.18230935669204373,0.11682869646248024,0.18833441388595365,0.04720608173544275,0.11566056935989198,
4.380627262727329,0.11055109397078458,0.07382359065086617,0.07789999443592356,0.03818151235509363,0.23173635952164515,0.3663601142741448,0.03520592896137365,0.06624140583016826,
6.478996613360947,0.05051872561829582,0.2007278383016607,0.050814225350964734,0.1324789205284393,0.0608741360250613,0.12532869346776684,0.2780085793737282,0.10124888133408323,
4.881785832404145,0.081255437443791,0.13121002347506008,0.03387315376922942,0.007507877874824684,0.03268989763193205,0.07995598290381659,0.3355535402423919,0.29795408665895406,
4.521455890397246,0.061801962358279505,0.045064038109466076,0.1690604731477839,0.19344679451955674,0.031449685202865375,0.20440713673212738,0.10518616366973417,0.18958374626018676,
4.521455890397246,0.04800292080979254,0.12678022575980688,0.1122120529710816,0.035457895941747954,0.11280680442694302,0.13004621988101336,0.09780417629808245,0.3368897039115322,
2.167090966383526,0.16123116362221174,0.27691813921512753,0.07962426156896385,0.10754787000651247,0.01869195074696081,0.11787742370753172,0.18642905858413059,0.05168013254856129,
1.4420425397796444,0.035010204725329216,0.18519827685453621,0.21166104164292274,0.03747127330373374,0.11654297319273162,0.06006702014760351,0.2483767638258834,0.10567244630725958,
3.1544959174294642,0.16915834909491415,0.20870197131272405,0.06997380741836284,0.12880002067385937,0.1786066886865969,0.09197710757720318,0.12617600325600808,0.026606051980331433,
5.020004943287524,0.028117743513926603,0.11939854960339927,0.12197264997874029,0.18014812790279439,0.03320371964513155,0.21442781821890494,0.22933102520799742,0.07340036592910552,
2.907761171667089,0.10812745512734469,0.028010144465388347,0.10998130453079447,0.07269107252803299,0.2656372119959807,0.08735118880794998,0.19671681570057323,0.13148480684393551,
3.4647930294351776,0.047594345253614334,0.25724417786394016,0.09543247648459463,0.1136844737288189,0.10761951548474985,0.0752617343093752,0.11017402209876068,0.19298925477614615,
2.281493116910205,0.11892692435907072,0.1327359570476972,0.10615773652168338,0.27810018269305137,0.06070897075041493,0.04815821779956705,0.21726594077638323,0.037946070052132165,
2.8988540464257944,0.293975703298061,0.01614238407932633,0.2027067333742546,0.07082376897734761,0.16300699808672872,0.03125319708992156,0.12255387962851165,0.09953733546584852,
4.000246264544417,0.027809990698655036,0.18888601602138952,0.12446769888776249,0.1205530677971766,0.12859544563132574,0.06811596900585122,0.19754287022289255,0.14402894173494687,
4.376543838505275,0.07203959530421583,0.09148946088736422,0.019701047846467035,0.09573355838000498,0.11912253625725848,0.09580319524364375,0.1816700133413566,0.32444059273968906,
3.797616276359236,0.12969039417165504,0.014252752776058232,0.10602249141106121,0.12060723308995847,0.13130881348906318,0.14921482650965448,0.11964640662499551,0.22925708192755398,
5.619223310522053,0.1407880202730033,0.06885224277721914,0.02923525696647051,0.183948291234584,0.31457059721956626,0.09140901971843335,0.09340596593472404,0.07779060587599945,
5.619223310522053,0.13636380407883783,0.09131712072784814,0.22215795594817728,0.12784956456645827,0.019394144957025062,0.03968047360983999,0.3108107762024846,0.052426159909328994,
3.437000141242408,0.06445000696115331,0.2765167630840592,0.11134333682980783,0.05183007972146358,0.01098131354426485,0.4137787950644143,0.05425296995030858,0.016846734844528307,
3.437000141242408,0.044797627072096065,0.02217397125450425,0.18617321775822998,0.06017756786414836,0.2604759374313389,0.23174640649090864,0.04538228797635728,0.1490729841524167,
7.378793419824597,0.024319766474538918,0.20940468229118728,0.15675253727783073,0.09190672032559831,0.1851248745223947,0.13790546136324927,0.08168858515812419,0.11289737258707666,
2.4342109945656816,0.012682788066319492,0.29778365780738464,0.041925211931312524,0.20334311959802706,0.13233132587787916,0.10373234527940126,0.011941227389510927,0.19626032405016475,
3.985656993868952,0.03025329434345193,0.20521861992211018,0.2159720994640194,0.19469566182496087,0.018407910633022318,0.10539048904603358,0.20317723178030353,0.02688469298609813,
2.4155946590182387,0.07193099204014648,0.09345093399445734,0.12325919419895846,0.08466387662774608,0.1114551624373074,0.2572185384900078,0.06708905302320939,0.19093224918816712,
6.956920544521235,0.1485950983432157,0.1498574527817482,0.09324176245181416,0.11065816616762424,0.09316854069547782,0.05486045135699215,0.15879444721534186,0.19082408098778583,
2.250062622636088,0.014376498596363342,0.06186808445464775,0.05564028587491703,0.24271433247074709,0.09365041613269526,0.2648261304693917,0.22316015414859253,0.043764097852645414,
3.1299558261848683,0.0451805628385603,0.12710618070299537,0.085916196210272,0.12899024108841628,0.05881972485904186,0.3525055395718187,0.1639649534738479,0.037516601255047376,
5.423892087271395,0.09754109750840234,0.08075220975817222,0.05982932307486729,0.0988966697168,0.11519744820551826,0.2423802746244791,0.07747196879176485,0.2279310083199959,
1.992640192379252,0.10450782396199279,0.13041087574054883,0.3551294013037615,0.02934776324074871,0.1785793848507337,0.11559131647685099,0.02488728834465779,0.06154614608070576,
2.9676616730806917,0.06830094886185825,0.35059366741536047,0.03711930527115251,0.01918439391513066,0.26476655987733894,0.16036717748585383,0.09694787781921144,0.00272006935409382,
2.4068126465137856,0.02506450895774261,0.2085897419283961,0.08408823868371046,0.16152758456510818,0.1936031314777722,0.1277943972413473,0.10760646413064652,0.0917259330152765,
2.09126868554436,0.00308700824482252,0.2721425931234258,0.1515443808067406,0.015390635456364914,0.10144110036798923,0.12163219818732085,0.046139705454775644,0.2886223783585603,
3.3541730689189126,0.04121005466716601,0.349248653863589,0.06620458291320594,0.20109767236355774,0.17581863356159394,0.010490774205833726,0.12165557764134927,0.03427405078370437,
5.338347469441148,0.1782177619018196,0.18272535872759382,0.02062247888142873,0.0412136697599418,0.07885275660231886,0.1531387416984556,0.3055220556303835,0.03970717679805819,
3.842526924803175,0.21968218217376356,0.149933827423294,0.011304642137347522,0.1122256989350571,0.09715732225286729,0.15670684110326522,0.1713327736569844,0.08165671231742082,
1.8090689487576321,0.024495249817386426,0.14665088668982756,0.026166061381770817,0.1028857473081893,0.2013837980530926,0.2700240291400014,0.13497468401410678,0.09341954359562513,
4.706986726862783,0.1329566788820096,0.12872247905328463,0.040040229112410716,0.06754239856731703,0.0799016038845728,0.24587406835330636,0.18385185412403746,0.12111068802306135,
4.906483431849577,0.027553578081082046,0.03775646956691426,0.03391665233661719,0.2067981176275231,0.03726565602978589,0.2978476650673448,0.10327822990741779,0.255583631383315,
3.5883195279968083,0.07668925550023192,0.25446730693084263,0.10783580495180665,0.07983065255498722,0.1431755932972881,0.15596522437754862,0.10299331123373066,0.07904285115356421,
3.932267682556822,0.0871339592509907,0.2344667738868499,0.11723320450465856,0.0628065959785246,0.012126050778654616,0.1347480777845583,0.24398925540608996,0.10749608240967333,
3.0812677053549553,0.0697662529193251,0.11626118391708785,0.14668692362346364,0.2796678922308954,0.18740426057346504,0.13253856739816522,0.04578092022018701,0.02189399911741068,
3.332027131309043,0.06926371346151025,0.35292992558765474,0.02691104901701455,0.20792786698021437,0.03886663057774859,0.048319248438278825,0.11334570964587917,0.14243585629169953,
6.127648024109273,0.03557085397201032,0.1824589166127569,0.06948454836080876,0.12125833261539588,0.023420251277311864,0.156373457625642,0.1495917471442369,0.2618418923918375,
6.127648024109273,0.034820811083246736,0.042374880667376644,0.10098639997869799,0.2970943785934035,0.04284009208615842,0.14555698772713402,0.17010482515419423,0.16622162470978843,
6.127648024109273,0.03477859541897576,0.14892541037653975,0.14235225038376637,0.07717987144688976,0.036146248838811866,0.38160321517444196,0.14399220161211715,0.03502220674845736,
2.1997281381475715,0.12981072970225163,0.09945847937644327,0.16999060082276254,0.04269119351752144,0.19375601401668083,0.14678248799857024,0.10822866071355121,0.10928183385221879,
3.6114420600290593,0.08370001954666353,0.048347787596564745,0.06568867825688461,0.05737440619739123,0.28805334906144836,0.08448700038192694,0.22442532322971806,0.14792343572940247,
3.3674054598803935,0.10791019548077058,0.05759369245251449,0.13723784908481954,0.16252777125889276,0.26960622251430433,0.11753362928467403,0.07079269384732982,0.07679794607669443,
3.3674054598803935,0.0778809174622537,0.0696754358480777,0.19395086591139657,0.0825004854853615,0.04183352970954676,0.402026630301505,0.1031331930841199,0.028998942197738693,
5.304192165118444,0.03207406299358488,0.08369113151831954,0.139617034102103,0.2715763790706019,0.03128797046947281,0.20042107202473441,0.11884085332314505,0.1224914964980384,
9.159340905526673,0.011477957450936552,0.09844995842717451,0.022905901995934116,0.04848782361611588,0.18644638643099112,0.17277218606713568,0.16041468486892846,0.2990451011427837,
9.159340905526673,0.024314905487096035,0.1619276771105661,0.14965762948472094,0.09740044229145615,0.13985265724328722,0.1994581060975439,0.1106574383546066,0.11673114393072297,
9.159340905526673,0.06742031874111437,0.06105616602799063,0.08500004809014954,0.03535760044670341,0.09979477117698418,0.29583007534901495,0.163076977146893,0.19246404302115,
9.159340905526673,0.03243222483357934,0.14855162159691487,0.07246962001257787,0.17419647969175348,0.13689513854094223,0.17022952482703638,0.2526590067816824,0.012566383715513357,
9.159340905526673,0.01584014598558194,0.11113530974487693,0.07238482425545066,0.03543855487758845,0.024639191912584426,0.226652791166425,0.4192819397843705,0.09462724227312208,
2.955211457479629,0.034952822998463785,0.18035857836641697,0.15227128184187005,0.03237498642000367,0.19079686624984343,0.18225027212793332,0.172977948673791,0.054017243321677726,
4.284930678384487,0.04457374092147807,0.13844598037543285,0.03775256982927423,0.11737828121080565,0.06184291584726946,0.2496721979467713,0.2596695452639916,0.09066476860497681,
2.937624104802919,0.018181495953936425,0.13835655164483285,0.29180927624838526,0.05205858836909907,0.19119454701814179,0.10741852614544799,0.1183393654834942,0.0826416491366624,
8.28982925872926,0.034361000655544885,0.1496881209370312,0.03736895000537117,0.0843817079510917,0.11588995326666446,0.282332722213212,0.17340526811918183,0.12257227685190264,
8.28982925872926,0.05301426899242059,0.06706723951794166,0.12455563397058621,0.06811553756774552,0.07767571321196799,0.24759324105540034,0.21534490937874542,0.14663345630519212,
3.5838546155055617,0.06759044675867688,0.24472913510110164,0.13125149103408745,0.054341287701603215,0.1445317653689546,0.02327501619588741,0.1472990123393003,0.1869818455003886,
3.004513505704703,0.024893210619410577,0.12226325077748296,0.2304978232328238,0.03675085878706823,0.1586015361609268,0.16565946354766897,0.15708712644369863,0.1042467304309199,
2.8252314472795597,0.09731709766411531,0.009133440501890093,0.14594807042110808,0.09544027644016209,0.14587400088218627,0.22665078568088376,0.0958951164831451,0.18374121192650922,
4.804959115472139,0.014054399701111255,0.3703711297502384,0.17859747715737295,0.04714559354506101,0.030339176197281156,0.18492909625161968,0.13235144659124376,0.04221168080607179,
3.383963578030975,0.05827665518398299,0.19815190181882594,0.1961513505470647,0.11219993213929871,0.033275622028671896,0.1206428086185775,0.06732334884919178,0.21397838081438633,
2.9587618750697167,0.052727369238610156,0.07098026599696572,0.1357356831256395,0.3769443005954347,0.05419567741220937,0.1361527703897736,0.09273715851131395,0.08052677473005308,
7.602847856901489,0.0039772064177197594,0.33895534278169687,0.10159124397020529,0.047332464417719246,0.08065134111757485,0.17671717114645014,0.15650991287904625,0.09426531726958759,
7.602847856901489,0.06250699233265739,0.062188131020420125,0.02189061303492805,0.11860232284833407,0.03643173072060038,0.3421770830035321,0.20158637923734068,0.15461674780218718,
6.60294786425216,0.06928752161389562,0.15128190894564708,0.12162620646005655,0.0011136896145468012,0.0613107528623627,0.14418032070630438,0.18821585142310898,0.2629837483740778,
5.892723515200023,0.06453604944139968,0.1729679062823458,0.12503042030840725,0.02991512506139896,0.0484543155642955,0.10089842784042234,0.3688337229624888,0.08936403253924163,
5.892723515200023,0.03510840476919061,0.17191837948837574,0.07389816556207202,0.019441251159527793,0.14933111297486246,0.12398302511394099,0.238998636157185,0.18732102477484536,
5.892723515200023,0.03510840476919061,0.17191837948837574,0.07389816556207202,0.019441251159527793,0.14933111297486246,0.12398302511394099,0.238998636157185,0.18732102477484536,
5.471782491578311,0.036323965925815646,0.28852559432224656,0.13269896938205708,0.05518527985493829,0.05709076172510483,0.17608593709774062,0.1683905928412374,0.08569889885085952,
5.471782491578311,0.08279733480489618,0.20224963247500408,0.09475429799136005,0.15361417174598535,0.19459300624964504,0.14525043065760684,0.06976270857011554,0.056978417505386916,
5.471782491578311,0.11887561738876404,0.06518898062854644,0.1705686490647488,0.03550398555991586,0.09768903850917536,0.2175683101413876,0.17121729647993536,0.12338812222752654,
2.8962887821956533,0.01933948581331219,0.4176419696144478,0.07885857444315594,0.20034703388067426,0.04753996335996167,0.13425362449251105,0.055586696012359854,0.04643265238357722,
3.8747341861689386,0.061876550419337574,0.2117315340775088,0.20243309685889227,0.04171983284230011,0.1527611562347059,0.026995536750058204,0.256318658809383,0.046163634007814175,
3.8233170626285116,0.043658225656869484,0.22762986719150827,0.13378238775801019,0.17313913062734457,0.11161536066825345,0.04378587374577981,0.173113197937116,0.09327595641511832,
4.585416030166544,0.12165298992982025,0.052682846214022784,0.06502525820852938,0.07994907379943608,0.037302862913989834,0.2954061417255071,0.12047365505666323,0.2275071721520313,
2.4381508121391953,0.06789893194507572,0.11580600808432825,0.10216548032417698,0.027744740025405525,0.16299912239890763,0.12885752206544307,0.10688245078189212,0.28764574437477064,
3.9475265590020796,0.018250008320858418,0.12752538651689427,0.061966843326150045,0.013682176569965697,0.1514296505853189,0.19363866284809705,0.16034965866849368,0.2731576131642219,
7.1615043542494,0.037973687009582945,0.08499718924510861,0.19176346441156492,0.04475885392998855,0.10722257150821977,0.1301444189029086,0.20500140702396535,0.19813840796866122,
7.1615043542494,0.05523105393639326,0.1601960051697415,0.040855008665168877,0.08625176895706552,0.07553693395327742,0.06963538385330471,0.2832382919636195,0.22905555350142923,
7.1615043542494,0.13524593816717836,0.06244827133249523,0.1342431389861062,0.09973281103708115,0.12711344216554676,0.10200505978983493,0.1687437707958441,0.17046756772591326,
7.1615043542494,0.05882741381517591,0.05420363645670023,0.10134439413859721,0.19779425423216482,0.035729008864680244,0.20710729585287763,0.11471447214331297,0.23027952449649103,
7.1615043542494,0.012596573801718311,0.096600522631683,0.1497402782214303,0.07533832345315167,0.12033802717070219,0.046419159042029166,0.13378088749354727,0.3651862281857381,
7.1615043542494,0.167539074225146,0.08637618167072815,0.13639027357307065,0.31341434322800277,0.12942769524284906,0.0576647565788814,0.04778391164191772,0.061403763839404296,
7.1615043542494,0.029554085927358177,0.1663609020852871,0.09646119835338235,0.18048482393366183,0.05642207387856001,0.24709087870128463,0.177642615230377,0.045983421890088874,
7.1615043542494,0.08609259848130528,0.1565016060479417,0.2693716933612659,0.03048296748850104,0.17088699163576723,0.07419190642972719,0.05225175130170634,0.16022048525378535,
7.1615043542494,0.05759752882021955,0.15978345119874543,0.09816631468264281,0.16494185956043997,0.0890678237569905,0.20833686612420038,0.09855133551903375,0.12355482033772756,
1.2196388319043723,0.09412622273511093,0.05223955722012424,0.05775481388263741,0.1323374511230546,0.14127478352229209,0.32906462089358346,0.032745047864018176,0.1604575027591792,
5.086523998379821,0.010005400130219015,0.21973963795730378,0.07884558647068828,0.08180335454617182,0.0612406677243749,0.11310097066664121,0.3227819108792239,0.112482471625377,
4.489416388302882,0.08524226308962289,0.11336923023198059,0.0336525234532248,0.2672226659168634,0.07426987289431938,0.06650529140636496,0.07846264866454068,0.28127550434308324,
3.589437952626062,0.042585959725949904,0.19276613987751073,0.3116911522585067,0.07088926347755665,0.04717774449501407,0.06513036587497432,0.20400842190313903,0.06575095238734854,
3.7244691866893715,0.06590269242650831,0.09858901921549137,0.1363336778518233,0.12826459609895166,0.06259267352803247,0.06617460792317982,0.16180103502572532,0.2803416979302876,
3.766490303080186,0.12209408041585545,0.23209139313672225,0.23816358907479201,0.11477981854835778,0.008314307227067068,0.11093078098477288,0.051915524251136706,0.12171050636129586,
4.420586127777793,0.04628373726199016,0.047310779146512494,0.07041630903352429,0.15821183859725818,0.10496843768011667,0.13067282705873792,0.19899176843083227,0.24314430279102794,
2.9401036535939595,0.056523202020558,0.21817883563224763,0.034632683184794136,0.14669417576739924,0.22813964318687077,0.051819552514362675,0.15664429182359838,0.10736761587016909,
5.738206519030866,0.07453414087638639,0.0674221775102503,0.12121451154092334,0.11485940041813153,0.2419405671926232,0.1524430779090399,0.1562051688290254,0.07138095572362005,
5.738206519030866,0.1372358579323191,0.16978586248619032,0.22174070916622987,0.26434444745502045,0.07001394273020453,0.07362881988673656,0.035683945170162476,0.027566415173136634,
5.738206519030866,0.18541319736829243,0.11676732570569888,0.058501598083470885,0.15160027164860887,0.08588927798558567,0.1899997521986538,0.1070874805341857,0.10474109647550374,
5.738206519030866,0.06505964715823363,0.13444577964391466,0.09910023182470379,0.07960799270379604,0.11201398145497664,0.28944227272273326,0.13370161768575212,0.08662847680588974,
3.3717595874438726,0.1678526565330637,0.03192575765114709,0.15136076157572162,0.0779773855420689,0.04225256631642668,0.08138233710996379,0.1717789262930829,0.2754696089785253,
3.58707643747038,0.045673306652157034,0.07143463864627671,0.21930281606295177,0.05075921965826609,0.10835888013218119,0.0822675372048771,0.28998171937755834,0.13222188226573187,
5.702153149101056,0.16314189990075376,0.037402648385660944,0.17997398895935235,0.16277259558846238,0.13739106937797807,0.09564080865880614,0.09319825303233897,0.1304787360966472,
7.836898381097963,0.0925776556514452,0.12938763447593735,0.09065463734952156,0.1439054524848994,0.21611115674096593,0.02297767487108324,0.12317615060877554,0.18120963781737176,
7.836898381097963,0.08376012975191412,0.19447829044942003,0.10174066705517644,0.023697787976171322,0.0765628451109572,0.08613786404234981,0.08926526006150225,0.3443571555525088,
7.836898381097963,0.13105136131573217,0.08681220969184213,0.09083726317219266,0.12964420564676685,0.06356537698562177,0.1945196483522526,0.13408381092772098,0.16948612390787088,
7.836898381097963,0.07630161529729547,0.2517315635971746,0.09436015993025243,0.06276602124283095,0.04224305301155065,0.09898195549223174,0.1622726791658387,0.2113429522628253,
7.836898381097963,0.08044554956888572,0.19918416897904825,0.13892727251175643,0.19701361560265682,0.24758744730620832,0.02878591945065934,0.05781842857055637,0.05023759801022883,
7.836898381097963,0.08788273147348369,0.07970014625384325,0.029210386850447675,0.15011808361329082,0.37109629755797496,0.03452740168286147,0.07983463887740616,0.16763031369069192,
6.236201379089673,0.08985180593537075,0.17128375663105092,0.13107828836834265,0.13148538560790782,0.09297441866721468,0.2618973405738368,0.017529436651660874,0.10389956756461556,
6.236201379089673,0.17339732803915087,0.18303122804154634,0.23218136890787297,0.10080045564560304,0.12589552581193622,0.013820690684835745,0.04068897243623192,0.13018443043282285,
6.236201379089673,0.11344859058920281,0.31898656943772963,0.030210385168075556,0.054398881598056094,0.17016940779794407,0.06928488802763087,0.09087056444639192,0.1526307129349689,
6.236201379089673,0.10293758706948958,0.14760178773642055,0.10281324323214171,0.11399873782017322,0.04551381613200394,0.16217882014380977,0.1627636028885724,0.1621924049773887,
6.236201379089673,0.10293758706948958,0.14760178773642055,0.10281324323214171,0.11399873782017322,0.04551381613200394,0.16217882014380977,0.1627636028885724,0.1621924049773887,
6.236201379089673,0.18788376011189098,0.025985552392849595,0.07156154166560373,0.024867199394826185,0.13037177468951894,0.04790664155469075,0.4084282863467207,0.1029952438438991,
4.128447290045633,0.11313880616167059,0.10941410503828425,0.10752644150141047,0.20252327938168113,0.013065523435401785,0.29045236303844413,0.0753053127673257,0.08857416867578188,
3.0493337116319372,0.2005987845259826,0.263667422998832,0.09611571217109063,0.09757590683927524,0.13619580941411635,0.01148300263265425,0.08784357271844996,0.10651978869959895,
5.167110436358438,0.038609004720145126,0.294155161612801,0.11833021609831473,0.0984149033917055,0.005516422947181982,0.23341517222781324,0.057620660591858906,0.15393845841017953,
8.211802824527686,0.04652352665980534,0.03838139361170873,0.1108643012999164,0.18525672422791534,0.07546341880272926,0.15471708329563413,0.2320387252031034,0.15675482689918727,
7.664984076396607,0.06506351681268867,0.0758453351582548,0.1404732714354872,0.0959058405224601,0.11506004868717398,0.18219439790349978,0.1544374575495884,0.17102013193084703,
4.7468258441471605,0.06717316529616109,0.29956485545447636,0.037320535771484926,0.03298711116258546,0.23322253572067256,0.1161112539039262,0.15336267334199885,0.0602578693486946,
4.277729351044271,0.1445334213405707,0.2633511305389706,0.21605135238661524,0.08402129635156629,0.04005979064144994,0.14283291155082647,0.05223453007416055,0.056915567115840254,
4.785175270752727,0.05571799758859822,0.12622008372440147,0.11152593298508817,0.10335504686758774,0.11901135659039375,0.18851922313374242,0.09269969290323729,0.2029506662069509,
4.382431454492135,0.2257171164684266,0.04771632227055803,0.1364698700674748,0.059026118066132185,0.10979081975345682,0.028642701106845546,0.3433965794402698,0.049240472826836246,
4.382431454492135,0.044458399801704136,0.27335112433997055,0.16708720465931237,0.09195478675726923,0.16140658896857654,0.11006848342717318,0.04573302500595276,0.10594038704004119,
5.46369361841094,0.19999823618496357,0.175285026050967,0.11204849061598382,0.1431373127289597,0.23038685545865137,0.029730652363432874,0.06482453814147705,0.044588888455564774,
2.624159089090852,0.07718244700220196,0.12093418049545991,0.08261953123244378,0.3018621302741898,0.03924223402654515,0.14639625655133723,0.14531446403772622,0.08644875638009585,
3.0057300294085287,0.04746575664749084,0.026539421667135042,0.2062818827572163,0.10878599698420716,0.17711819855293967,0.21848358001074325,0.1434676946858778,0.07185746869438978,
4.9098097195584,0.07073761531265652,0.13707989657490582,0.07019754378361388,0.2572799102882852,0.14635824225577113,0.10511079481665003,0.1082003003042677,0.10503569666384989,
5.585467507221392,0.25519537868023007,0.22386342012128352,0.048406134372992966,0.07602425425104933,0.05313007784588861,0.09522832721184016,0.199312055795832,0.04884035172088345,
3.909326657278371,0.05426741524632399,0.10680192171215434,0.12829240835926095,0.1226388374697586,0.04371622263461292,0.0953481582578796,0.20139911467476723,0.24753592164524235,
3.909326657278371,0.12454972875429378,0.14189547729625576,0.08876679229779315,0.06651391938602635,0.23484654083083728,0.1654634779887308,0.14451244238282102,0.03345162106324201,
2.7594819219565916,0.0342915514526079,0.21249857179786613,0.1287635468657924,0.02511836129269479,0.043744845721229705,0.18513222433552798,0.097023878072342,0.27342702046193906,
3.446065748003984,0.098568511931839,0.04714803900631179,0.03259385533477186,0.1158028647477287,0.14076286925553774,0.012575845171272292,0.43522856095663004,0.11731945359590866,
2.721186332343978,0.23025698582357665,0.06274555808225532,0.13563449619499202,0.12048855490927708,0.15933877240850597,0.05039887964671359,0.07636758897492162,0.16476916395975777,
3.5735662057525697,0.19668380987351053,0.1062960902692712,0.03342982695748986,0.0597909199980088,0.15250103464075856,0.07781762867086447,0.2996195538570662,0.07386113573303049,
3.904465684784449,0.05450234141381303,0.2094724594540671,0.06815790139974033,0.30749234454073876,0.09574560558562832,0.06974927780473002,0.06929453948929497,0.12558553031198744,
3.065495944221889,0.18958670838603967,0.16498159719903566,0.024829412013202844,0.06929023061950419,0.08964717742872515,0.21319003721377183,0.07384777407886114,0.17462706306085932,
4.039412673850973,0.24341958623985885,0.052699839905732855,0.05110160086476671,0.175567659455271,0.05796569710885631,0.04970267973549992,0.17822223898111647,0.19132069770889773,
4.039412673850973,0.1344416208955757,0.07334856650809202,0.09373985381693095,0.16141278290077796,0.12365966557565683,0.12737173442555202,0.22776602532561002,0.05825975055180448,
3.7047473756860025,0.08579327735931719,0.3036351333873158,0.14587849568614183,0.06480740729822788,0.03192128007422623,0.0652182192372277,0.22817592134864562,0.07457026560889762,
3.531031307820572,0.026199229891642594,0.2348689688860437,0.06259229735175423,0.11308045741449817,0.20794744411319538,0.027393664557777298,0.01747751052785922,0.3104404272572295,
2.2588593493792155,0.2928895069175933,0.10306943671630824,0.02406003643971967,0.25011574507533846,0.09634141935595074,0.07146114508378286,0.08576117314520876,0.07630153726609783,
4.9999136851195205,0.2795767807952329,0.12330600510531221,0.12212940553337066,0.03056543032990408,0.04159020283975192,0.12765422035353663,0.21121418153308621,0.06396377350980517,
4.9999136851195205,0.08124587849008671,0.15027505927477733,0.14381259330806961,0.013917785361685352,0.2545414780725739,0.11410462913081441,0.03811472456686671,0.20398785179512602,
3.0545064159972313,0.20510428552941773,0.07667718759064729,0.18612221124037553,0.12023668793943018,0.08880822455751508,0.07139287542590395,0.0870174190536211,0.16464110866308915,
3.0545064159972313,0.16883530793121007,0.06663938625280388,0.04334482121505625,0.06644508711488954,0.08634541836954901,0.12115112745357068,0.305368910406928,0.14186994125599248,
6.011808091263617,0.06650847450165343,0.05759624806683807,0.2144823641164026,0.1337339202904799,0.16947128748598628,0.10210115775218676,0.10287505114898234,0.15323149663747068,
3.8698590005335323,0.06650847450165343,0.05759624806683807,0.2144823641164026,0.1337339202904799,0.16947128748598628,0.10210115775218676,0.10287505114898234,0.15323149663747068,
3.8698590005335323,0.11301768538147612,0.09884698990255913,0.13306027150550484,0.055131079628787556,0.10914366423626914,0.1423635843089868,0.28356431424620177,0.06487241079021455,
3.8698590005335323,0.01729325068729501,0.1661483483268549,0.04782105941875219,0.15438301466575657,0.17765915248871642,0.028334938161793433,0.08196248758612072,0.32639774866471066,
3.0375697563508983,0.11096284354489315,0.054334089624079394,0.21973940965459987,0.08819102894501286,0.25109205854558475,0.13596550698433765,0.07491869152105646,0.06479637118043584,
4.628491945527335,0.06414956911955517,0.2690110946248171,0.11451148759002928,0.20258127713533886,0.09875964694039897,0.05920488297684508,0.09963487722898226,0.0921471643840333,
4.972256380141602,0.005185412764978267,0.30604787497268315,0.039552762822579676,0.057446135878821906,0.04549487399191925,0.13608073782806743,0.21926088121298037,0.19093132052796993,
3.92071314189638,0.0933785857388945,0.07852459711888746,0.05064582763391885,0.05391270952144015,0.09073548661204996,0.1524521299025351,0.16001114179173592,0.3203395216805382,
3.2145281832880963,0.11321506040020228,0.05417273388237031,0.1232186785515029,0.01278351311848782,0.04907355824945923,0.2656565238687387,0.06621155172496933,0.31566838020426946,
2.182974108190498,0.2868524998833787,0.14207033363656324,0.047468659154544256,0.07624965713226059,0.10490683396500948,0.12188046396934904,0.13649308062921225,0.0840784716296825,
3.972974958274467,0.09491853211412708,0.08115690488619011,0.06558076247602478,0.03535578597343651,0.06992187207766565,0.23326091571647187,0.13676295119898477,0.28304227555709915,
4.002189057677032,0.112132044143405,0.09343702582524865,0.02251955514397004,0.23470673752845359,0.14876016333079548,0.1366613396317197,0.04035268492902486,0.2114304494673826,
3.5313702396035667,0.03706746228828336,0.17351882313446598,0.15371713612428975,0.058413578241914406,0.1573914580261413,0.03794164139071019,0.27817722373193277,0.10377267706226231,
3.5876269714172175,0.24397282030295409,0.06846911663557877,0.2972071685762531,0.09019800746278316,0.1161089798438415,0.023996350887238605,0.0346723501349875,0.1253752061563634,
2.8036641916470635,0.113659091328859,0.2046927645639767,0.3369631085778701,0.021080578917693667,0.012553325551396342,0.04415761797888824,0.16260605100748324,0.1042874620738327,
2.776835658944108,0.12202393775469528,0.13725997402249485,0.10490564738264785,0.136406783224378,0.17801916193596096,0.11606952803790892,0.1736060666299969,0.031708901011917215,
5.09547979779681,0.17486395424082207,0.09009592124655624,0.08326748206691081,0.06698866132305996,0.11601895728013381,0.19429774317126194,0.17285907536075842,0.10160820531049673,
4.859093504852966,0.022499255540284358,0.11729566542240699,0.25003498149896847,0.18231215975243256,0.07858740752795419,0.10938545225228466,0.14383848180773187,0.09604659619793691,
3.228155323516226,0.22037453300182452,0.09352372104468186,0.043106314291940236,0.08661384010370361,0.038074011691704955,0.2766660500228473,0.11179478375041263,0.12984674609288496,
4.109461865421959,0.2379966508158182,0.3494313173597227,0.06761460225466713,0.07457484531682465,0.05257072183016934,0.09714406773769156,0.044328798444754826,0.07633899624035158,
5.517617247891551,0.19662691470654742,0.20059122662990647,0.11904737804711568,0.21702429934976322,0.038069841471835265,0.017951743164705623,0.04753552166987818,0.16315307496024833,
4.940572006413348,0.016110695675728405,0.12137575264169513,0.18366108012435245,0.06589098778646911,0.28718492846327787,0.09904819132758211,0.07983491814550896,0.14689344583538597,
6.919489909553011,0.009874998124350618,0.0285892373313286,0.040471920685590544,0.21520363589115687,0.06791192746931514,0.0849679145986333,0.42322370894359,0.12975665695603492,
6.919489909553011,0.18831649444536486,0.07004114028045189,0.1842261979209148,0.06960981219339141,0.10736091963653625,0.04188762999895079,0.17338208809232472,0.16517571743206516,
7.537185975339805,0.1458532031243748,0.1235147058063487,0.19996295478203133,0.08992065059048908,0.06415165895551128,0.13448073628944351,0.11292594351572445,0.12919014693607694,
7.537185975339805,0.10173745090857864,0.16873981273957628,0.09846380050532458,0.1120969475221597,0.21295420479015428,0.04849511391932141,0.027851960959857473,0.2296607086550275,
4.5980340238040105,0.05851893502670609,0.01717321698896271,0.1190741199445448,0.04628364977996764,0.19337904459848912,0.2119399009595453,0.1823171470231897,0.17131398567859454,
4.605504515893878,0.011190727259860683,0.14372548543487013,0.022721542051665603,0.09635379625575555,0.21337878688834078,0.09049694121592211,0.17030896621507258,0.2518237546785126,
4.605504515893878,0.19812345407300533,0.09858808176905981,0.09193711323162432,0.041323703985762725,0.23573066980629467,0.07646782092409214,0.14627704100973382,0.11155211520042708,
2.027943342395716,0.032299396049632716,0.171854468178789,0.05348481337390544,0.0734329671958122,0.03895940288665503,0.22404041366902044,0.2246500372192735,0.18127850142691163,
2.6834062179982956,0.09877825640939532,0.2084410334638175,0.05319650539201544,0.07923794239550973,0.03964204579740075,0.05363991266741439,0.24108406068360844,0.22598024319083848,
2.352132176090996,0.10482407343910574,0.18372663812522005,0.03143152847881602,0.12325523611347604,0.16813261466412677,0.1657461796316111,0.12225734511351807,0.10062638443412622,
