"","domain","condition","subj","Q_XYZ","Q_XYnZ","Q_XnYZ","Q_nXYZ","Q_XnYnZ","Q_nXYnZ","Q_nXnYZ","Q_nXnYnZ"
"1","cracker","plausibility","s12",0.0808678500986193,0.177514792899408,0.0729783037475345,0.102564102564103,0.136094674556213,0.134122287968442,0.177514792899408,0.118343195266272
"2","cracker","plausibility","s13",0.0123456790123457,0.0524691358024691,0.037037037037037,0.16358024691358,0.0339506172839506,0.234567901234568,0.222222222222222,0.243827160493827
"3","cracker","plausibility","s16",0,0.194444444444444,0.00277777777777778,0.00555555555555556,0.244444444444444,0.275,0.0555555555555556,0.222222222222222
"4","cracker","plausibility","s18",0.0451612903225806,0.18494623655914,0.137634408602151,0.0688172043010753,0.131182795698925,0.159139784946237,0.167741935483871,0.105376344086022
"5","cracker","plausibility","s2",0,0.00696864111498258,0.0557491289198606,0.198606271777003,0.0418118466898955,0.226480836236934,0.341463414634146,0.128919860627178
"6","cracker","plausibility","s21",0.070281124497992,0.184738955823293,0.0180722891566265,0.15863453815261,0.176706827309237,0.100401606425703,0.192771084337349,0.0983935742971888
"7","cracker","plausibility","s22",0.0146699266503667,0.156479217603912,0.127139364303178,0.0317848410757946,0.161369193154034,0.21760391198044,0.188264058679707,0.102689486552567
"8","cracker","plausibility","s24",0.0645161290322581,0.225806451612903,0.0469208211143695,0.105571847507331,0.134897360703812,0.0645161290322581,0.249266862170088,0.108504398826979
"9","cracker","plausibility","s25",0.0343511450381679,0.049618320610687,0.0687022900763359,0.190839694656489,0.0610687022900763,0.16030534351145,0.248091603053435,0.187022900763359
"10","cracker","plausibility","s27",0.100208768267223,0.164926931106472,0.133611691022964,0.108559498956159,0.135699373695198,0.121085594989562,0.127348643006263,0.108559498956159
"11","cracker","plausibility","s29",0.0327868852459016,0.0355191256830601,0.0136612021857923,0.229508196721311,0.0300546448087432,0.202185792349727,0.207650273224044,0.248633879781421
"12","cracker","plausibility","s3",0.101769911504425,0.176991150442478,0.079646017699115,0.0553097345132743,0.106194690265487,0.13716814159292,0.176991150442478,0.165929203539823
"13","cracker","plausibility","s30",0.120921305182342,0.165067178502879,0.0556621880998081,0.0959692898272553,0.117082533589251,0.143953934740883,0.178502879078695,0.122840690978887
"14","cracker","plausibility","s31",0.15296803652968,0.0730593607305936,0.13013698630137,0.116438356164384,0.0821917808219178,0.143835616438356,0.143835616438356,0.157534246575342
"15","cracker","plausibility","s32",0.128458498023715,0.156126482213439,0.0928853754940712,0.0612648221343874,0.114624505928854,0.136363636363636,0.181818181818182,0.128458498023715
"16","cracker","plausibility","s33",0.0295748613678373,0.153419593345656,0.11090573012939,0.127541589648799,0.175600739371534,0.155268022181146,0.160813308687616,0.0868761552680222
"17","cracker","plausibility","s34",0.0208816705336427,0.213457076566125,0.0672853828306264,0.0301624129930394,0.17169373549884,0.19953596287703,0.232018561484919,0.0649651972157773
"18","cracker","plausibility","s35",0.0674846625766871,0.226993865030675,0.0766871165644172,0.107361963190184,0.0920245398773006,0.239263803680982,0.0858895705521472,0.104294478527607
"19","cracker","plausibility","s37",0.0315789473684211,0.181052631578947,0.071578947368421,0.109473684210526,0.176842105263158,0.117894736842105,0.183157894736842,0.128421052631579
"20","cracker","plausibility","s38",0.0321931589537223,0.181086519114688,0.0603621730382294,0.0885311871227364,0.162977867203219,0.154929577464789,0.173038229376258,0.146881287726358
"21","cracker","plausibility","s40",0.00852878464818763,0.189765458422175,0.0682302771855011,0.0895522388059701,0.147121535181237,0.136460554371002,0.202558635394456,0.157782515991471
"22","cracker","plausibility","s43",0.0273224043715847,0.046448087431694,0.243169398907104,0.046448087431694,0.101092896174863,0.172131147540984,0.265027322404372,0.0983606557377049
"23","cracker","plausibility","s44",0.0837004405286344,0.158590308370044,0.0682819383259912,0.0814977973568282,0.182819383259912,0.13215859030837,0.180616740088106,0.112334801762115
"24","cracker","plausibility","s46",0.0205479452054795,0.160958904109589,0.102739726027397,0.13527397260274,0.102739726027397,0.166095890410959,0.167808219178082,0.143835616438356
"25","cracker","plausibility","s47",0.0564663023679417,0.0728597449908925,0.123861566484517,0.122040072859745,0.132969034608379,0.182149362477231,0.182149362477231,0.127504553734062
"26","cracker","plausibility","s5",0.0896860986547085,0.224215246636771,0.047085201793722,0.121076233183857,0.12780269058296,0.188340807174888,0.141255605381166,0.0605381165919283
"27","cracker","plausibility","s52",0.0360576923076923,0.197115384615385,0.0649038461538462,0.0576923076923077,0.170673076923077,0.165865384615385,0.192307692307692,0.115384615384615
"28","cracker","plausibility","s53",0.0306513409961686,0.0919540229885057,0.0498084291187739,0.130268199233716,0.0804597701149425,0.0881226053639847,0.298850574712644,0.229885057471264
"29","cracker","plausibility","s59",0.050709939148073,0.192697768762677,0.0649087221095335,0.0791075050709939,0.184584178498986,0.154158215010142,0.170385395537525,0.103448275862069
"30","cracker","plausibility","s6",0.0072992700729927,0.236009732360097,0.0072992700729927,0.0535279805352798,0.102189781021898,0.236009732360097,0.197080291970803,0.160583941605839
"31","cracker","plausibility","s64",0.0812064965197216,0.218097447795824,0.0719257540603248,0.0835266821345708,0.0812064965197216,0.155452436194896,0.160092807424594,0.148491879350348
"32","cracker","plausibility","s65",0.0393258426966292,0.117977528089888,0.0533707865168539,0.0589887640449438,0.0870786516853933,0.235955056179775,0.216292134831461,0.191011235955056
"33","cracker","plausibility","s66",0.0462555066079295,0.193832599118943,0.0462555066079295,0.092511013215859,0.134361233480176,0.182819383259912,0.191629955947137,0.112334801762115
"34","cracker","plausibility","s7",0.0427350427350427,0.113960113960114,0.0313390313390313,0.0769230769230769,0.131054131054131,0.173789173789174,0.245014245014245,0.185185185185185
"35","cracker","plausibility","s70",0.0262008733624454,0.181222707423581,0.0414847161572052,0.111353711790393,0.161572052401747,0.133187772925764,0.181222707423581,0.163755458515284
"36","cracker","plausibility","s8",0.107250755287009,0.140483383685801,0.06797583081571,0.129909365558912,0.145015105740181,0.125377643504532,0.148036253776435,0.13595166163142
"37","cracker","frequency","s0",0,0,0.00980392156862745,0,0.00980392156862745,0,0,0.980392156862745
"38","cracker","frequency","s1",0,0.0176991150442478,0,0.0176991150442478,0,0,0.663716814159292,0.300884955752212
"39","cracker","frequency","s10",0,0,0,0,0,0.254716981132075,0.490566037735849,0.254716981132075
"40","cracker","frequency","s11",0,0.00952380952380952,0.019047619047619,0.00952380952380952,0.0285714285714286,0.00952380952380952,0.914285714285714,0.00952380952380952
"41","cracker","frequency","s14",0.075,0.14,0.1325,0.1825,0.09,0.1375,0.0925,0.15
"42","cracker","frequency","s15",0.0391061452513966,0.00279329608938547,0.120111731843575,0.279329608938547,0,0.0977653631284916,0.254189944134078,0.206703910614525
"43","cracker","frequency","s17",0,0,0,0,0,0,1,0
"44","cracker","frequency","s19",0,0.0294117647058824,0,0.275735294117647,0,0.136029411764706,0.367647058823529,0.191176470588235
"45","cracker","frequency","s20",0.130023640661939,0.115839243498818,0.122931442080378,0.127659574468085,0.137115839243499,0.111111111111111,0.132387706855792,0.122931442080378
"46","cracker","frequency","s23",0.0364963503649635,0.0145985401459854,0.0072992700729927,0.0218978102189781,0.0218978102189781,0.0072992700729927,0.467153284671533,0.423357664233577
"47","cracker","frequency","s26",0.0619266055045872,0.176605504587156,0.055045871559633,0.0596330275229358,0.174311926605505,0.155963302752294,0.165137614678899,0.151376146788991
"48","cracker","frequency","s28",0,0.234567901234568,0,0,0.0617283950617284,0.0740740740740741,0.444444444444444,0.185185185185185
"49","cracker","frequency","s36",0.123287671232877,0.0639269406392694,0.0410958904109589,0.182648401826484,0.0365296803652968,0.091324200913242,0.401826484018265,0.0593607305936073
"50","cracker","frequency","s39",0,0,0,0.396,0,0.072,0.4,0.132
"51","cracker","frequency","s4",0.0304182509505703,0.0722433460076046,0.288973384030418,0.0342205323193916,0.0304182509505703,0.129277566539924,0.273764258555133,0.140684410646388
"52","cracker","frequency","s41",0.0608695652173913,0.156521739130435,0.0434782608695652,0.121739130434783,0.0521739130434783,0.104347826086957,0.208695652173913,0.252173913043478
"53","cracker","frequency","s42",0.0361990950226244,0.153846153846154,0.190045248868778,0.0542986425339367,0.321266968325792,0.0452488687782805,0.153846153846154,0.0452488687782805
"54","cracker","frequency","s45",0.0512820512820513,0.094017094017094,0.0683760683760684,0.153846153846154,0.145299145299145,0.136752136752137,0.256410256410256,0.094017094017094
"55","cracker","frequency","s48",0.067524115755627,0.212218649517685,0.0578778135048231,0.144694533762058,0.176848874598071,0.186495176848875,0.0964630225080386,0.0578778135048231
"56","cracker","frequency","s49",0.046875,0.1015625,0.06640625,0.2578125,0.0703125,0.1015625,0.33203125,0.0234375
"57","cracker","frequency","s50",0.0741839762611276,0.0801186943620178,0.0771513353115727,0.15727002967359,0.189910979228487,0.160237388724036,0.109792284866469,0.1513353115727
"58","cracker","frequency","s51",0.0166666666666667,0.1,0.0944444444444444,0.0944444444444444,0.0555555555555556,0.1,0.333333333333333,0.205555555555556
"59","cracker","frequency","s54",0,0,0,0,0,0,0.66,0.34
"60","cracker","frequency","s55",0.00790513833992095,0.134387351778656,0.0276679841897233,0.130434782608696,0.130434782608696,0.0553359683794466,0.343873517786561,0.1699604743083
"61","cracker","frequency","s56",0.00371747211895911,0.245353159851301,0.00743494423791822,0.12639405204461,0.163568773234201,0.0148698884758364,0.364312267657993,0.0743494423791822
"62","cracker","frequency","s57",0.0360655737704918,0.173770491803279,0.163934426229508,0.114754098360656,0.0852459016393443,0.147540983606557,0.19672131147541,0.0819672131147541
"63","cracker","frequency","s58",0.00478468899521531,0.227272727272727,0.126794258373206,0.188995215311005,0.0334928229665072,0.198564593301435,0.203349282296651,0.0167464114832536
"64","cracker","frequency","s60",0.0361111111111111,0.0722222222222222,0.0972222222222222,0.0194444444444444,0.180555555555556,0.211111111111111,0.233333333333333,0.15
"65","cracker","frequency","s61",0.0936170212765957,0.0808510638297872,0.0425531914893617,0.119148936170213,0.0936170212765957,0.157446808510638,0.353191489361702,0.0595744680851064
"66","cracker","frequency","s62",0.0429594272076372,0.186157517899761,0.238663484486873,0.145584725536993,0.100238663484487,0.0715990453460621,0.164677804295943,0.0501193317422434
"67","cracker","frequency","s63",0,0,0,0.343434343434343,0,0,0.656565656565657,0
"68","cracker","frequency","s67",0.0242424242424242,0.0636363636363636,0.13030303030303,0.154545454545455,0.16969696969697,0.0878787878787879,0.221212121212121,0.148484848484848
"69","cracker","frequency","s68",0.0348837209302326,0.216279069767442,0.0372093023255814,0.0674418604651163,0.188372093023256,0.202325581395349,0.213953488372093,0.0395348837209302
"70","cracker","frequency","s69",0.0467836257309941,0.0467836257309941,0.0701754385964912,0.0409356725146199,0.0467836257309941,0.0292397660818713,0.514619883040936,0.204678362573099
"71","cracker","frequency","s9",0.0704545454545455,0.222727272727273,0.109090909090909,0.127272727272727,0.0590909090909091,0.113636363636364,0.209090909090909,0.0886363636363636
"72","knife","plausibility","s12",0.0745920745920746,0.158508158508158,0.226107226107226,0.0722610722610723,0.142191142191142,0.160839160839161,0.0792540792540792,0.0862470862470862
"73","knife","plausibility","s13",0.165938864628821,0.0611353711790393,0.196506550218341,0.0327510917030568,0.0960698689956332,0.170305676855895,0.115720524017467,0.161572052401747
"74","knife","plausibility","s16",0.020460358056266,0.21227621483376,0.255754475703325,0,0,0.255754475703325,0,0.255754475703325
"75","knife","plausibility","s18",0.125348189415042,0.119777158774373,0.133704735376045,0.0362116991643454,0.0445682451253482,0.239554317548747,0.0334261838440111,0.267409470752089
"76","knife","plausibility","s2",0.106986899563319,0.15938864628821,0.2117903930131,0.00218340611353712,0.139737991266376,0.2117903930131,0.0305676855895196,0.137554585152838
"77","knife","plausibility","s21",0.172661870503597,0.0719424460431655,0.239808153477218,0.0407673860911271,0.0383693045563549,0.215827338129496,0.0215827338129496,0.199040767386091
"78","knife","plausibility","s22",0.165394402035623,0.0432569974554707,0.236641221374046,0.0203562340966921,0.0508905852417303,0.170483460559796,0.0763358778625954,0.236641221374046
"79","knife","plausibility","s24",0.0891089108910891,0.111386138613861,0.195544554455446,0.136138613861386,0.0866336633663366,0.155940594059406,0.0965346534653465,0.128712871287129
"80","knife","plausibility","s25",0.0918367346938776,0.0795918367346939,0.169387755102041,0.0346938775510204,0.169387755102041,0.181632653061225,0.0918367346938776,0.181632653061225
"81","knife","plausibility","s27",0.270833333333333,0.0416666666666667,0.295138888888889,0.0486111111111111,0.0625,0.125,0.0451388888888889,0.111111111111111
"82","knife","plausibility","s29",0.0756501182033097,0.198581560283688,0.205673758865248,0.0803782505910166,0.08274231678487,0.200945626477541,0.0780141843971631,0.0780141843971631
"83","knife","plausibility","s3",0.109126984126984,0.0595238095238095,0.166666666666667,0.123015873015873,0.126984126984127,0.172619047619048,0.0833333333333333,0.158730158730159
"84","knife","plausibility","s30",0.186274509803922,0.0343137254901961,0.198529411764706,0.0735294117647059,0.0857843137254902,0.200980392156863,0.0269607843137255,0.193627450980392
"85","knife","plausibility","s31",0.0803108808290155,0.0932642487046632,0.191709844559585,0.132124352331606,0.0854922279792746,0.183937823834197,0.134715025906736,0.0984455958549223
"86","knife","plausibility","s32",0.13894324853229,0.107632093933464,0.185909980430528,0.0684931506849315,0.0724070450097847,0.189823874755382,0.076320939334638,0.160469667318982
"87","knife","plausibility","s33",0.0687361419068736,0.175166297117517,0.190687361419069,0.0266075388026608,0.0620842572062084,0.197339246119734,0.0931263858093126,0.186252771618625
"88","knife","plausibility","s34",0.142,0.084,0.2,0,0.046,0.2,0.128,0.2
"89","knife","plausibility","s35",0.0797266514806378,0.193621867881549,0.193621867881549,0.0364464692482916,0.0318906605922551,0.223234624145786,0.0318906605922551,0.209567198177677
"90","knife","plausibility","s37",0.127450980392157,0.0465686274509804,0.196078431372549,0.0392156862745098,0.134803921568627,0.218137254901961,0.0392156862745098,0.198529411764706
"91","knife","plausibility","s38",0.0529661016949153,0.0699152542372881,0.197033898305085,0.086864406779661,0.154661016949153,0.190677966101695,0.0593220338983051,0.188559322033898
"92","knife","plausibility","s40",0.0513447432762836,0.168704156479218,0.232273838630807,0.0171149144254279,0.0904645476772616,0.185819070904645,0.0220048899755501,0.232273838630807
"93","knife","plausibility","s43",0.0955056179775281,0.0926966292134832,0.23314606741573,0.0955056179775281,0.101123595505618,0.202247191011236,0.0758426966292135,0.103932584269663
"94","knife","plausibility","s44",0.128691983122363,0.109704641350211,0.177215189873418,0.069620253164557,0.0991561181434599,0.172995780590717,0.0886075949367089,0.154008438818565
"95","knife","plausibility","s46",0.132196162046908,0.0788912579957356,0.208955223880597,0.0341151385927505,0.0682302771855011,0.200426439232409,0.0746268656716418,0.202558635394456
"96","knife","plausibility","s47",0.0800711743772242,0.177935943060498,0.177935943060498,0.0604982206405694,0.144128113879004,0.177935943060498,0.0533807829181495,0.128113879003559
"97","knife","plausibility","s5",0.112033195020747,0.0518672199170125,0.199170124481328,0.0829875518672199,0.112033195020747,0.201244813278008,0.0560165975103734,0.184647302904564
"98","knife","plausibility","s52",0.04,0.215,0.2175,0.0625,0.0875,0.1825,0.075,0.12
"99","knife","plausibility","s53",0.173570019723866,0.0887573964497041,0.173570019723866,0.0690335305719921,0.0848126232741617,0.167652859960552,0.0729783037475345,0.169625246548323
"100","knife","plausibility","s59",0.131687242798354,0.172839506172839,0.203703703703704,0.00411522633744856,0.0246913580246914,0.203703703703704,0.065843621399177,0.193415637860082
"101","knife","plausibility","s6",0.0447761194029851,0.140724946695096,0.20682302771855,0.0575692963752665,0.102345415778252,0.208955223880597,0.0682302771855011,0.170575692963753
"102","knife","plausibility","s64",0.0791855203619909,0.153846153846154,0.223981900452489,0.081447963800905,0.00678733031674208,0.15158371040724,0.083710407239819,0.219457013574661
"103","knife","plausibility","s65",0.0945378151260504,0.119747899159664,0.201680672268908,0.0252100840336134,0.0840336134453782,0.199579831932773,0.0861344537815126,0.189075630252101
"104","knife","plausibility","s66",0.173913043478261,0.0807453416149068,0.27639751552795,0.0434782608695652,0.0434782608695652,0.217391304347826,0.0496894409937888,0.114906832298137
"105","knife","plausibility","s7",0.140845070422535,0.183098591549296,0.245070422535211,0.0225352112676056,0.0450704225352113,0.228169014084507,0.0732394366197183,0.0619718309859155
"106","knife","plausibility","s70",0.133474576271186,0.211864406779661,0.180084745762712,0,0.0317796610169492,0.180084745762712,0.108050847457627,0.154661016949153
"107","knife","plausibility","s8",0.201646090534979,0.0925925925925926,0.12962962962963,0.0617283950617284,0.0720164609053498,0.176954732510288,0.199588477366255,0.065843621399177
"108","knife","frequency","s0",0.961538461538462,0,0.00961538461538462,0.0192307692307692,0,0,0,0.00961538461538462
"109","knife","frequency","s1",0,0,0.666666666666667,0,0,0.00854700854700855,0.324786324786325,0
"110","knife","frequency","s10",0,0,0.5,0,0.5,0,0,0
"111","knife","frequency","s11",0.0486111111111111,0.0416666666666667,0.590277777777778,0.0833333333333333,0.0763888888888889,0.0625,0.0486111111111111,0.0486111111111111
"112","knife","frequency","s14",0.0754257907542579,0.0997566909975669,0.187347931873479,0.126520681265207,0.1338199513382,0.109489051094891,0.0875912408759124,0.180048661800487
"113","knife","frequency","s15",0.195195195195195,0.0960960960960961,0.297297297297297,0.141141141141141,0.042042042042042,0.0690690690690691,0.159159159159159,0
"114","knife","frequency","s17",0,0,0.724770642201835,0,0,0,0,0.275229357798165
"115","knife","frequency","s19",0,0.037037037037037,0.62037037037037,0,0.166666666666667,0.0555555555555556,0.0185185185185185,0.101851851851852
"116","knife","frequency","s20",0.135245901639344,0.114754098360656,0.129098360655738,0.112704918032787,0.141393442622951,0.131147540983607,0.125,0.110655737704918
"117","knife","frequency","s23",0.152,0,0.792,0.016,0.016,0.008,0.008,0.008
"118","knife","frequency","s26",0.0863309352517986,0.143884892086331,0.201438848920863,0.0863309352517986,0.129496402877698,0.165467625899281,0.117505995203837,0.0695443645083933
"119","knife","frequency","s28",0,0.0540540540540541,0.445945945945946,0,0.209459459459459,0.155405405405405,0,0.135135135135135
"120","knife","frequency","s36",0.0174672489082969,0.148471615720524,0.40174672489083,0.00436681222707424,0.11353711790393,0.0436681222707424,0.0786026200873362,0.192139737991266
"121","knife","frequency","s39",0.107913669064748,0.0575539568345324,0.330935251798561,0.0827338129496403,0.147482014388489,0.0107913669064748,0.226618705035971,0.0359712230215827
"122","knife","frequency","s4",0.003584229390681,0.301075268817204,0.0931899641577061,0.010752688172043,0.028673835125448,0.351254480286738,0.010752688172043,0.200716845878136
"123","knife","frequency","s41",0.0865384615384615,0,0.490384615384615,0,0,0.336538461538462,0,0.0865384615384615
"124","knife","frequency","s42",0.018018018018018,0.00900900900900901,0.882882882882883,0.027027027027027,0.018018018018018,0.018018018018018,0.00900900900900901,0.018018018018018
"125","knife","frequency","s45",0.152777777777778,0.138888888888889,0.25,0.104166666666667,0.0902777777777778,0.0763888888888889,0.0694444444444444,0.118055555555556
"126","knife","frequency","s48",0.120401337792642,0.0267558528428094,0.280936454849498,0.0535117056856187,0.140468227424749,0.207357859531773,0.0702341137123746,0.100334448160535
"127","knife","frequency","s49",0.0325443786982249,0.195266272189349,0.150887573964497,0.0946745562130177,0.106508875739645,0.142011834319527,0.245562130177515,0.0325443786982249
"128","knife","frequency","s50",0.0647482014388489,0.122302158273381,0.0755395683453237,0.241007194244604,0.0935251798561151,0.107913669064748,0.258992805755396,0.0359712230215827
"129","knife","frequency","s51",0.0402684563758389,0.0738255033557047,0.503355704697987,0,0.0604026845637584,0.194630872483221,0,0.12751677852349
"130","knife","frequency","s54",0,0,0.79047619047619,0,0,0,0,0.20952380952381
"131","knife","frequency","s55",0.0774193548387097,0.0516129032258065,0.209677419354839,0.0548387096774194,0.103225806451613,0.154838709677419,0.248387096774194,0.1
"132","knife","frequency","s56",0.255972696245734,0.0102389078498294,0.334470989761092,0.0204778156996587,0.0204778156996587,0.0102389078498294,0.310580204778157,0.037542662116041
"133","knife","frequency","s57",0.074468085106383,0.0319148936170213,0.26063829787234,0.0106382978723404,0.0851063829787234,0.281914893617021,0.0904255319148936,0.164893617021277
"134","knife","frequency","s58",0.1,0.0723404255319149,0.21063829787234,0.127659574468085,0.106382978723404,0.142553191489362,0.051063829787234,0.18936170212766
"135","knife","frequency","s60",0.18,0.012,0.392,0.004,0.012,0.384,0,0.016
"136","knife","frequency","s61",0.140740740740741,0.037037037037037,0.307407407407407,0.12962962962963,0.1,0.0962962962962963,0.0222222222222222,0.166666666666667
"137","knife","frequency","s62",0.108958837772397,0.154963680387409,0.215496368038741,0.154963680387409,0.0871670702179177,0.121065375302663,0.113801452784504,0.0435835351089588
"138","knife","frequency","s63",0.288135593220339,0.279661016949153,0.432203389830508,0,0,0,0,0
"139","knife","frequency","s67",0.120689655172414,0.186781609195402,0.21264367816092,0.0172413793103448,0.117816091954023,0.21551724137931,0.0574712643678161,0.0718390804597701
"140","knife","frequency","s68",0.0613636363636364,0.168181818181818,0.206818181818182,0.0295454545454545,0.118181818181818,0.161363636363636,0.0272727272727273,0.227272727272727
"141","knife","frequency","s69",0.0649350649350649,0.025974025974026,0.376623376623377,0.0606060606060606,0.025974025974026,0.051948051948052,0.294372294372294,0.0995670995670996
"142","knife","frequency","s9",0.125454545454545,0.0927272727272727,0.181818181818182,0.0127272727272727,0.0418181818181818,0.181818181818182,0.181818181818182,0.181818181818182
"143","lightbulb","plausibility","s12",0.251908396946565,0.106870229007634,0.152671755725191,0.0407124681933842,0.0508905852417303,0.0127226463104326,0.137404580152672,0.246819338422392
"144","lightbulb","plausibility","s13",0.253918495297806,0.0940438871473354,0.109717868338558,0.0376175548589342,0.0909090909090909,0.0376175548589342,0.150470219435737,0.225705329153605
"145","lightbulb","plausibility","s16",0.293413173652695,0,0,0,0.146706586826347,0,0.260479041916168,0.29940119760479
"146","lightbulb","plausibility","s18",0.215496368038741,0.193704600484261,0.11864406779661,0.0338983050847458,0.186440677966102,0.0121065375302663,0.11864406779661,0.121065375302663
"147","lightbulb","plausibility","s2",0.240786240786241,0.199017199017199,0.0982800982800983,0.00245700245700246,0.0614250614250614,0.00245700245700246,0.154791154791155,0.240786240786241
"148","lightbulb","plausibility","s21",0.374045801526718,0.122137404580153,0.049618320610687,0.0114503816793893,0,0,0.0725190839694656,0.370229007633588
"149","lightbulb","plausibility","s22",0.203862660944206,0.0493562231759657,0.15450643776824,0.0236051502145923,0.145922746781116,0.141630901287554,0.0944206008583691,0.186695278969957
"150","lightbulb","plausibility","s24",0.293233082706767,0.221804511278195,0,0,0,0,0.161654135338346,0.323308270676692
"151","lightbulb","plausibility","s25",0.174089068825911,0.176113360323887,0.165991902834008,0.00202429149797571,0.161943319838057,0.00809716599190283,0.115384615384615,0.196356275303644
"152","lightbulb","plausibility","s27",0.322463768115942,0.16304347826087,0.126811594202899,0.0326086956521739,0.0507246376811594,0.0652173913043478,0.0652173913043478,0.173913043478261
"153","lightbulb","plausibility","s29",0.253687315634218,0.171091445427729,0.194690265486726,0.00294985250737463,0.117994100294985,0.00589970501474926,0.00589970501474926,0.247787610619469
"154","lightbulb","plausibility","s3",0.245333333333333,0.144,0.08,0.0133333333333333,0.0213333333333333,0.0106666666666667,0.221333333333333,0.264
"155","lightbulb","plausibility","s30",0.223844282238443,0.192214111922141,0.182481751824818,0.0121654501216545,0.128953771289538,0.0048661800486618,0.0267639902676399,0.228710462287105
"156","lightbulb","plausibility","s31",0.176781002638522,0.139841688654354,0.134564643799472,0.0633245382585752,0.079155672823219,0.0844327176781003,0.197889182058047,0.12401055408971
"157","lightbulb","plausibility","s32",0.220873786407767,0.0436893203883495,0.0849514563106796,0.0995145631067961,0.0509708737864078,0.0631067961165049,0.201456310679612,0.235436893203884
"158","lightbulb","plausibility","s33",0.252054794520548,0.224657534246575,0.0438356164383562,0.00821917808219178,0.0931506849315069,0.00547945205479452,0.128767123287671,0.243835616438356
"159","lightbulb","plausibility","s34",0.351063829787234,0.0283687943262411,0.159574468085106,0,0.0319148936170213,0,0.074468085106383,0.354609929078014
"160","lightbulb","plausibility","s35",0.298969072164948,0.0927835051546392,0.106529209621993,0,0.106529209621993,0,0.0515463917525773,0.343642611683849
"161","lightbulb","plausibility","s37",0.221698113207547,0.148584905660377,0.117924528301887,0.0141509433962264,0.132075471698113,0.0212264150943396,0.125,0.219339622641509
"162","lightbulb","plausibility","s38",0.264367816091954,0.103448275862069,0.155172413793103,0.0804597701149425,0.0689655172413793,0.00862068965517241,0.0488505747126437,0.270114942528736
"163","lightbulb","plausibility","s40",0.331081081081081,0.118243243243243,0.0810810810810811,0,0.0709459459459459,0.00337837837837838,0.0641891891891892,0.331081081081081
"164","lightbulb","plausibility","s43",0.241830065359477,0.222222222222222,0.0555555555555556,0.00980392156862745,0.0065359477124183,0.00326797385620915,0.222222222222222,0.238562091503268
"165","lightbulb","plausibility","s44",0.174447174447174,0.125307125307125,0.127764127764128,0.0810810810810811,0.122850122850123,0.0638820638820639,0.0982800982800983,0.206388206388206
"166","lightbulb","plausibility","s46",0.264550264550265,0.0899470899470899,0.158730158730159,0.00264550264550265,0.137566137566138,0.0767195767195767,0.00529100529100529,0.264550264550265
"167","lightbulb","plausibility","s47",0.149700598802395,0.146706586826347,0.149700598802395,0.0508982035928144,0.149700598802395,0.0553892215568862,0.149700598802395,0.148203592814371
"168","lightbulb","plausibility","s5",0.282485875706215,0.124293785310734,0.0734463276836158,0,0.104519774011299,0.00282485875706215,0.129943502824859,0.282485875706215
"169","lightbulb","plausibility","s52",0.452488687782805,0.0361990950226244,0,0,0,0,0.131221719457014,0.380090497737557
"170","lightbulb","plausibility","s53",0.237467018469657,0.0738786279683377,0.108179419525066,0.0184696569920844,0.134564643799472,0.0131926121372032,0.168865435356201,0.245382585751979
"171","lightbulb","plausibility","s59",0.210161662817552,0.106235565819861,0.173210161662818,0.0023094688221709,0.133949191685912,0.0069284064665127,0.143187066974596,0.224018475750577
"172","lightbulb","plausibility","s6",0.25130890052356,0.0890052356020942,0.159685863874346,0.00523560209424084,0.0837696335078534,0.00523560209424084,0.206806282722513,0.198952879581152
"173","lightbulb","plausibility","s64",0.147982062780269,0.154708520179372,0.152466367713004,0.0112107623318386,0.159192825112108,0.147982062780269,0.00896860986547085,0.217488789237668
"174","lightbulb","plausibility","s65",0.222222222222222,0.155038759689922,0.186046511627907,0,0.116279069767442,0,0.0775193798449612,0.242894056847545
"175","lightbulb","plausibility","s66",0.205729166666667,0.0989583333333333,0.1796875,0.0598958333333333,0.0755208333333333,0.0885416666666667,0.0677083333333333,0.223958333333333
"176","lightbulb","plausibility","s7",0.315985130111524,0.0966542750929368,0.0185873605947955,0,0.0185873605947955,0,0.178438661710037,0.371747211895911
"177","lightbulb","plausibility","s70",0.174089068825911,0.119433198380567,0.129554655870445,0,0.129554655870445,0.119433198380567,0.145748987854251,0.182186234817814
"178","lightbulb","plausibility","s8",0.197211155378486,0.179282868525896,0.191235059760956,0.0577689243027888,0.159362549800797,0.0099601593625498,0.0219123505976096,0.183266932270916
"179","lightbulb","frequency","s0",1,0,0,0,0,0,0,0
"180","lightbulb","frequency","s1",0,0,0,0,0,0,0,1
"181","lightbulb","frequency","s10",0.99009900990099,0.0099009900990099,0,0,0,0,0,0
"182","lightbulb","frequency","s11",0.223404255319149,0.290780141843972,0.287234042553192,0.0106382978723404,0.148936170212766,0.0141843971631206,0.00709219858156028,0.0177304964539007
"183","lightbulb","frequency","s14",0.0587084148727984,0.152641878669276,0.166340508806262,0.111545988258317,0.0900195694716243,0.0958904109589041,0.156555772994129,0.168297455968689
"184","lightbulb","frequency","s15",0.328519855595668,0.314079422382672,0.234657039711191,0.0036101083032491,0.075812274368231,0.0433212996389892,0,0
"185","lightbulb","frequency","s17",1,0,0,0,0,0,0,0
"186","lightbulb","frequency","s19",0.305389221556886,0.167664670658683,0,0,0.233532934131737,0,0,0.293413173652695
"187","lightbulb","frequency","s20",0.124378109452736,0.146766169154229,0.159203980099502,0.0970149253731343,0.0845771144278607,0.126865671641791,0.139303482587065,0.121890547263682
"188","lightbulb","frequency","s23",0.702127659574468,0.0212765957446809,0,0.00709219858156028,0.0141843971631206,0.0141843971631206,0.0212765957446809,0.219858156028369
"189","lightbulb","frequency","s26",0.155136268343816,0.115303983228512,0.117400419287212,0.113207547169811,0.0943396226415094,0.115303983228512,0.121593291404612,0.167714884696017
"190","lightbulb","frequency","s28",0.56043956043956,0,0.0989010989010989,0,0,0,0,0.340659340659341
"191","lightbulb","frequency","s36",0.36150234741784,0.00938967136150235,0.0938967136150235,0.00469483568075117,0.028169014084507,0.00938967136150235,0.0938967136150235,0.39906103286385
"192","lightbulb","frequency","s39",0.0702479338842975,0.272727272727273,0.144628099173554,0.00826446280991736,0.380165289256198,0.0371900826446281,0.0413223140495868,0.0454545454545455
"193","lightbulb","frequency","s4",0.68141592920354,0.0176991150442478,0.123893805309735,0.115044247787611,0.0265486725663717,0.00884955752212389,0.0176991150442478,0.00884955752212389
"194","lightbulb","frequency","s41",0.548148148148148,0,0.0814814814814815,0,0.125925925925926,0,0,0.244444444444444
"195","lightbulb","frequency","s42",0.15979381443299,0.0979381443298969,0.177835051546392,0.0902061855670103,0.0592783505154639,0.157216494845361,0.175257731958763,0.0824742268041237
"196","lightbulb","frequency","s45",0.282296650717703,0.100478468899522,0.124401913875598,0.0239234449760766,0.167464114832536,0.0287081339712919,0.0287081339712919,0.244019138755981
"197","lightbulb","frequency","s48",0.337164750957854,0.122605363984674,0.103448275862069,0.0191570881226054,0.053639846743295,0.00383141762452107,0.0306513409961686,0.329501915708812
"198","lightbulb","frequency","s49",0.317829457364341,0.0775193798449612,0.248062015503876,0.166666666666667,0.0348837209302326,0.112403100775194,0.0310077519379845,0.0116279069767442
"199","lightbulb","frequency","s50",0.3046875,0.07421875,0.10546875,0.08984375,0.08984375,0.109375,0.11328125,0.11328125
"200","lightbulb","frequency","s51",0.211267605633803,0.394366197183099,0.105633802816901,0,0.0422535211267606,0,0.0492957746478873,0.197183098591549
"201","lightbulb","frequency","s54",0.512658227848101,0.164556962025316,0,0.00632911392405063,0,0,0,0.316455696202532
"202","lightbulb","frequency","s55",0.646153846153846,0.0153846153846154,0.0769230769230769,0.115384615384615,0.0307692307692308,0.00769230769230769,0.00769230769230769,0.1
"203","lightbulb","frequency","s56",0.385826771653543,0.078740157480315,0.0118110236220472,0.015748031496063,0.102362204724409,0.0078740157480315,0.0118110236220472,0.385826771653543
"204","lightbulb","frequency","s57",0.343195266272189,0.0236686390532544,0.242603550295858,0.0118343195266272,0.0118343195266272,0.00591715976331361,0.0710059171597633,0.289940828402367
"205","lightbulb","frequency","s58",0.309375,0.0625,0.228125,0.003125,0.078125,0.003125,0.00625,0.309375
"206","lightbulb","frequency","s60",0.2,0.002,0.078,0.038,0.2,0.2,0.086,0.196
"207","lightbulb","frequency","s61",0.249146757679181,0.136518771331058,0.150170648464164,0.0819112627986348,0.0546075085324232,0.0750853242320819,0.0580204778156997,0.194539249146758
"208","lightbulb","frequency","s62",0.32046332046332,0.0231660231660232,0.359073359073359,0.0733590733590734,0.123552123552124,0.027027027027027,0.0540540540540541,0.0193050193050193
"209","lightbulb","frequency","s63",0.212903225806452,0.0645161290322581,0.0774193548387097,0.225806451612903,0.219354838709677,0.0645161290322581,0.0645161290322581,0.0709677419354839
"210","lightbulb","frequency","s67",0.318791946308725,0.100671140939597,0.181208053691275,0.0100671140939597,0.023489932885906,0.0134228187919463,0.0402684563758389,0.312080536912752
"211","lightbulb","frequency","s68",0.263852242744063,0.0817941952506596,0.213720316622691,0,0,0,0.176781002638522,0.263852242744063
"212","lightbulb","frequency","s69",0.494845360824742,0,0,0,0.0103092783505155,0.0103092783505155,0,0.484536082474227
"213","lightbulb","frequency","s9",0.16945107398568,0.121718377088305,0.0620525059665871,0,0.16945107398568,0,0.238663484486873,0.238663484486873
"214","painting","plausibility","s12",0.100352112676056,0.153169014084507,0.128521126760563,0.0721830985915493,0.0757042253521127,0.169014084507042,0.14612676056338,0.154929577464789
"215","painting","plausibility","s13",0.0843672456575682,0.166253101736973,0.1712158808933,0.0570719602977667,0.0918114143920596,0.193548387096774,0.0694789081885856,0.166253101736973
"216","painting","plausibility","s16",0.0297619047619048,0.172619047619048,0.198412698412698,0.0138888888888889,0.0952380952380952,0.198412698412698,0.0972222222222222,0.194444444444444
"217","painting","plausibility","s18",0.165966386554622,0.144957983193277,0.138655462184874,0.102941176470588,0.069327731092437,0.186974789915966,0.0945378151260504,0.0966386554621849
"218","painting","plausibility","s2",0.190697674418605,0,0.227906976744186,0.00232558139534884,0.00232558139534884,0.230232558139535,0.118604651162791,0.227906976744186
"219","painting","plausibility","s21",0.146938775510204,0.104081632653061,0.185714285714286,0.0591836734693878,0.0530612244897959,0.202040816326531,0.0469387755102041,0.202040816326531
"220","painting","plausibility","s22",0.0800970873786408,0.114077669902913,0.233009708737864,0.0145631067961165,0.0606796116504854,0.228155339805825,0.0825242718446602,0.186893203883495
"221","painting","plausibility","s24",0.0981735159817352,0.0936073059360731,0.191780821917808,0.123287671232877,0.0730593607305936,0.180365296803653,0.125570776255708,0.114155251141553
"222","painting","plausibility","s25",0.107231920199501,0.0773067331670823,0.0548628428927681,0.084788029925187,0.139650872817955,0.13715710723192,0.187032418952618,0.211970074812968
"223","painting","plausibility","s27",0.116504854368932,0.155339805825243,0.184466019417476,0.0485436893203883,0.0970873786407767,0.131067961165049,0.12378640776699,0.143203883495146
"224","painting","plausibility","s29",0.0972515856236787,0.158562367864693,0.186046511627907,0.025369978858351,0.0528541226215645,0.183932346723044,0.135306553911205,0.160676532769556
"225","painting","plausibility","s3",0.103139013452915,0.145739910313901,0.195067264573991,0.062780269058296,0.0224215246636771,0.201793721973094,0.132286995515695,0.13677130044843
"226","painting","plausibility","s30",0.140926640926641,0.167953667953668,0.187258687258687,0.0308880308880309,0.146718146718147,0.191119691119691,0.0115830115830116,0.123552123552124
"227","painting","plausibility","s31",0.0729166666666667,0.0972222222222222,0.149305555555556,0.107638888888889,0.138888888888889,0.09375,0.128472222222222,0.211805555555556
"228","painting","plausibility","s32",0.113060428849903,0.159844054580897,0.177387914230019,0.0487329434697856,0.0740740740740741,0.159844054580897,0.146198830409357,0.120857699805068
"229","painting","plausibility","s33",0.147582697201018,0.208651399491094,0.0483460559796438,0.104325699745547,0.0737913486005089,0.147582697201018,0.094147582697201,0.175572519083969
"230","painting","plausibility","s34",0.162055335968379,0.185770750988142,0.193675889328063,0.0217391304347826,0.0395256916996047,0.197628458498024,0.075098814229249,0.124505928853755
"231","painting","plausibility","s35",0.103926096997691,0.0577367205542725,0.200923787528868,0.0785219399538106,0.0392609699769053,0.228637413394919,0.0600461893764434,0.23094688221709
"232","painting","plausibility","s37",0.0920810313075506,0.151012891344383,0.152854511970534,0.0386740331491713,0.0902394106813996,0.173112338858195,0.14548802946593,0.156537753222836
"233","painting","plausibility","s38",0.112994350282486,0.16195856873823,0.15819209039548,0.0715630885122411,0.0715630885122411,0.16195856873823,0.129943502824859,0.131826741996234
"234","painting","plausibility","s40",0.184426229508197,0.0840163934426229,0.198770491803279,0.040983606557377,0.0512295081967213,0.165983606557377,0.114754098360656,0.159836065573771
"235","painting","plausibility","s43",0.0132450331125828,0.198675496688742,0.200883002207506,0.022075055187638,0.0132450331125828,0.205298013245033,0.198675496688742,0.147902869757174
"236","painting","plausibility","s44",0.102249488752556,0.155419222903885,0.16359918200409,0.0613496932515337,0.104294478527607,0.165644171779141,0.0940695296523517,0.153374233128834
"237","painting","plausibility","s46",0.134146341463415,0.154471544715447,0.186991869918699,0.0589430894308943,0.0345528455284553,0.193089430894309,0.166666666666667,0.0711382113821138
"238","painting","plausibility","s47",0.17825311942959,0.071301247771836,0.167557932263815,0.071301247771836,0.0784313725490196,0.172905525846702,0.0873440285204991,0.172905525846702
"239","painting","plausibility","s5",0.136986301369863,0.127853881278539,0.194063926940639,0.0639269406392694,0.0319634703196347,0.226027397260274,0.0547945205479452,0.164383561643836
"240","painting","plausibility","s52",0.032051282051282,0.177350427350427,0.102564102564103,0.0662393162393162,0.164529914529915,0.19017094017094,0.10042735042735,0.166666666666667
"241","painting","plausibility","s53",0.123076923076923,0.173626373626374,0.18021978021978,0.0505494505494506,0.0549450549450549,0.149450549450549,0.0901098901098901,0.178021978021978
